id,time,y2,popPred_medianCOV,popPred,indivPred_SAEM,indWRes_SAEM
1,0,0,0,0,0,0
1,1,164.206,97.0115,97.0115,147.404,0.631211
1,2,323.989,187.16,187.16,315.758,0.144348
1,5,516.556,234.002,234.002,405.599,1.51487
1,7,346.529,189.616,189.616,315.736,0.540053
1,24,13.8433,11.2953,11.2953,14.618,-0.293493
1,48,0.174139,0.167372,0.167372,0.165808,0.278241
1,72,0.00163904,0.00247229,0.00247229,0.00191281,-0.792547
1,96,1.78004e-5,3.64514e-5,3.64514e-5,2.21915e-5,-1.09573
1,97,36.3147,15.0647,15.0647,32.9926,0.557595
1,98,103.798,48.7045,48.7045,102.524,0.068796
1,101,313.254,159.087,159.087,300.896,0.227426
1,103,289.98,160.367,160.367,276.819,0.263278
1,120,14.0887,12.5745,12.5745,14.8211,-0.273632
1,144,0.155631,0.189125,0.189125,0.171936,-0.525109
1,168,0.00179256,0.00281147,0.00281147,0.00199436,-0.560312
1,192,3.25812e-5,4.16696e-5,4.16696e-5,2.29821e-5,2.31292
1,193,35.421,18.9584,18.9584,39.8298,-0.61296
1,194,136.391,61.3139,61.3139,123.898,0.558338
1,197,390.452,203.655,203.655,367.262,0.349645
1,199,388.549,207.356,207.356,341.882,0.75588
1,216,18.0037,16.6534,16.6534,18.6484,-0.191449
1,240,0.212225,0.250726,0.250726,0.216336,-0.105211
1,264,0.00231489,0.00372526,0.00372526,0.00250921,-0.428845
1,288,2.42435e-5,5.52624e-5,5.52624e-5,2.89362e-5,-0.898056
1,289,33.5249,14.128,14.128,28.7035,0.930165
1,290,103.072,45.7612,45.7612,89.4778,0.841323
1,293,295.857,154.645,154.645,272.029,0.485046
1,295,301.407,159.279,159.279,255.984,0.982602
1,312,14.8031,13.1549,13.1549,14.1544,0.253785
1,336,0.13484,0.200223,0.200223,0.164804,-1.00682
1,360,0.00160457,0.0030056,0.0030056,0.00191697,-0.902429
1,384,1.73418e-5,4.50265e-5,4.50265e-5,2.37991e-5,-1.50246
1,385,24.0691,12.2425,12.2425,24.3556,-0.0651328
1,386,73.2125,39.671,39.671,75.9685,-0.200892
1,389,236.037,133.957,133.957,231.254,0.114556
1,391,201.757,138.545,138.545,218.115,-0.415296
1,408,12.233,11.6057,11.6057,12.258,-0.0112818
1,432,0.124084,0.175047,0.175047,0.142226,-0.706355
1,456,0.0017213,0.00260081,0.00260081,0.00164848,0.244621
1,480,2.88461e-5,3.84596e-5,3.84596e-5,1.89492e-5,2.89219
1,481,24.6126,11.1558,11.1558,21.8369,0.70386
1,482,72.3939,36.1566,36.1566,68.1315,0.346432
1,485,245.944,122.944,122.944,207.633,1.02174
1,487,186.538,127.242,127.242,196.793,-0.28856
1,504,10.3435,10.6769,10.6769,10.9807,-0.321329
1,528,0.136691,0.158853,0.158853,0.125222,0.507151
1,552,0.00123168,0.00231453,0.00231453,0.00142184,-0.740627
1,576,1.93653e-5,3.39497e-5,3.39497e-5,1.62716e-5,1.05284
1,577,19.9127,10.4222,10.4222,20.133,-0.0606159
1,578,62.0139,33.7827,33.7827,62.8257,-0.0715576
1,581,188.378,114.65,114.65,191.924,-0.102312
1,583,192.641,118.853,118.853,182.081,0.321172
1,600,9.83626,10.018,10.018,10.2195,-0.207649
1,624,0.10481,0.151482,0.151482,0.118644,-0.645688
1,648,0.00137995,0.00224877,0.00224877,0.00137693,0.0121742
2,0,0,0,0,0,0
2,1,117.671,97.0115,97.0115,106.801,0.563622
2,2,213.079,187.16,187.16,200.171,0.357093
2,5,255.758,234.002,234.002,242.354,0.306283
2,7,181.559,189.616,189.616,193.342,-0.337487
2,24,11.7658,11.2953,11.2953,10.7273,0.536087
2,48,0.132718,0.167372,0.167372,0.151872,-0.69841
2,72,0.00187345,0.00247229,0.00247229,0.00214703,-0.705616
2,96,3.54372e-5,3.64514e-5,3.64514e-5,3.03403e-5,0.930273
2,97,15.3354,15.0647,15.0647,16.7572,-0.469843
2,98,55.1228,48.7045,48.7045,53.4145,0.177096
2,101,156.615,159.087,159.087,168.002,-0.375321
2,103,166.899,160.367,160.367,164.062,0.0957474
2,120,13.2138,12.5745,12.5745,11.3307,0.920339
2,144,0.18285,0.189125,0.189125,0.163193,0.667022
2,168,0.00211553,0.00281147,0.00281147,0.00233963,-0.530433
2,192,2.76278e-5,4.16696e-5,4.16696e-5,3.35266e-5,-0.9743
2,193,27.267,18.9584,18.9584,21.2484,1.56849
2,194,72.177,61.3139,61.3139,67.7618,0.36082
2,197,221.892,203.655,203.655,215.928,0.152946
2,199,209.017,207.356,207.356,212.998,-0.103497
2,216,15.8305,16.6534,16.6534,14.9665,0.3197
2,240,0.206928,0.250726,0.250726,0.210598,-0.0965176
2,264,0.00303902,0.00372526,0.00372526,0.0029354,0.195479
2,288,5.82019e-5,5.52624e-5,5.52624e-5,4.1053e-5,2.31317
2,289,14.4969,14.128,14.128,15.872,-0.479759
2,290,57.3313,45.7612,45.7612,50.7,0.724285
2,293,189.723,154.645,154.645,163.927,0.87139
2,295,160.329,159.279,159.279,163.583,-0.110173
2,312,10.6554,13.1549,13.1549,11.7494,-0.515612
2,336,0.181207,0.200223,0.200223,0.165026,0.542971
2,360,0.00234984,0.0030056,0.0030056,0.00233435,0.0367575
2,384,2.75481e-5,4.50265e-5,4.50265e-5,3.31097e-5,-0.93017
2,385,14.7726,12.2425,12.2425,13.7662,0.404832
2,386,43.0011,39.671,39.671,43.9935,-0.124921
2,389,140.525,133.957,133.957,143.24,-0.104985
2,391,129.654,138.545,138.545,143.404,-0.530965
2,408,12.8436,11.6057,11.6057,10.3966,1.30338
2,432,0.147092,0.175047,0.175047,0.147605,-0.0192606
2,456,0.00177043,0.00260081,0.00260081,0.00208925,-0.845031
2,480,3.49521e-5,3.84596e-5,3.84596e-5,2.94829e-5,1.02723
2,481,13.9446,11.1558,11.1558,12.5433,0.618624
2,482,38.0652,36.1566,36.1566,40.0943,-0.280234
2,485,95.3867,122.944,122.944,131.369,-1.51676
2,487,126.717,127.242,127.242,131.635,-0.206875
2,504,10.6649,10.6769,10.6769,9.60058,0.613881
2,528,0.140218,0.158853,0.158853,0.138419,0.0719788
2,552,0.00193782,0.00231453,0.00231453,0.00198449,-0.13025
2,576,3.12258e-5,3.39497e-5,3.39497e-5,2.84296e-5,0.54465
2,577,11.2723,10.4222,10.4222,11.7184,-0.210832
2,578,44.1152,33.7827,33.7827,37.4623,0.983401
2,581,126.365,114.65,114.65,123.588,0.124436
2,583,136.761,118.853,118.853,123.728,0.583339
2,600,10.528,10.018,10.018,9.02922,0.919162
2,624,0.136405,0.151482,0.151482,0.129214,0.308182
2,648,0.00168709,0.00224877,0.00224877,0.00183993,-0.459996
3,0,0,0,0,0,0
3,1,127.611,97.0115,97.0115,116.406,0.533012
3,2,268.205,187.16,187.16,263.843,0.0915469
3,5,373.007,234.002,234.002,380.05,-0.102632
3,7,339.381,189.616,189.616,324.678,0.25077
3,24,28.935,11.2953,11.2953,24.9833,0.875899
3,48,0.414267,0.167372,0.167372,0.421165,-0.090695
3,72,0.00650186,0.00247229,0.00247229,0.00649491,0.00592469
3,96,8.49685e-5,3.64514e-5,3.64514e-5,9.80817e-5,-0.740356
3,97,22.0043,15.0647,15.0647,20.0094,0.552092
3,98,78.4911,48.7045,48.7045,67.3243,0.918496
3,101,287.121,159.087,159.087,246.51,0.912281
3,103,299.788,160.367,160.367,273.416,0.534122
3,120,29.4994,12.5745,12.5745,35.3408,-0.915287
3,144,0.71052,0.189125,0.189125,0.6568,0.452923
3,168,0.0110045,0.00281147,0.00281147,0.0102905,0.384261
3,192,0.000179296,4.16696e-5,4.16696e-5,0.000154974,0.869082
3,193,25.1713,18.9584,18.9584,23.7671,0.327172
3,194,74.8273,61.3139,61.3139,79.9733,-0.356323
3,197,318.566,203.655,203.655,296.498,0.412163
3,199,324.731,207.356,207.356,333.617,-0.147491
3,216,39.3795,16.6534,16.6534,45.7923,-0.775488
3,240,0.854714,0.250726,0.250726,0.871244,-0.105063
3,264,0.0157094,0.00372526,0.00372526,0.013797,0.767556
3,288,0.000200311,5.52624e-5,5.52624e-5,0.000210259,-0.262003
3,289,19.4536,14.128,14.128,17.3239,0.680769
3,290,65.7362,45.7612,45.7612,58.3594,0.69996
3,293,221.636,154.645,154.645,219.628,0.0506253
3,295,243.423,159.279,159.279,250.079,-0.147392
3,312,35.2509,13.1549,13.1549,36.4318,-0.179495
3,336,0.772551,0.200223,0.200223,0.704873,0.531689
3,360,0.010055,0.0030056,0.0030056,0.0111775,-0.556107
3,384,0.000172806,4.50265e-5,4.50265e-5,0.000170116,0.0875728
3,385,15.0965,12.2425,12.2425,14.8519,0.0911768
3,386,39.8541,39.671,39.671,50.048,-1.1279
3,389,163.888,133.957,133.957,189.115,-0.738681
3,391,238.002,138.545,138.545,216.074,0.561969
3,408,32.175,11.6057,11.6057,32.0461,0.0222747
3,432,0.689007,0.175047,0.175047,0.619306,0.623233
3,456,0.0118747,0.00260081,0.00260081,0.00978159,1.18493
3,480,0.000169036,3.84596e-5,3.84596e-5,0.000147748,0.797838
3,481,15.01,11.1558,11.1558,13.4314,0.650833
3,482,48.3676,36.1566,36.1566,45.2677,0.379198
3,485,169.487,122.944,122.944,171.457,-0.0636415
3,487,229.077,127.242,127.242,196.105,0.931057
3,504,31.8575,10.6769,10.6769,29.3472,0.473672
3,528,0.517609,0.158853,0.158853,0.571951,-0.526134
3,552,0.00904814,0.00231453,0.00231453,0.00904266,0.00335541
3,576,0.000114832,3.39497e-5,3.39497e-5,0.000138072,-0.932073
3,577,12.8022,10.4222,10.4222,12.479,0.143445
3,578,32.063,33.7827,33.7827,42.0616,-1.31635
3,581,181.803,114.65,114.65,158.885,0.798758
3,583,172.449,118.853,118.853,182.243,-0.297574
3,600,26.94,10.018,10.018,27.4752,-0.107872
3,624,0.540889,0.151482,0.151482,0.534585,0.0652949
3,648,0.0091547,0.00224877,0.00224877,0.00835628,0.529099
4,0,0,0,0,0,0
4,1,149.731,97.0115,97.0115,153.042,-0.119829
4,2,388.537,187.16,187.16,369.717,0.281878
4,5,698.742,234.002,234.002,564.93,1.31165
4,7,513.967,189.616,189.616,485.796,0.321122
4,24,47.2316,11.2953,11.2953,41.4873,0.766713
4,48,0.951989,0.167372,0.167372,0.936863,0.0894029
4,72,0.0216185,0.00247229,0.00247229,0.0209636,0.173001
4,96,0.000500757,3.64514e-5,3.64514e-5,0.000468545,0.380698
4,97,27.7158,15.0647,15.0647,30.184,-0.452822
4,98,122.305,48.7045,48.7045,100.245,1.21855
4,101,379.625,159.087,159.087,354.379,0.394487
4,103,402.766,160.367,160.367,382.153,0.298701
4,120,43.7107,12.5745,12.5745,46.5145,-0.333804
4,144,1.1627,0.189125,0.189125,1.0906,0.366065
4,168,0.0273417,0.00281147,0.00281147,0.0245258,0.635785
4,192,0.000614917,4.16696e-5,4.16696e-5,0.000551008,0.642281
4,193,33.1885,18.9584,18.9584,36.4844,-0.500256
4,194,127.674,61.3139,61.3139,121.169,0.297296
4,197,445.584,203.655,203.655,433.746,0.151122
4,199,525.784,207.356,207.356,473.343,0.613498
4,216,70.9417,16.6534,16.6534,59.5489,1.05944
4,240,1.33804,0.250726,0.250726,1.37946,-0.166275
4,264,0.0332684,0.00372526,0.00372526,0.0307814,0.447425
4,288,0.000608721,5.52624e-5,5.52624e-5,0.000688468,-0.641429
4,289,49.765,27.1613,27.1613,50.6928,-0.101343
4,290,203.321,87.6945,87.6945,168.018,1.1635
4,293,602.032,290.359,290.359,601.167,0.00796188
4,295,551.77,297.712,297.712,658.427,-0.897016
4,312,86.4173,24.1537,24.1537,84.2776,0.140595
4,336,2.0433,0.36396,0.36396,1.96569,0.218635
4,360,0.037605,0.00539096,0.00539096,0.0436391,-0.765696
4,384,0.00118357,7.99353e-5,7.99353e-5,0.000969868,1.22014
4,385,41.5349,21.4643,21.4643,38.7628,0.396017
4,386,127.965,69.382,69.382,128.6,-0.0273546
4,389,423.711,233.74,233.74,464.948,-0.491137
4,391,479.555,241.511,241.511,514.441,-0.37552
4,408,75.4795,20.1119,20.1119,67.8735,0.620545
4,432,1.5345,0.303369,0.303369,1.58705,-0.183348
4,456,0.0406607,0.00451094,0.00451094,0.0355592,0.794442
4,480,0.000664551,6.71296e-5,6.71296e-5,0.000795068,-0.90904
4,481,34.7826,19.0596,19.0596,33.7336,0.172212
4,482,96.253,61.6307,61.6307,111.948,-0.776344
4,485,397.831,207.174,207.174,407.062,-0.125578
4,487,516.725,214.955,214.955,451.425,0.801017
4,504,59.573,17.9908,17.9908,60.3102,-0.0676886
4,528,1.52759,0.269608,0.269608,1.42658,0.392055
4,552,0.0334902,0.0039701,0.0039701,0.032116,0.236938
4,576,0.000700194,5.84476e-5,5.84476e-5,0.000722508,-0.171023
4,577,30.7095,17.6497,17.6497,30.753,-0.00782699
4,578,108.589,57.0809,57.0809,102.071,0.353632
4,581,411.136,192.65,192.65,370.936,0.600131
4,583,403.086,199.844,199.844,412.28,-0.12349
4,600,57.0962,16.8464,16.8464,55.537,0.155468
4,624,1.08157,0.252692,0.252692,1.32259,-1.00915
4,648,0.0283505,0.00373292,0.00373292,0.0297434,-0.259331
5,0,0,0,0,0,0
5,1,114.819,97.0115,97.0115,100.451,0.79206
5,2,171.769,187.16,187.16,185.337,-0.405373
5,5,275.921,234.002,234.002,222.067,1.34292
5,7,195.141,189.616,189.616,176.971,0.568535
5,24,8.6039,11.2953,11.2953,9.13986,-0.324722
5,48,0.0950274,0.167372,0.167372,0.111323,-0.810581
5,72,0.000959819,0.00247229,0.00247229,0.00134492,-1.5856
5,96,1.66835e-5,3.64514e-5,3.64514e-5,1.62652e-5,0.142393
5,97,15.94,15.0647,15.0647,15.3817,0.20099
5,98,39.7696,48.7045,48.7045,49.4538,-1.08438
5,101,170.264,159.087,159.087,158.377,0.415639
5,103,140.124,160.367,160.367,157.009,-0.595517
5,120,10.6711,12.5745,12.5745,10.5685,0.0537546
5,144,0.107564,0.189125,0.189125,0.126595,-0.832442
5,168,0.00133659,0.00281147,0.00281147,0.00150755,-0.627983
5,192,2.24879e-5,4.16696e-5,4.16696e-5,1.80722e-5,1.35301
5,193,24.7577,18.9584,18.9584,19.3307,1.55464
5,194,67.9145,61.3139,61.3139,62.1842,0.510295
5,197,181.143,203.655,203.655,203.048,-0.597405
5,199,219.723,207.356,207.356,203.355,0.445738
5,216,15.9362,16.6534,16.6534,14.1115,0.716008
5,240,0.154059,0.250726,0.250726,0.171488,-0.562829
5,264,0.00175736,0.00372526,0.00372526,0.00205213,-0.79544
5,288,2.16244e-5,5.52624e-5,5.52624e-5,2.42298e-5,-0.59545
5,289,31.9413,27.1613,27.1613,27.8129,0.821966
5,290,102.651,87.6945,87.6945,89.3251,0.826097
5,293,304.65,290.359,290.359,291.722,0.2454
5,295,288.789,297.712,297.712,293.589,-0.0905382
5,312,17.7604,24.1537,24.1537,20.6077,-0.765102
5,336,0.213516,0.36396,0.36396,0.247467,-0.759716
5,360,0.00257362,0.00539096,0.00539096,0.00292112,-0.658754
5,384,3.62014e-5,7.99353e-5,7.99353e-5,3.46208e-5,0.252812
5,385,25.1139,21.4643,21.4643,22.1074,0.753097
5,386,66.5503,69.382,69.382,71.0888,-0.353532
5,389,270.629,233.74,233.74,234.975,0.840258
5,391,228.771,241.511,241.511,239.149,-0.240308
5,408,17.4012,20.1119,20.1119,17.2364,0.052958
5,432,0.199746,0.303369,0.303369,0.209645,-0.26147
5,456,0.00215323,0.00451094,0.00451094,0.00251298,-0.792732
5,480,4.98716e-5,6.71296e-5,6.71296e-5,3.00428e-5,3.65488
5,481,21.4389,19.0596,19.0596,19.7104,0.485624
5,482,64.7558,61.6307,61.6307,63.4046,0.118015
5,485,251.308,207.174,207.174,211.654,1.03748
5,487,218.415,214.955,214.955,215.733,0.0688228
5,504,13.7655,17.9908,17.9908,15.616,-0.656231
5,528,0.176677,0.269608,0.269608,0.190165,-0.392781
5,552,0.00175204,0.0039701,0.0039701,0.00228083,-1.28384
5,576,2.75163e-5,5.84476e-5,5.84476e-5,2.72271e-5,0.0588166
5,577,22.932,17.6497,17.6497,18.3001,1.40158
5,578,65.8834,57.0809,57.0809,58.8783,0.658829
5,581,216.364,192.65,192.65,195.269,0.598237
5,583,203.408,199.844,199.844,199.801,0.0999622
5,600,16.2995,16.8464,16.8464,14.5305,0.67417
5,624,0.163106,0.252692,0.252692,0.17556,-0.392848
5,648,0.00202088,0.00373292,0.00373292,0.00208982,-0.182696
6,0,0,0,0,0,0
6,1,107.784,97.0115,97.0115,100.908,0.37734
6,2,244.981,187.16,187.16,267.951,-0.474717
6,5,402.882,234.002,234.002,443.469,-0.506807
6,7,395.779,189.616,189.616,359.709,0.555282
6,24,17.5811,11.2953,11.2953,18.0922,-0.156452
6,48,0.164377,0.167372,0.167372,0.221119,-1.421
6,72,0.00195686,0.00247229,0.00247229,0.0026924,-1.51282
6,96,2.35585e-5,3.64514e-5,3.64514e-5,3.27225e-5,-1.5508
6,97,36.3187,15.0647,15.0647,37.3069,-0.146672
6,98,137.299,48.7045,48.7045,117.976,0.907013
6,101,380.019,159.087,159.087,359.074,0.323001
6,103,438.737,160.367,160.367,341.219,1.5826
6,120,21.2284,12.5745,12.5745,20.2621,0.264092
6,144,0.250661,0.189125,0.189125,0.242894,0.177076
6,168,0.00269839,0.00281147,0.00281147,0.00290477,-0.393445
6,192,2.70495e-5,4.16696e-5,4.16696e-5,3.46243e-5,-1.21146
6,193,45.0161,18.9584,18.9584,41.7368,0.435093
6,194,159.815,61.3139,61.3139,132.179,1.15778
6,197,438.295,203.655,203.655,409.747,0.38581
6,199,389.637,207.356,207.356,395.992,-0.0888701
6,216,24.9596,16.6534,16.6534,24.2469,0.162756
6,240,0.259859,0.250726,0.250726,0.29268,-0.620987
6,264,0.00304376,0.00372526,0.00372526,0.00352192,-0.75182
6,288,3.72276e-5,5.52624e-5,5.52624e-5,4.22134e-5,-0.654036
6,289,65.8241,27.1613,27.1613,55.821,0.992322
6,290,184.05,87.6945,87.6945,176.529,0.235912
6,293,560.908,290.359,290.359,555.203,0.0569026
6,295,639.618,297.712,297.712,537.29,1.05464
6,312,33.1613,24.1537,24.1537,32.9267,0.0394507
6,336,0.331849,0.36396,0.36396,0.392947,-0.861009
6,360,0.00384121,0.00539096,0.00539096,0.00464989,-0.963063
6,384,0.000121055,7.99353e-5,7.99353e-5,5.52298e-5,6.5999
6,385,40.3947,21.4643,21.4643,40.958,-0.0761558
6,386,113.376,69.382,69.382,129.734,-0.698223
6,389,468.996,233.74,233.74,410.15,0.794502
6,391,346.255,241.511,241.511,402.658,-0.775674
6,408,26.2501,20.1119,20.1119,25.3795,0.189961
6,432,0.224814,0.303369,0.303369,0.307206,-1.48516
6,456,0.00241219,0.00451094,0.00451094,0.00368645,-1.91411
6,480,3.10551e-5,6.71296e-5,6.71296e-5,4.41894e-5,-1.64591
6,481,37.603,19.0596,19.0596,34.7867,0.448305
6,482,127.778,61.6307,61.6307,110.242,0.880884
6,485,397.385,207.174,207.174,352.578,0.703732
6,487,301.165,214.955,214.955,346.752,-0.728015
6,504,22.3957,17.9908,17.9908,22.0838,0.0782204
6,528,0.235721,0.269608,0.269608,0.266798,-0.645019
6,552,0.00265282,0.0039701,0.0039701,0.00321028,-0.961585
6,576,2.46562e-5,5.84476e-5,5.84476e-5,3.84747e-5,-1.98886
6,577,28.6407,17.6497,17.6497,31.1062,-0.438909
6,578,115.706,57.0809,57.0809,98.603,0.960514
6,581,329.593,192.65,192.65,315.764,0.242509
6,583,342.824,199.844,199.844,311.052,0.565629
6,600,19.0271,16.8464,16.8464,19.8301,-0.224246
6,624,0.205191,0.252692,0.252692,0.23797,-0.762757
6,648,0.00176008,0.00373292,0.00373292,0.00284362,-2.11003
7,0,0,0,0,0,0
7,1,88.1488,97.0115,97.0115,80.1742,0.550797
7,2,178.137,187.16,187.16,168.633,0.312088
7,5,192.485,234.002,234.002,224.093,-0.781063
7,7,209.462,189.616,189.616,184.497,0.749308
7,24,10.6403,11.2953,11.2953,10.9713,-0.167101
7,48,0.139139,0.167372,0.167372,0.143984,-0.186364
7,72,0.00176743,0.00247229,0.00247229,0.00183815,-0.213049
7,96,2.14143e-5,3.64514e-5,3.64514e-5,2.32946e-5,-0.446994
7,97,13.6272,15.0647,15.0647,13.6988,-0.0289083
7,98,47.9425,48.7045,48.7045,45.0593,0.354326
7,101,151.559,159.087,159.087,153.95,-0.086005
7,103,164.727,160.367,160.367,160.917,0.131115
7,120,13.157,12.5745,12.5745,14.0519,-0.352664
7,144,0.18792,0.189125,0.189125,0.190155,-0.0650715
7,168,0.00280352,0.00281147,0.00281147,0.00241188,0.899196
7,192,2.77046e-5,4.16696e-5,4.16696e-5,3.03166e-5,-0.477097
7,193,19.8305,18.9584,18.9584,16.5755,1.08741
7,194,57.1378,61.3139,61.3139,54.5418,0.26357
7,197,189.522,203.655,203.655,188.977,0.0159689
7,199,179.613,207.356,207.356,200.252,-0.570737
7,216,16.8777,16.6534,16.6534,18.2909,-0.427849
7,240,0.245333,0.250726,0.250726,0.246171,-0.0188553
7,264,0.00311152,0.00372526,0.00372526,0.00310931,0.00394255
7,288,3.79774e-5,5.52624e-5,5.52624e-5,3.90435e-5,-0.151208
7,289,31.3714,33.5038,33.5038,28.8099,0.49234
7,290,107.407,108.004,108.004,94.4661,0.758581
7,293,322.902,355.491,355.491,325.536,-0.0448155
7,295,329.748,362.906,362.906,346.056,-0.260957
7,312,29.1486,29.4586,29.4586,31.865,-0.472068
7,336,0.478521,0.443687,0.443687,0.429667,0.629636
7,360,0.0055135,0.00659053,0.00659053,0.00542394,0.0914445
7,384,8.69128e-5,9.77378e-5,9.77378e-5,6.80577e-5,1.53415
7,385,24.4061,25.5301,25.5301,21.5879,0.722905
7,386,67.3897,82.43,82.43,70.89,-0.273422
7,389,264.404,276.077,276.077,249.682,0.326507
7,391,280.836,285.486,285.486,268.137,0.262266
7,408,20.6963,23.8251,23.8251,25.8768,-1.10861
7,432,0.389683,0.359296,0.359296,0.355863,0.52627
7,456,0.00407862,0.00534083,0.00534083,0.00456655,-0.591681
7,480,6.18413e-5,7.93581e-5,7.93581e-5,5.82817e-5,0.338212
7,481,21.7835,22.5538,22.5538,18.8991,0.845126
7,482,53.3259,72.8496,72.8496,62.0837,-0.781154
7,485,239.769,245.117,245.117,218.085,0.550594
7,487,294.753,254.2,254.2,235.684,1.38786
7,504,23.3929,21.2933,21.2933,23.0576,0.0805196
7,528,0.293259,0.319404,0.319404,0.315663,-0.393019
7,552,0.00374864,0.00471995,0.00471995,0.00401207,-0.363596
7,576,5.41746e-5,6.98463e-5,6.98463e-5,5.06637e-5,0.383746
7,577,18.7243,20.8676,20.8676,17.3805,0.428125
7,578,60.699,67.4156,67.4156,57.1045,0.348562
7,581,197.072,228.677,228.677,201.311,-0.116598
7,583,262.087,237.012,237.012,217.763,1.12715
7,600,22.255,19.9346,19.9346,21.4392,0.210718
7,624,0.282689,0.298688,0.298688,0.29406,-0.21412
7,648,0.00373367,0.00441129,0.00441129,0.00373632,-0.00394077
8,0,0,0,0,0,0
8,1,66.2772,97.0115,97.0115,60.6212,0.516653
8,2,124.948,187.16,187.16,121.628,0.151161
8,5,158.794,234.002,234.002,148.373,0.38892
8,7,120.053,189.616,189.616,114.329,0.277249
8,24,4.92484,11.2953,11.2953,4.88348,0.0468953
8,48,0.0445782,0.167372,0.167372,0.0501027,-0.610593
8,72,0.00046587,0.00247229,0.00247229,0.000513103,-0.509762
8,96,5.95144e-6,3.64514e-5,3.64514e-5,5.16147e-6,0.84753
8,97,13.1351,15.0647,15.0647,12.1365,0.455644
8,98,39.2719,48.7045,48.7045,37.7204,0.227781
8,101,118.122,159.087,159.087,110.063,0.405473
8,103,104.994,160.367,160.367,101.099,0.213332
8,120,5.03415,12.5745,12.5745,5.01298,0.0233917
8,144,0.0483201,0.189125,0.189125,0.0509274,-0.2835
8,168,0.000489801,0.00281147,0.00281147,0.000516667,-0.287939
8,192,6.30394e-6,4.16696e-5,4.16696e-5,5.30784e-6,1.03921
8,193,15.3796,18.9584,18.9584,14.8405,0.201168
8,194,48.315,61.3139,61.3139,46.1726,0.256935
8,197,140.727,203.655,203.655,136.473,0.172614
8,199,127.355,207.356,207.356,126.789,0.0247428
8,216,6.3558,16.6534,16.6534,6.4405,-0.0728212
8,240,0.0614521,0.250726,0.250726,0.0658123,-0.366869
8,264,0.000564827,0.00372526,0.00372526,0.000672097,-0.883823
8,288,6.89022e-6,5.52624e-5,5.52624e-5,6.73923e-6,0.124074
8,289,22.634,33.5038,33.5038,25.6119,-0.643841
8,290,94.9919,108.004,108.004,79.4533,1.08298
8,293,178.73,355.491,355.491,235.869,-1.34147
8,295,284.685,362.906,362.906,219.179,1.65499
8,312,10.0661,29.4586,29.4586,11.0574,-0.496432
8,336,0.124347,0.443687,0.443687,0.112435,0.586689
8,360,0.00102709,0.00659053,0.00659053,0.00114131,-0.554178
8,384,1.52377e-5,9.77378e-5,9.77378e-5,1.19247e-5,1.53849
8,385,18.5561,25.5301,25.5301,18.8522,-0.086971
8,386,67.8614,82.43,82.43,58.616,0.87343
8,389,143.931,276.077,276.077,176.9,-1.03205
8,391,167.674,285.486,285.486,166.592,0.0359882
8,408,8.31748,23.8251,23.8251,8.5618,-0.15802
8,432,0.10009,0.359296,0.359296,0.0872595,0.814232
8,456,0.000832229,0.00534083,0.00534083,0.000891999,-0.371059
8,480,7.11318e-6,7.93581e-5,7.93581e-5,8.97469e-6,-1.14859
8,481,19.0122,22.5538,22.5538,16.345,0.903614
8,482,52.2143,72.8496,72.8496,50.85,0.148562
8,485,143.214,245.117,245.117,155.312,-0.431358
8,487,156.214,254.2,254.2,146.475,0.368185
8,504,8.43434,21.2933,21.2933,7.63842,0.57701
8,528,0.0854111,0.319404,0.319404,0.0785621,0.482766
8,552,0.000797073,0.00471995,0.00471995,0.000806651,-0.0657469
8,576,8.25361e-6,6.98463e-5,6.98463e-5,8.18139e-6,0.0488786
8,577,14.0885,20.8676,20.8676,14.9086,-0.304636
8,578,50.4999,67.4156,67.4156,46.3935,0.490138
8,581,138.294,228.677,228.677,140.739,-0.0961741
8,583,139.85,237.012,237.012,133.433,0.266328
8,600,6.51152,19.9346,19.9346,6.96014,-0.356929
8,624,0.075289,0.298688,0.298688,0.0706375,0.364649
8,648,0.000667678,0.00441129,0.00441129,0.000716944,-0.380527
9,0,0,0,0,0,0
9,1,198.302,97.0115,97.0115,173.405,0.795038
9,2,451.63,187.16,187.16,424.036,0.360356
9,5,727.632,234.002,234.002,640.144,0.756807
9,7,491.015,189.616,189.616,523.172,-0.340368
9,24,40.3573,11.2953,11.2953,40.2656,0.0126033
9,48,1.05619,0.167372,0.167372,0.996266,0.333066
9,72,0.0306842,0.00247229,0.00247229,0.024612,1.36623
9,96,0.000661305,3.64514e-5,3.64514e-5,0.000608442,0.481118
9,97,49.8639,15.0647,15.0647,47.8549,0.232464
9,98,155.442,48.7045,48.7045,148.525,0.257899
9,101,498.678,159.087,159.087,445.47,0.661421
9,103,426.736,160.367,160.367,417.086,0.128123
9,120,35.2717,12.5745,12.5745,35.4636,-0.0299582
9,144,0.850554,0.189125,0.189125,0.878285,-0.174848
9,168,0.0163746,0.00281147,0.00281147,0.0217623,-1.37093
9,192,0.000581854,4.16696e-5,4.16696e-5,0.000539353,0.436354
9,193,64.6317,18.9584,18.9584,57.9524,0.638235
9,194,163.39,61.3139,61.3139,179.98,-0.510418
9,197,614.245,203.655,203.655,538.224,0.782147
9,199,493.672,207.356,207.356,510.55,-0.183067
9,216,44.438,16.6534,16.6534,43.9082,0.0668073
9,240,1.15899,0.250726,0.250726,1.10163,0.288322
9,264,0.0293502,0.00372526,0.00372526,0.0276338,0.343954
9,288,0.000592675,5.52624e-5,5.52624e-5,0.00069008,-0.78163
9,289,92.9791,33.5038,33.5038,98.1126,-0.289738
9,290,301.262,108.004,108.004,303.833,-0.0468635
9,293,974.982,355.491,355.491,904.937,0.428622
9,295,791.327,362.906,362.906,859.591,-0.439762
9,312,66.6053,29.4586,29.4586,73.8379,-0.542413
9,336,1.8096,0.443687,0.443687,1.82875,-0.0579742
9,360,0.041188,0.00659053,0.00659053,0.0452959,-0.502213
10,0,0,0,0,0,0
10,1,229.309,305.582,305.582,226.568,0.0669836
10,2,301.438,468.114,468.114,314.167,-0.224363
10,5,317.998,524.761,524.761,347.485,-0.469897
10,7,265.162,424.373,424.373,286.029,-0.403982
10,24,17.716,25.6191,25.6191,15.9868,0.598968
10,48,0.120615,0.383801,0.383801,0.148954,-1.05353
10,72,0.00116197,0.00570738,0.00570738,0.00120141,-0.181815
10,96,1.00805e-5,8.45379e-5,8.45379e-5,9.93025e-6,0.0837764
10,97,11.948,15.7303,15.7303,12.3193,-0.16693
10,98,44.3235,50.9287,50.9287,40.8898,0.465024
10,101,170.18,170.532,170.532,146.555,0.892688
10,103,159.55,175.266,175.266,159.304,0.00853223
10,120,19.884,14.3422,14.3422,15.3038,1.65732
10,144,0.179198,0.216247,0.216247,0.158849,0.709365
10,168,0.001453,0.00319924,0.00319924,0.0013237,0.540918
10,192,1.07927e-5,4.78798e-5,4.78798e-5,1.04851e-5,0.162492
10,193,26.0188,30.8445,30.8445,24.2985,0.392067
10,194,83.3582,99.4923,99.4923,80.3384,0.208151
10,197,295.754,331.252,331.252,287.185,0.165224
10,199,310.963,339.504,339.504,312.244,-0.0227029
10,216,30.3899,27.7777,27.7777,30.2258,0.0300642
10,240,0.331002,0.420382,0.420382,0.317582,0.234006
10,264,0.00235632,0.00623877,0.00623877,0.0026685,-0.647833
10,288,2.09797e-5,9.23292e-5,9.23292e-5,2.24917e-5,-0.372252
10,289,43.8989,47.3574,47.3574,39.1172,0.676913
10,290,119.441,152.013,152.013,128.619,-0.39515
10,293,471.836,502.008,502.008,460.56,0.135582
10,295,547.183,517.797,517.797,502.162,0.496462
10,312,55.7112,42.7929,42.7929,50.3663,0.587649
10,336,0.49922,0.635634,0.635634,0.5361,-0.38094
10,360,0.00474388,0.00923856,0.00923856,0.00451851,0.276193
10,384,4.11438e-5,0.000135124,0.000135124,3.59099e-5,0.807095
10,385,32.8334,39.5473,39.5473,34.7334,-0.302931
10,386,109.558,127.06,127.06,114.278,-0.228724
10,389,428.231,426.023,426.023,409.392,0.25483
10,391,520.966,442.074,442.074,450.712,0.863156
10,408,45.7319,37.122,37.122,46.4064,-0.0804938
10,432,0.486963,0.560916,0.560916,0.497048,-0.112364
10,456,0.00438557,0.00828661,0.00828661,0.00415671,0.304889
10,480,3.28486e-5,0.000122414,0.000122414,3.27358e-5,0.0190841
10,481,40.9897,36.1351,36.1351,32.9536,1.3504
10,482,104.366,116.13,116.13,108.441,-0.20809
10,485,350.637,392.068,392.068,388.294,-0.537035
10,487,403.608,406.473,406.473,428.586,-0.322728
10,504,46.001,34.4611,34.4611,44.3541,0.205613
10,528,0.589173,0.515309,0.515309,0.476087,1.31535
10,552,0.00421472,0.00755619,0.00755619,0.00399625,0.302719
10,576,2.95812e-5,0.000110992,0.000110992,3.15172e-5,-0.340159
10,577,33.9235,34.1205,34.1205,31.9513,0.341812
10,578,109.749,109.671,109.671,105.15,0.24217
10,581,365.105,367.274,367.274,376.375,-0.165819
10,583,441.871,382.201,382.201,415.915,0.345586
10,600,47.5088,32.6087,32.6087,43.4914,0.511521
10,624,0.525769,0.493211,0.493211,0.465015,0.723471
10,648,0.00358583,0.00732147,0.00732147,0.00389143,-0.434861
11,0,0,0,0,0,0
11,1,451.69,305.582,305.582,413.504,0.511382
11,2,792.854,468.114,468.114,779.169,0.0972592
11,5,863.858,524.761,524.761,927.621,-0.380645
11,7,854.646,424.373,424.373,728.367,0.960059
11,24,32.3755,25.6191,25.6191,38.7598,-0.912116
11,48,0.537389,0.383801,0.383801,0.54149,-0.041937
11,72,0.00772217,0.00570738,0.00570738,0.00760055,0.0886109
12,0,0,0,0,0,0
12,1,378.223,305.582,305.582,349.097,0.462018
12,2,608.705,468.114,468.114,594.313,0.134095
12,5,649.995,524.761,524.761,680.452,-0.247865
12,7,560.978,424.373,424.373,539.953,0.215627
12,24,28.7993,25.6191,25.6191,27.1652,0.333105
12,48,0.332012,0.383801,0.383801,0.313348,0.329828
12,72,0.00386226,0.00570738,0.00570738,0.00360299,0.398487
12,96,4.02291e-5,8.45379e-5,8.45379e-5,4.14832e-5,-0.16741
12,97,21.4618,15.7303,15.7303,20.5508,0.245482
12,98,74.3529,50.9287,50.9287,66.0024,0.700609
12,101,195.538,170.532,170.532,216.924,-0.545922
12,103,196.617,175.266,175.266,217.049,-0.521283
12,120,16.7952,14.3422,14.3422,14.6034,0.831098
12,144,0.203429,0.216247,0.216247,0.172018,1.0112
12,168,0.00213716,0.00319924,0.00319924,0.00200482,0.365537
12,192,3.01152e-5,4.78798e-5,4.78798e-5,2.33785e-5,1.59567
12,193,38.6785,30.8445,30.8445,39.2559,-0.0814437
12,194,105.303,99.4923,99.4923,125.594,-0.894645
12,197,363.574,331.252,331.252,406.099,-0.579872
12,199,425.704,339.504,339.504,406.323,0.264125
12,216,35.3279,27.7777,27.7777,27.1747,1.66143
12,240,0.335803,0.420382,0.420382,0.320441,0.265474
12,264,0.00382346,0.00623877,0.00623877,0.00374544,0.115353
12,288,3.65729e-5,9.23292e-5,9.23292e-5,4.35944e-5,-0.891903
12,289,53.0244,47.3574,47.3574,57.9994,-0.474991
12,290,170.857,152.013,152.013,184.674,-0.414327
12,293,553.434,502.008,502.008,594.35,-0.381214
12,295,567.978,517.797,517.797,597.754,-0.275844
12,312,43.8939,42.7929,42.7929,40.6672,0.439373
12,336,0.447993,0.635634,0.635634,0.478119,-0.348918
12,360,0.00485963,0.00923856,0.00923856,0.00555215,-0.690703
12,384,6.7131e-5,0.000135124,0.000135124,6.45148e-5,0.224564
12,385,45.0943,39.5473,39.5473,46.4029,-0.156165
12,386,129.127,127.06,127.06,147.918,-0.703478
12,389,528.966,426.023,426.023,481.186,0.549856
12,391,433.14,442.074,442.074,487.747,-0.619975
12,408,42.5326,37.122,37.122,34.0726,1.37494
12,432,0.480632,0.560916,0.560916,0.400261,1.11192
12,456,0.00488456,0.00828661,0.00828661,0.00463067,0.303621
12,480,5.46383e-5,0.000122414,0.000122414,5.36121e-5,0.105996
12,481,45.4573,36.1351,36.1351,41.3134,0.555432
12,482,137.565,116.13,116.13,131.742,0.244794
12,485,440.099,392.068,392.068,429.879,0.131655
12,487,535.999,406.473,406.473,437.672,1.24407
12,504,35.4032,34.4611,34.4611,30.7461,0.838765
12,528,0.309781,0.515309,0.515309,0.361593,-0.793462
12,552,0.00409098,0.00755619,0.00755619,0.0042014,-0.145535
12,576,5.16153e-5,0.000110992,0.000110992,4.87483e-5,0.32568
12,577,34.4012,34.1205,34.1205,38.2707,-0.559904
12,578,128.938,109.671,109.671,122.061,0.311988
12,581,326.132,367.274,367.274,400.037,-1.02304
12,583,338.73,382.201,382.201,407.454,-0.933997
12,600,27.5451,32.6087,32.6087,28.5293,-0.191035
12,624,0.345869,0.493211,0.493211,0.336684,0.151079
12,648,0.00443047,0.00732147,0.00732147,0.00392051,0.72029
13,0,0,0,0,0,0
13,1,423.91,305.582,305.582,345.71,1.25259
13,2,522.465,468.114,468.114,612.193,-0.811629
13,5,749.806,524.761,524.761,715.458,0.265845
13,7,524.38,424.373,424.373,567.845,-0.42387
13,24,25.7096,25.6191,25.6191,23.9276,0.412409
13,48,0.13622,0.383801,0.383801,0.160339,-0.832981
13,72,0.000789867,0.00570738,0.00570738,0.000975875,-1.05549
13,96,8.3479e-6,8.45379e-5,8.45379e-5,5.70086e-6,2.57122
13,97,23.0865,15.7303,15.7303,21.3115,0.461206
13,98,67.3161,50.9287,50.9287,70.0415,-0.215471
13,101,261.974,170.532,170.532,242.8,0.437283
13,103,250.069,175.266,175.266,255.474,-0.117142
13,120,20.0177,14.3422,14.3422,18.8945,0.329184
13,144,0.129939,0.216247,0.216247,0.145178,-0.581259
13,168,0.000824437,0.00319924,0.00319924,0.000911939,-0.531334
13,192,7.28778e-6,4.78798e-5,4.78798e-5,5.09996e-6,2.37554
13,193,38.9004,30.8445,30.8445,39.1906,-0.0409962
13,194,126.211,99.4923,99.4923,128.268,-0.0888069
13,197,441.994,331.252,331.252,439.947,0.0257666
13,199,467.036,339.504,339.504,462.37,0.055882
13,216,30.5393,27.7777,27.7777,34.1109,-0.579804
13,240,0.193087,0.420382,0.420382,0.261416,-1.44741
13,264,0.00138332,0.00623877,0.00623877,0.00164816,-0.889821
13,288,1.22674e-5,9.23292e-5,9.23292e-5,9.88419e-6,1.33518
13,289,53.1342,47.3574,47.3574,56.5334,-0.332954
13,290,217.443,152.013,152.013,184.026,1.00556
13,293,665.643,502.008,502.008,629.948,0.313773
13,295,594.873,517.797,517.797,665.344,-0.586516
13,312,40.6371,42.7929,42.7929,50.4906,-1.08069
13,336,0.419297,0.635634,0.635634,0.390404,0.409812
13,360,0.00191025,0.00923856,0.00923856,0.00245581,-1.23018
13,384,1.11344e-5,0.000135124,0.000135124,1.44645e-5,-1.27488
13,385,45.8062,39.5473,39.5473,44.7415,0.131767
13,386,160.992,127.06,127.06,145.798,0.577087
13,389,502.741,426.023,426.023,502.236,0.00557199
13,391,596.766,442.074,442.074,537.306,0.612808
13,408,46.681,37.122,37.122,42.5829,0.532926
13,432,0.307754,0.560916,0.560916,0.330043,-0.373972
13,456,0.00198853,0.00828661,0.00828661,0.00206745,-0.211404
13,480,1.29137e-5,0.000122414,0.000122414,1.23456e-5,0.254844
13,481,40.9801,36.1351,36.1351,39.6688,0.183048
13,482,153.354,116.13,116.13,129.311,1.02963
13,485,532.505,392.068,392.068,449.269,1.02595
13,487,575.016,406.473,406.473,481.599,1.07413
13,504,41.1211,34.4611,34.4611,38.5996,0.361734
13,528,0.287647,0.515309,0.515309,0.301436,-0.253302
13,552,0.00202218,0.00755619,0.00755619,0.00188938,0.389218
13,576,1.14999e-5,0.000110992,0.000110992,1.1053e-5,0.223854
13,577,44.9526,34.1205,34.1205,36.6554,1.25347
13,578,114.99,109.671,109.671,119.507,-0.209314
13,581,498.132,367.274,367.274,419.034,1.04528
13,583,471.878,382.201,382.201,447.938,0.295958
13,600,36.7455,32.6087,32.6087,36.3256,0.0640143
13,624,0.221508,0.493211,0.493211,0.285368,-1.2392
13,648,0.00149102,0.00732147,0.00732147,0.00180396,-0.960642
14,0,0,0,0,0,0
14,1,139.822,305.582,305.582,153.942,-0.507937
14,2,206.259,468.114,468.114,208.185,-0.0512086
14,5,224.217,524.761,524.761,240.666,-0.378482
14,7,218.274,424.373,424.373,205.637,0.340297
14,24,17.8769,25.6191,25.6191,18.314,-0.132147
14,48,0.547389,0.383801,0.383801,0.444436,1.28277
14,72,0.0105221,0.00570738,0.00570738,0.010703,-0.0936198
14,96,0.000292078,8.45379e-5,8.45379e-5,0.000251832,0.884977
14,97,9.07,15.7303,15.7303,8.88745,0.113744
14,98,32.2874,50.9287,50.9287,29.1832,0.589039
14,101,111.317,170.532,170.532,102.818,0.457779
14,103,120.568,175.266,175.266,110.155,0.523445
14,120,13.9052,14.3422,14.3422,13.1486,0.318659
14,144,0.384669,0.216247,0.216247,0.33088,0.900201
14,168,0.0106108,0.00319924,0.00319924,0.00819315,1.63403
14,192,0.000208341,4.78798e-5,4.78798e-5,0.000203034,0.144736
14,193,15.587,30.8445,30.8445,18.5777,-0.891444
14,194,59.856,99.4923,99.4923,60.7926,-0.0853182
14,197,199.44,331.252,331.252,211.844,-0.324241
14,199,241.058,339.504,339.504,227.807,0.322095
14,216,30.041,27.7777,27.7777,27.2709,0.562492
14,240,0.674266,0.420382,0.420382,0.690585,-0.130855
14,264,0.0166658,0.00623877,0.00623877,0.0172448,-0.185922
14,288,0.000428858,9.23292e-5,9.23292e-5,0.000429836,-0.0125936
14,289,34.9441,47.3574,47.3574,31.5678,0.592267
14,290,94.0552,152.013,152.013,102.788,-0.470477
14,293,342.191,502.008,502.008,357.872,-0.242642
14,295,356,517.797,517.797,386.274,-0.434001
14,312,58.1756,42.7929,42.7929,46.8652,1.33642
14,336,1.21064,0.635634,0.635634,1.18012,0.143202
14,360,0.0251266,0.00923856,0.00923856,0.0292474,-0.780201
14,384,0.000795207,0.000135124,0.000135124,0.000725298,0.533748
14,385,34.2772,39.5473,39.5473,29.1583,0.972142
14,386,98.3734,127.06,127.06,94.9841,0.197596
14,389,321.258,426.023,426.023,331.355,-0.168742
14,391,306.895,442.074,442.074,358.793,-0.800996
14,408,48.2462,37.122,37.122,43.9218,0.545211
14,432,0.921433,0.560916,0.560916,1.0964,-0.883701
14,456,0.0316047,0.00828661,0.00828661,0.0270302,0.937156
14,480,0.000609457,0.000122414,0.000122414,0.000666109,-0.470959
14,481,24.8054,36.1351,36.1351,28.1921,-0.66522
14,482,94.2571,116.13,116.13,91.8473,0.145292
14,485,339.407,392.068,392.068,320.808,0.321046
14,487,340.258,406.473,406.473,347.713,-0.118725
14,504,47.5858,34.4611,34.4611,42.6899,0.635075
14,528,1.05415,0.515309,0.515309,1.0664,-0.0635747
14,552,0.0280011,0.00755619,0.00755619,0.0262895,0.360522
14,576,0.000573972,0.000110992,0.000110992,0.000647832,-0.631342
14,577,32.0094,34.1205,34.1205,27.6557,0.871754
14,578,101.484,109.671,109.671,90.104,0.699369
14,581,326.181,367.274,367.274,314.831,0.199628
14,583,388.765,382.201,382.201,341.409,0.768098
14,600,39.072,32.6087,32.6087,41.9736,-0.3828
14,624,1.14742,0.493211,0.493211,1.04797,0.525499
14,648,0.0234954,0.00732147,0.00732147,0.0255238,-0.440057
15,0,0,0,0,0,0
15,1,99.591,305.582,305.582,105.354,-0.30292
15,2,123.208,468.114,468.114,140.968,-0.69764
15,5,142.675,524.761,524.761,181.114,-1.17527
15,7,160,424.373,424.373,166.614,-0.219843
15,24,23.6303,25.6191,25.6191,20.0977,0.973347
15,48,0.502572,0.383801,0.383801,0.466733,0.425211
15,72,0.00873085,0.00570738,0.00570738,0.00867122,0.0380856
15,96,0.000149822,8.45379e-5,8.45379e-5,0.000148304,0.0567001
15,97,10.0669,15.7303,15.7303,8.52536,1.0013
15,98,34.8945,50.9287,50.9287,29.0733,1.10875
15,101,141.558,170.532,170.532,113.507,1.36853
15,103,134.195,175.266,175.266,134.098,0.00398267
15,120,23.8401,14.3422,14.3422,26.287,-0.515471
15,144,0.785392,0.216247,0.216247,0.683275,0.827601
15,168,0.0156457,0.00319924,0.00319924,0.0130795,1.08647
15,192,0.000267488,4.78798e-5,4.78798e-5,0.000227564,0.971513
15,193,20.8234,30.8445,30.8445,18.5223,0.687941
15,194,70.7812,99.4923,99.4923,62.9194,0.691927
15,197,255.334,331.252,331.252,244.936,0.235093
15,199,284.627,339.504,339.504,289.888,-0.100493
15,216,52.638,27.7777,27.7777,58.0743,-0.518365
15,240,1.33507,0.420382,0.420382,1.52739,-0.697275
15,264,0.0269011,0.00623877,0.00623877,0.029664,-0.515757
15,288,0.000592498,9.23292e-5,9.23292e-5,0.000518464,0.790731
15,289,32.5715,47.3574,47.3574,33.4893,-0.151757
15,290,125.158,152.013,152.013,113.066,0.592207
15,293,451.667,502.008,502.008,435.682,0.203179
15,295,516.381,517.797,517.797,517.905,-0.0162954
15,312,93.6788,42.7929,42.7929,106.522,-0.667635
15,336,2.66964,0.635634,0.635634,2.82378,-0.302273
15,360,0.0475382,0.00923856,0.00923856,0.0550562,-0.756165
15,384,0.000951037,0.000135124,0.000135124,0.000963669,-0.072587
15,385,40.1684,39.5473,39.5473,32.5512,1.29583
15,386,121.291,127.06,127.06,109.913,0.573242
15,389,394.286,426.023,426.023,424.683,-0.396356
15,391,476.946,442.074,442.074,505.48,-0.312591
15,408,91.4689,37.122,37.122,104.642,-0.697096
15,432,3.15585,0.560916,0.560916,2.78362,0.740493
15,456,0.0622286,0.00828661,0.00828661,0.0542871,0.810077
15,480,0.00100478,0.000122414,0.000122414,0.000949272,0.323797
15,481,38.3163,36.1351,36.1351,32.2197,1.04783
15,482,99.5647,116.13,116.13,108.796,-0.469872
15,485,478.726,392.068,392.068,420.559,0.765892
15,487,471.363,406.473,406.473,500.76,-0.325082
15,504,89.7587,34.4611,34.4611,103.895,-0.753444
15,528,2.66737,0.515309,0.515309,2.7507,-0.167765
15,552,0.0562717,0.00755619,0.00755619,0.0534536,0.291941
15,576,0.000862917,0.000110992,0.000110992,0.000928082,-0.388815
15,577,35.4038,34.1205,34.1205,32.0485,0.579745
15,578,114.514,109.671,109.671,108.22,0.322068
15,581,455.517,367.274,367.274,418.298,0.492723
15,583,474.173,382.201,382.201,498.147,-0.2665
15,600,84.4715,32.6087,32.6087,103.439,-1.01541
15,624,2.36102,0.493211,0.493211,2.75479,-0.791538
15,648,0.0485371,0.00732147,0.00732147,0.0538442,-0.545807
16,0,0,0,0,0,0
16,1,565.967,469.855,469.855,514.544,0.553422
16,2,681.612,674.867,674.867,768.792,-0.627946
16,5,875.056,742.474,742.474,805.05,0.481543
16,7,727.517,602.123,602.123,623.327,0.925606
16,24,44.5924,36.5679,36.5679,38.9562,0.801183
16,48,0.745628,0.548405,0.548405,0.745713,-0.000627974
16,72,0.013756,0.00818294,0.00818294,0.0142842,-0.204792
16,96,0.000277319,0.000122117,0.000122117,0.000273733,0.0725548
16,97,35.723,29.9663,29.9663,35.5559,0.0260137
16,98,108.991,96.6773,96.6773,106.78,0.114668
16,101,325.941,321.261,321.261,299.529,0.488282
16,103,262.159,329.552,329.552,268.518,-0.13113
16,120,19.3465,27.052,27.052,18.2237,0.341203
16,144,0.294992,0.40784,0.40784,0.353149,-0.911932
16,168,0.00618646,0.00606439,0.00606439,0.00683504,-0.525463
16,192,0.000115188,9.01471e-5,9.01471e-5,0.00013224,-0.71406
16,193,47.6727,46.8117,46.8117,55.8202,-0.808263
16,194,185.769,150.273,150.273,167.004,0.622212
16,197,485.31,496.602,496.602,463.819,0.256593
16,199,359.702,512.528,512.528,416.897,-0.759715
16,216,27.9803,42.4185,42.4185,28.2319,-0.0493462
16,240,0.518221,0.630361,0.630361,0.538232,-0.205881
16,264,0.0108408,0.00916657,0.00916657,0.0103222,0.278235
16,288,0.000218544,0.00013412,0.00013412,0.000197827,0.579891
16,289,78.8167,57.3798,57.3798,66.7321,1.0028
16,290,176.836,183.393,183.393,199.064,-0.618342
16,293,507.897,608.957,608.957,553.171,-0.453216
16,295,601.565,631.269,631.269,499.517,1.13128
16,312,39.6613,53.1605,53.1605,33.9374,0.933953
16,336,0.612105,0.795611,0.795611,0.656188,-0.372014
16,360,0.0141269,0.0117543,0.0117543,0.0125973,0.672389
16,384,0.000215089,0.000173444,0.000173444,0.00024124,-0.600302
16,385,62.5591,51.0373,51.0373,57.3908,0.498681
16,386,180.096,163.201,163.201,171.329,0.283364
16,389,551.196,541.883,541.883,481,0.808134
16,391,479.058,564.561,564.561,435.591,0.552594
16,408,36.3534,48.0928,48.0928,29.7149,1.23711
16,432,0.508117,0.721341,0.721341,0.566527,-0.570935
16,456,0.0134264,0.0106547,0.0106547,0.0108035,1.34441
16,480,0.000226929,0.000157143,0.000157143,0.000206602,0.54484
16,481,45.8677,47.8397,47.8397,52.4367,-0.693719
16,482,173.615,153.005,153.005,156.588,0.60214
16,485,399.937,508.718,508.718,442.442,-0.53199
16,487,368.416,531.4,531.4,400.613,-0.445043
16,504,25.8384,45.5383,45.5383,27.4309,-0.321472
16,528,0.447503,0.693601,0.693601,0.53312,-0.889315
16,552,0.0112046,0.0103965,0.0103965,0.0103486,0.458088
16,576,0.000219369,0.000155801,0.000155801,0.000200512,0.520777
16,577,52.1751,45.8434,45.8434,49.2474,0.329204
16,578,161.82,146.634,146.634,147.089,0.554617
16,581,456.77,487.947,487.947,416.372,0.537271
16,583,330.122,510.196,510.196,377.706,-0.697633
16,600,30.1009,43.7047,43.7047,25.7982,0.923566
16,624,0.58548,0.653374,0.653374,0.490722,1.0693
16,648,0.00932084,0.00965566,0.00965566,0.00932477,-0.00233249
17,0,0,0,0,0,0
17,1,1009.76,469.855,469.855,1099.85,-0.453584
17,2,3000.17,674.867,674.867,2771.04,0.457888
17,5,4200.42,742.474,742.474,4276.91,-0.0990359
17,7,4120.74,602.123,602.123,3526.66,0.932819
17,24,161.389,36.5679,36.5679,178.269,-0.524319
17,48,1.99743,0.548405,0.548405,1.78284,0.666533
17,72,0.0159715,0.00818294,0.00818294,0.0173342,-0.435314
18,0,0,0,0,0,0
18,1,437.992,469.855,469.855,399.59,0.532187
18,2,575.055,674.867,674.867,599.376,-0.224701
18,5,842.962,742.474,742.474,765.493,0.560408
18,7,643.035,602.123,602.123,707.613,-0.505371
18,24,124.856,36.5679,36.5679,126.493,-0.0716424
18,48,6.77514,0.548405,0.548405,6.71729,0.0476883
18,72,0.270324,0.00818294,0.00818294,0.309157,-0.695579
18,96,0.0142654,0.000122117,0.000122117,0.0134543,0.333839
18,97,18.3921,29.9663,29.9663,19.7906,-0.391309
18,98,70.8587,96.6773,96.6773,68.7778,0.167539
18,101,287.857,321.261,321.261,286.316,0.0298083
18,103,361.668,329.552,329.552,360.57,0.0168566
18,120,117.871,27.052,27.052,129.488,-0.496776
18,144,8.853,0.40784,0.40784,8.21807,0.427834
18,168,0.452193,0.00606439,0.00606439,0.398174,0.751272
18,192,0.0217514,9.01471e-5,9.01471e-5,0.0175992,1.30647
18,193,35.9072,46.8117,46.8117,31.7199,0.73101
18,194,117.787,150.273,150.273,109.544,0.416687
18,197,451.388,496.602,496.602,450.8,0.00722381
18,199,467.386,512.528,512.528,569.776,-0.995111
18,216,218.606,42.4185,42.4185,211.174,0.194865
18,240,16.7712,0.630361,0.630361,13.5994,1.2915
18,264,0.672821,0.00916657,0.00916657,0.664513,0.0692289
18,288,0.0280842,0.00013412,0.00013412,0.0294458,-0.256066
18,289,42.3645,57.3798,57.3798,40.6655,0.231366
18,290,142.769,183.393,183.393,139.584,0.126354
18,293,652.819,608.957,608.957,569.199,0.813516
18,295,673.166,631.269,631.269,721.872,-0.373625
18,312,322.561,53.1605,53.1605,276.17,0.930184
18,336,17.6825,0.795611,0.795611,18.0751,-0.120269
18,360,0.824472,0.0117543,0.0117543,0.886912,-0.389853
18,384,0.0428414,0.000173444,0.000173444,0.0395601,0.45932
18,385,38.821,51.0373,51.0373,37.6773,0.168102
18,386,152.133,163.201,163.201,129.319,0.976941
18,389,543.218,541.883,541.883,528.124,0.158271
18,391,677.16,564.561,564.561,670.95,0.0512558
18,408,234.743,48.0928,48.0928,260.364,-0.544923
18,432,17.7392,0.721341,0.721341,17.1793,0.180456
18,456,0.841921,0.0106547,0.0106547,0.843457,-0.0100812
18,480,0.0381506,0.000157143,0.000157143,0.0375893,0.082689
18,481,37.4867,47.8397,47.8397,36.2309,0.191946
18,482,137.672,153.005,153.005,124.362,0.592689
18,485,459.18,508.718,508.718,508.274,-0.534877
18,487,665.199,531.4,531.4,646.115,0.163564
18,504,273.252,45.5383,45.5383,251.713,0.473857
18,528,14.2219,0.693601,0.693601,16.6538,-0.808639
18,552,0.802305,0.0103965,0.0103965,0.819732,-0.117731
18,576,0.0375687,0.000155801,0.000155801,0.0365161,0.159613
18,577,37.1563,45.8434,45.8434,35.3597,0.281366
18,578,133.34,146.634,146.634,121.375,0.545916
18,581,525.52,487.947,487.947,496.243,0.326701
18,583,622.541,510.196,510.196,631.008,-0.0743005
18,600,235.012,43.7047,43.7047,246.585,-0.259903
18,624,17.9866,0.653374,0.653374,16.3226,0.5645
18,648,0.822373,0.00965566,0.00965566,0.80361,0.129296
19,0,0,0,0,0,0
19,1,103.712,469.855,469.855,137.014,-1.34595
19,2,187.83,674.867,674.867,177.319,0.328264
19,5,178.863,742.474,742.474,206.715,-0.746112
19,7,146.237,602.123,602.123,172.42,-0.840896
19,24,11.2896,36.5679,36.5679,10.0133,0.705837
19,48,0.129578,0.548405,0.548405,0.134267,-0.193385
19,72,0.00169862,0.00818294,0.00818294,0.00178713,-0.274279
19,96,2.42352e-5,0.000122117,0.000122117,2.35928e-5,0.150779
19,97,20.8279,29.9663,29.9663,15.8915,1.72011
19,98,49.9292,96.6773,96.6773,50.7124,-0.0855198
19,101,149.844,321.261,321.261,164.259,-0.485934
19,103,218.111,329.552,329.552,164.825,1.79024
19,120,12.3938,27.052,27.052,11.7172,0.319765
19,144,0.150818,0.40784,0.40784,0.155647,-0.171775
19,168,0.00200519,0.00606439,0.00606439,0.0020511,-0.123972
19,192,2.58178e-5,9.01471e-5,9.01471e-5,2.70375e-5,-0.249811
19,193,30.2091,46.8117,46.8117,27.4679,0.552615
19,194,75.3333,150.273,150.273,87.2647,-0.75713
19,197,315.496,496.602,496.602,283.77,0.619101
19,199,273.904,512.528,512.528,286.294,-0.239662
19,216,21.5969,42.4185,42.4185,20.548,0.282665
19,240,0.291811,0.630361,0.630361,0.273481,0.371146
19,264,0.0033792,0.00916657,0.00916657,0.00360967,-0.35357
19,288,4.94393e-5,0.00013412,0.00013412,4.75901e-5,0.215169
19,289,41.9698,57.3798,57.3798,37.7372,0.621092
19,290,126.68,183.393,183.393,119.366,0.339314
19,293,379.676,608.957,608.957,385.134,-0.078474
19,295,409.971,631.269,631.269,391.168,0.266182
19,312,25.9043,53.1605,53.1605,28.3506,-0.477813
19,336,0.316553,0.795611,0.795611,0.371858,-0.823578
19,360,0.00551307,0.0117543,0.0117543,0.00484504,0.763511
19,384,6.4244e-5,0.000173444,0.000173444,6.30296e-5,0.106694
19,385,29.8896,51.0373,51.0373,36.6258,-1.01846
19,386,121.574,163.201,163.201,115.876,0.272296
19,389,327.767,541.883,541.883,375.656,-0.705942
19,391,471.797,564.561,564.561,381.761,1.30601
19,408,26.7286,48.0928,48.0928,27.7377,-0.201453
19,432,0.37862,0.721341,0.721341,0.362942,0.2392
19,456,0.00534559,0.0106547,0.0106547,0.00470219,0.757705
19,480,5.66733e-5,0.000157143,0.000157143,6.10576e-5,-0.397636
19,481,43.1703,47.8397,47.8397,36.1302,1.07901
19,482,133.899,153.005,153.005,114.315,0.948663
19,485,398.739,508.718,508.718,371.042,0.413373
19,487,396.484,531.4,531.4,377.178,0.283436
19,504,23.2239,45.5383,45.5383,27.4298,-0.849092
19,528,0.381611,0.693601,0.693601,0.359011,0.348595
19,552,0.00478261,0.0103965,0.0103965,0.00465241,0.154977
19,576,7.21844e-5,0.000155801,0.000155801,6.04205e-5,1.07816
19,577,36.9296,45.8434,45.8434,35.847,0.167231
19,578,107.407,146.634,146.634,113.422,-0.29366
19,581,366.415,487.947,487.947,368.385,-0.0296232
19,583,359.407,510.196,510.196,374.513,-0.223355
19,600,26.8728,43.7047,43.7047,27.2863,-0.083919
19,624,0.380331,0.653374,0.653374,0.356517,0.369884
19,648,0.0051606,0.00965566,0.00965566,0.00460247,0.671517
20,0,0,0,0,0,0
20,1,256.797,469.855,469.855,279.216,-0.444639
20,2,328.644,674.867,674.867,378.419,-0.728378
20,5,394.864,742.474,742.474,399.771,-0.0679712
20,7,298.859,602.123,602.123,316.999,-0.316879
20,24,13.5337,36.5679,36.5679,16.3261,-0.947162
20,48,0.156825,0.548405,0.548405,0.204566,-1.29234
20,72,0.00272805,0.00818294,0.00818294,0.00255225,0.381419
20,96,2.77503e-5,0.000122117,0.000122117,3.19188e-5,-0.723188
20,97,18.9418,29.9663,29.9663,19.8086,-0.24232
20,98,69.8621,96.6773,96.6773,62.6581,0.636666
20,101,215.692,321.261,321.261,197.387,0.513537
20,103,200.684,329.552,329.552,193.399,0.208584
20,120,10.7575,27.052,27.052,12.3922,-0.730481
20,144,0.147067,0.40784,0.40784,0.154866,-0.278887
20,168,0.00210551,0.00606439,0.00606439,0.00193026,0.502743
20,192,2.81944e-5,9.01471e-5,9.01471e-5,2.41148e-5,0.936816
20,193,40.0315,46.8117,46.8117,31.5283,1.49347
20,194,103.067,150.273,150.273,99.279,0.211296
20,197,318.174,496.602,496.602,316.341,0.0320873
20,199,259.573,512.528,512.528,309.568,-0.894302
20,216,20.8284,42.4185,42.4185,20.0807,0.206193
20,240,0.217126,0.630361,0.630361,0.253009,-0.785364
20,264,0.00323622,0.00916657,0.00916657,0.00316966,0.11629
20,288,4.26887e-5,0.00013412,0.00013412,3.95024e-5,0.446664
20,289,39.5871,57.3798,57.3798,39.5065,0.0113022
20,290,145.516,183.393,183.393,123.907,0.965696
20,293,408.594,608.957,608.957,388.796,0.281977
20,295,388.775,631.269,631.269,385.243,0.0507652
20,312,26.6471,53.1605,53.1605,25.2679,0.302252
20,336,0.349745,0.795611,0.795611,0.315677,0.597618
20,360,0.00442061,0.0117543,0.0117543,0.00393698,0.680242
20,384,5.69393e-5,0.000173444,0.000173444,4.89222e-5,0.907473
20,385,43.0676,51.0373,51.0373,35.8419,1.11638
20,386,148.34,163.201,163.201,112.471,1.76601
20,389,357.598,541.883,541.883,355.252,0.0365723
20,391,401.099,564.561,564.561,353.26,0.749906
20,408,28.0131,48.0928,48.0928,23.3464,1.1069
20,432,0.338304,0.721341,0.721341,0.290835,0.903809
20,456,0.00369562,0.0106547,0.0106547,0.00360232,0.14343
20,480,5.3124e-5,0.000157143,0.000157143,4.4754e-5,1.03566
20,481,42.8665,47.8397,47.8397,34.0105,1.44193
20,482,121.753,153.005,153.005,106.745,0.77857
20,485,344.717,508.718,508.718,339.061,0.0923645
20,487,410.859,531.4,531.4,337.022,1.21321
20,504,23.7341,45.5383,45.5383,22.2359,0.373097
20,528,0.300748,0.693601,0.693601,0.277679,0.460052
20,552,0.00420584,0.0103965,0.0103965,0.00346188,1.19001
20,576,4.59489e-5,0.000155801,0.000155801,4.325e-5,0.345557
20,577,29.8862,45.8434,45.8434,32.8791,-0.50407
20,578,118.863,146.634,146.634,103.203,0.840256
20,581,348.685,487.947,487.947,326.689,0.372833
20,583,351.068,510.196,510.196,325.491,0.435138
20,600,30.9686,43.7047,43.7047,21.5468,2.4214
20,624,0.303918,0.653374,0.653374,0.270468,0.684856
20,648,0.00433797,0.00965566,0.00965566,0.00339382,1.54052
21,0,0,0,0,0,0
21,1,312.541,469.855,469.855,310.777,0.031418
21,2,448.112,674.867,674.867,435.91,0.154997
21,5,556.841,742.474,742.474,508.571,0.525579
21,7,393.761,602.123,602.123,437.998,-0.559282
21,24,43.1942,36.5679,36.5679,37.882,0.776538
21,48,0.699555,0.548405,0.548405,0.665302,0.285105
21,72,0.00938613,0.00818294,0.00818294,0.00983055,-0.250344
21,96,0.000115728,0.000122117,0.000122117,0.000136444,-0.840772
21,97,21.2806,29.9663,29.9663,19.4561,0.519286
21,98,69.528,96.6773,96.6773,65.587,0.332748
21,101,255.607,321.261,321.261,247.626,0.178473
21,103,328.729,329.552,329.552,284.835,0.853367
21,120,43.8053,27.052,27.052,44.961,-0.14234
21,144,0.907035,0.40784,0.40784,0.909203,-0.0132064
21,168,0.0142853,0.00606439,0.00606439,0.0140872,0.0778757
21,192,0.000235083,9.01471e-5,9.01471e-5,0.000199042,1.0027
21,193,32.8146,46.8117,46.8117,30.7089,0.379717
21,194,111.29,150.273,150.273,102.914,0.450657
21,197,341.011,496.602,496.602,386.871,-0.656427
21,199,529.988,512.528,512.528,447.364,1.02273
21,216,71.1796,42.4185,42.4185,73.2995,-0.160151
21,240,1.4473,0.630361,0.630361,1.49843,-0.188932
21,264,0.023736,0.00916657,0.00916657,0.0232418,0.117732
21,288,0.00030509,0.00013412,0.00013412,0.000327188,-0.374014
21,289,38.0999,57.3798,57.3798,39.1041,-0.142204
21,290,115.022,183.393,183.393,130.326,-0.650273
21,293,388.786,608.957,608.957,485.068,-1.09917
21,295,512.849,631.269,631.269,564.681,-0.50829
21,312,99.2378,53.1605,53.1605,96.1562,0.177469
21,336,1.93065,0.795611,0.795611,1.98365,-0.147949
21,360,0.0333313,0.0117543,0.0117543,0.0308114,0.452881
21,384,0.000452168,0.000173444,0.000173444,0.000434283,0.228047
21,385,41.0464,51.0373,51.0373,36.1194,0.755368
21,386,106.091,163.201,163.201,120.41,-0.658519
21,389,458.39,541.883,541.883,450.654,0.095062
21,391,496.44,564.561,564.561,526.084,-0.312029
21,408,108.135,48.0928,48.0928,91.1916,1.0289
21,432,2.32512,0.721341,0.721341,1.89417,1.25986
21,456,0.0328677,0.0106547,0.0106547,0.0293908,0.655086
21,480,0.000425632,0.000157143,0.000157143,0.000413456,0.163067
21,481,39.1013,47.8397,47.8397,34.6888,0.704398
21,482,111.171,153.005,153.005,115.651,-0.214486
21,485,420.915,508.718,508.718,433.857,-0.165186
21,487,394.603,531.4,531.4,506.775,-1.22571
21,504,85.3876,45.5383,45.5383,88.0979,-0.17036
21,528,1.66318,0.693601,0.693601,1.83721,-0.524544
21,552,0.0304559,0.0103965,0.0103965,0.0286196,0.355303
21,576,0.000440854,0.000155801,0.000155801,0.000400449,0.558725
21,577,32.9046,45.8434,45.8434,33.8296,-0.151425
21,578,124.731,146.634,146.634,112.791,0.586182
21,581,385.437,487.947,487.947,423.728,-0.500402
21,583,545.848,510.196,510.196,495.035,0.568403
21,600,90.244,43.7047,43.7047,86.3689,0.248453
21,624,2.23037,0.653374,0.653374,1.80229,1.31528
21,648,0.0265048,0.00965566,0.00965566,0.0281366,-0.321157
22,0,0,0,0,0,0
22,1,361.113,469.855,469.855,446.497,-1.05896
22,2,474.978,674.867,674.867,768.269,-2.114
22,5,529.289,742.474,742.474,927.744,-2.37831
22,7,410.143,602.123,602.123,773.907,-2.60285
22,24,35.0693,36.5679,36.5679,59.6977,-2.28453
22,48,0.48697,0.548405,0.548405,1.23443,-3.35304
22,72,0.00793285,0.00818294,0.00818294,0.0252519,-3.79794
22,96,0.00119853,0.000122117,0.000122117,0.00051671,7.30706
22,97,26.4933,29.9663,29.9663,28.2265,-0.340027
22,98,88.6956,96.6773,96.6773,92.5947,-0.233186
22,101,222.448,321.261,321.261,324.055,-1.73629
22,103,303.026,329.552,329.552,347.378,-0.707015
22,120,30.8337,27.052,27.052,38.7311,-1.12913
22,144,0.578364,0.40784,0.40784,0.818994,-1.627
22,168,0.00964944,0.00606439,0.00606439,0.0168019,-2.35731
22,192,0.000149142,9.01471e-5,9.01471e-5,0.000344515,-3.14033
22,193,38.627,46.8117,46.8117,42.626,-0.519511
22,194,129.8,150.273,150.273,139.083,-0.369594
22,197,411.915,496.602,496.602,484.177,-0.826469
22,199,489.818,512.528,512.528,520.26,-0.324014
22,216,54.0851,42.4185,42.4185,58.5607,-0.423216
22,240,0.80372,0.630361,0.630361,1.23574,-1.93597
22,264,0.0147536,0.00916657,0.00916657,0.0253855,-2.31923
22,288,0.000260126,0.00013412,0.00013412,0.000521615,-2.77601
22,289,69.2537,74.8325,74.8325,64.9733,0.364807
22,290,212.865,237.97,237.97,209.889,0.0785161
22,293,710.831,777.645,777.645,716.772,-0.0458968
22,295,839.923,808.188,808.188,775.886,0.457038
22,312,94.1881,68.0984,68.0984,88.8432,0.333144
22,336,1.46691,1.02167,1.02167,1.86566,-1.18354
22,360,0.0243509,0.0150956,0.0150956,0.038122,-2.00037
22,384,0.00042774,0.000222813,0.000222813,0.0007777,-2.49187
22,385,66.3426,65.0305,65.0305,53.4583,1.33464
22,386,140.28,206.953,206.953,172.822,-1.0427
22,389,752.12,682.811,682.811,594.87,1.46383
22,391,778.036,713.393,713.393,647.369,1.11772
22,408,86.5361,61.1286,61.1286,75.7364,0.789631
22,432,1.62766,0.922843,0.922843,1.59285,0.121026
22,456,0.0239942,0.0137153,0.0137153,0.0325471,-1.45518
22,480,0.00038553,0.000203884,0.000203884,0.000663955,-2.32214
22,481,59.408,60.6819,60.6819,48.204,1.28708
22,482,209.88,193.159,193.159,155.875,1.91853
22,485,765.334,643.104,643.104,541.413,2.29026
22,487,856.742,671.524,671.524,590.104,2.50214
22,504,78.9956,57.7156,57.7156,69.5171,0.755031
22,528,1.53345,0.880438,0.880438,1.4616,0.272199
22,552,0.021998,0.0132178,0.0132178,0.0298552,-1.45735
22,576,0.000302712,0.00019819,0.00019819,0.000608552,-2.78301
22,577,51.8707,58.1138,58.1138,45.0166,0.843135
22,578,203.472,185.004,185.004,145.586,2.20176
22,581,580.755,615.472,615.472,505.53,0.824009
22,583,725.939,643.78,643.78,551.879,1.74652
22,600,85.7355,55.2383,55.2383,65.2917,1.7339
22,624,1.19517,0.835952,0.835952,1.37348,-0.71893
22,648,0.023117,0.0122906,0.0122906,0.0280604,-0.975543
23,0,0,0,0,0,0
23,1,612.034,469.855,469.855,570.312,0.405112
23,2,941.169,674.867,674.867,796.304,1.0074
23,5,800.394,742.474,742.474,780.004,0.144763
23,7,599.667,602.123,602.123,581.24,0.175555
23,24,27.0552,36.5679,36.5679,28.5216,-0.284722
23,48,0.423173,0.548405,0.548405,0.3941,0.408521
23,72,0.00475222,0.00818294,0.00818294,0.0054269,-0.688437
23,96,7.30679e-5,0.000122117,0.000122117,7.46904e-5,-0.120292
23,97,43.4508,29.9663,29.9663,41.8434,0.212726
23,98,131.96,96.6773,96.6773,122.338,0.435556
23,101,304.963,321.261,321.261,321.235,-0.280492
23,103,219.918,329.552,329.552,272.731,-1.07232
23,120,14.558,27.052,27.052,14.032,0.207583
23,144,0.193159,0.40784,0.40784,0.192585,0.0165008
23,168,0.00264279,0.00606439,0.00606439,0.00264031,0.00520829
23,192,4.70466e-5,9.01471e-5,9.01471e-5,3.65275e-5,1.59469
23,193,70.447,46.8117,46.8117,65.7971,0.391338
23,194,212.945,150.273,150.273,191.719,0.613092
23,197,599.016,496.602,496.602,500.004,1.09656
23,199,454.303,512.528,512.528,425.371,0.376642
23,216,19.6503,42.4185,42.4185,21.9837,-0.587758
23,240,0.280215,0.630361,0.630361,0.300006,-0.365311
23,264,0.00370454,0.00916657,0.00916657,0.00409771,-0.531324
23,288,6.00928e-5,0.00013412,0.00013412,5.57482e-5,0.431564
23,289,108.034,74.8325,74.8325,103.358,0.250554
23,290,304.956,237.97,237.97,299.299,0.104671
23,293,710.873,777.645,777.645,777.771,-0.476296
23,295,644.588,808.188,808.188,664.02,-0.162048
23,312,36.4523,68.0984,68.0984,34.381,0.333613
23,336,0.51986,1.02167,1.02167,0.472393,0.556422
23,360,0.00519588,0.0150956,0.0150956,0.00648322,-1.09956
23,384,9.9116e-5,0.000222813,0.000222813,8.89164e-5,0.635216
23,385,102.215,65.0305,65.0305,86.8699,0.978202
23,386,285.021,206.953,206.953,251.888,0.728407
23,389,804.877,682.811,682.811,666.919,1.14549
23,391,516.137,713.393,713.393,571.211,-0.533905
23,408,32.9305,61.1286,61.1286,29.6569,0.611253
23,432,0.41601,0.922843,0.922843,0.407667,0.113322
23,456,0.00605355,0.0137153,0.0137153,0.00559552,0.453284
23,480,7.77443e-5,0.000203884,0.000203884,7.67681e-5,0.0704123
23,481,71.7948,60.6819,60.6819,79.2633,-0.521771
23,482,215.612,193.159,193.159,229.934,-0.344936
23,485,563.09,643.104,643.104,607.849,-0.407763
23,487,549.099,671.524,671.524,522.176,0.285507
23,504,28.1372,57.7156,57.7156,27.1736,0.196368
23,528,0.40475,0.880438,0.880438,0.375132,0.43721
23,552,0.00436287,0.0132178,0.0132178,0.00516725,-0.862017
23,576,6.92678e-5,0.00019819,0.00019819,7.1098e-5,-0.142544
23,577,71.9991,58.1138,58.1138,74.6823,-0.198955
23,578,234.847,185.004,185.004,216.706,0.46356
23,581,636.302,615.472,615.472,570.106,0.642976
23,583,424.419,643.78,643.78,490.728,-0.748259
23,600,27.3103,55.2383,55.2383,25.5357,0.384839
23,624,0.39434,0.835952,0.835952,0.35065,0.689968
23,648,0.00448717,0.0122906,0.0122906,0.00480834,-0.369886
24,0,0,0,0,0,0
24,1,351.62,469.855,469.855,410.626,-0.795743
24,2,487.361,674.867,674.867,591.894,-0.977976
24,5,386.532,742.474,742.474,581.831,-1.85875
24,7,379.042,602.123,602.123,426.539,-0.616625
24,24,13.737,36.5679,36.5679,16.1084,-0.81523
24,48,0.0871718,0.548405,0.548405,0.149992,-2.31927
24,72,0.00077922,0.00818294,0.00818294,0.00139757,-2.45008
24,96,9.23284e-6,0.000122117,0.000122117,1.28689e-5,-1.56462
24,97,32.7751,29.9663,29.9663,31.5051,0.223222
24,98,82.6655,96.6773,96.6773,93.1173,-0.621554
24,101,266.306,321.261,321.261,246.204,0.45213
24,103,191.727,329.552,329.552,209.453,-0.468634
24,120,4.92807,27.052,27.052,8.54714,-2.34474
24,144,0.0539112,0.40784,0.40784,0.0795217,-1.78341
24,168,0.000489975,0.00606439,0.00606439,0.000740569,-1.8738
24,192,1.53144e-5,9.01471e-5,9.01471e-5,6.78934e-6,6.95326
24,193,44.0913,46.8117,46.8117,48.4812,-0.501423
24,194,141.109,150.273,150.273,142.774,-0.0645578
24,197,386.447,496.602,496.602,376.456,0.146976
24,199,320.264,512.528,512.528,321.016,-0.0129735
24,216,12.4482,42.4185,42.4185,13.1672,-0.302407
24,240,0.10622,0.630361,0.630361,0.124263,-0.804045
24,264,0.000752676,0.00916657,0.00916657,0.00116848,-1.97055
24,288,8.14422e-6,0.00013412,0.00013412,1.10131e-5,-1.44252
24,289,75.6862,74.8325,74.8325,74.7128,0.0721461
24,290,218.539,237.97,237.97,218.547,-0.000202969
24,293,672.858,777.645,777.645,576.409,0.926583
24,295,499.738,808.188,808.188,493.562,0.0692822
24,312,23.1944,68.0984,68.0984,20.1671,0.831254
24,336,0.137582,1.02167,1.02167,0.188689,-1.49987
24,360,0.00130467,0.0150956,0.0150956,0.00175053,-1.4104
24,384,1.08343e-5,0.000222813,0.000222813,1.67829e-5,-1.96276
24,385,77.2555,65.0305,65.0305,61.7008,1.39602
24,386,193.189,206.953,206.953,180.762,0.380692
24,389,542.147,682.811,682.811,482.982,0.678346
24,391,383.129,713.393,713.393,415.516,-0.431615
24,408,17.1523,61.1286,61.1286,17.1575,-0.00167889
24,432,0.160857,0.922843,0.922843,0.161083,-0.00774888
24,456,0.00130275,0.0137153,0.0137153,0.00150901,-0.756911
24,480,1.04422e-5,0.000203884,0.000203884,1.40193e-5,-1.41293
24,481,63.1155,60.6819,60.6819,55.7524,0.731333
24,482,194.714,193.159,193.159,163.417,1.06056
24,485,680.246,643.104,643.104,438.292,3.05695
24,487,441.246,671.524,671.524,377.781,0.930264
24,504,17.9282,57.7156,57.7156,15.6382,0.81091
24,528,0.166609,0.880438,0.880438,0.14739,0.722074
24,552,0.00126369,0.0132178,0.0132178,0.00138462,-0.483646
24,576,1.59631e-5,0.00019819,0.00019819,1.29341e-5,1.2968
24,577,63.2925,58.1138,58.1138,52.1578,1.18217
24,578,191.87,185.004,185.004,152.918,1.41057
24,581,422.276,615.472,615.472,408.452,0.187418
24,583,437.163,643.78,643.78,353.238,1.31566
24,600,17.5482,55.2383,55.2383,14.6367,1.10152
24,624,0.153152,0.835952,0.835952,0.13787,0.613799
24,648,0.00108488,0.0122906,0.0122906,0.00129521,-0.899247
25,0,0,0,0,0,0
25,1,171.704,469.855,469.855,206.006,-0.92206
25,2,193.985,674.867,674.867,268.799,-1.54126
25,5,279.963,742.474,742.474,295.131,-0.2846
25,7,192.173,602.123,602.123,240.793,-1.11813
25,24,11.9281,36.5679,36.5679,12.2547,-0.147585
25,48,0.108582,0.548405,0.548405,0.12847,-0.857245
25,72,0.00096803,0.00818294,0.00818294,0.00133431,-1.52012
25,96,2.29651e-5,0.000122117,0.000122117,1.39105e-5,3.60449
25,97,19.6184,29.9663,29.9663,17.8298,0.555504
25,98,73.7695,96.6773,96.6773,57.2346,1.59978
25,101,207.362,321.261,321.261,187.089,0.600053
25,103,186.229,329.552,329.552,189.549,-0.096997
25,120,14.8756,27.052,27.052,12.7513,0.922494
25,144,0.149158,0.40784,0.40784,0.134551,0.60116
25,168,0.00140621,0.00606439,0.00606439,0.00138869,0.0698458
25,192,1.46702e-5,9.01471e-5,9.01471e-5,1.43378e-5,0.128402
25,193,26.5161,46.8117,46.8117,29.4123,-0.545285
25,194,78.164,150.273,150.273,93.9729,-0.93157
25,197,311.477,496.602,496.602,309.519,0.0350222
25,199,268.529,512.528,512.528,314.678,-0.812109
25,216,25.016,42.4185,42.4185,21.4939,0.907409
25,240,0.229175,0.630361,0.630361,0.227714,0.0355326
25,264,0.0026883,0.00916657,0.00916657,0.00236687,0.752002
25,288,3.253e-5,0.00013412,0.00013412,2.44705e-5,1.82384
25,289,50.5784,74.8325,74.8325,50.544,0.00376168
25,290,151.356,237.97,237.97,159.985,-0.298688
25,293,521.861,777.645,777.645,521.822,0.000408743
25,295,458.653,808.188,808.188,534.377,-0.784697
25,312,42.9253,68.0984,68.0984,37.2436,0.844774
25,336,0.490024,1.02167,1.02167,0.397955,1.28115
25,360,0.00318016,0.0150956,0.0150956,0.00416359,-1.30796
25,384,3.98674e-5,0.000222813,0.000222813,4.34425e-5,-0.455703
25,385,51.9068,65.0305,65.0305,47.2684,0.543396
25,386,164.289,206.953,206.953,149.689,0.540095
25,389,498.39,682.811,682.811,488.286,0.114586
25,391,448.297,713.393,713.393,502.246,-0.594814
25,408,36.9052,61.1286,61.1286,35.2447,0.260885
25,432,0.463109,0.922843,0.922843,0.374345,1.31307
25,456,0.0033289,0.0137153,0.0137153,0.00389022,-0.799006
25,480,3.91556e-5,0.000203884,0.000203884,4.04599e-5,-0.178516
25,481,49.3414,60.6819,60.6819,45.9401,0.409978
25,482,142.882,193.159,193.159,145.501,-0.0997027
25,485,525.732,643.104,643.104,473.272,0.613814
25,487,467.839,671.524,671.524,488.256,-0.231563
25,504,35.5443,57.7156,57.7156,34.5038,0.166993
25,528,0.462334,0.880438,0.880438,0.371599,1.35213
25,552,0.00353273,0.0132178,0.0132178,0.00391578,-0.541696
25,576,3.76903e-5,0.00019819,0.00019819,4.12572e-5,-0.478754
25,577,53.6669,58.1138,58.1138,45.2029,1.03687
25,578,177.714,185.004,185.004,143.174,1.33593
25,581,554.906,615.472,615.472,465.815,1.05911
25,583,485.039,643.78,643.78,480.84,0.0483531
25,600,46.3287,55.2383,55.2383,33.9087,2.02828
25,624,0.323857,0.835952,0.835952,0.360308,-0.560209
25,648,0.00355387,0.0122906,0.0122906,0.0037442,-0.281499
26,0,0,0,0,0,0
26,1,144.479,469.855,469.855,157.663,-0.463073
26,2,174.464,674.867,674.867,198.987,-0.682445
26,5,212.725,742.474,742.474,215.672,-0.0756526
26,7,178.003,602.123,602.123,169.076,0.292376
26,24,6.86544,36.5679,36.5679,7.30438,-0.332771
26,48,0.0477905,0.548405,0.548405,0.0752937,-2.02276
26,72,0.000474483,0.00818294,0.00818294,0.000776515,-2.15388
26,96,5.6545e-6,0.000122117,0.000122117,7.97033e-6,-1.60897
26,97,22.1909,29.9663,29.9663,19.9105,0.634243
26,98,61.1193,96.6773,96.6773,60.766,0.0321918
26,101,203.872,321.261,321.261,174.771,0.922036
26,103,172.5,329.552,329.552,158.864,0.475307
26,120,6.07345,27.052,27.052,7.57252,-1.09623
26,144,0.0554757,0.40784,0.40784,0.0772516,-1.56094
26,168,0.000521711,0.00606439,0.00606439,0.000788818,-1.87511
26,192,2.22421e-5,9.01471e-5,9.01471e-5,7.93748e-6,9.97957
26,193,38.7731,46.8117,46.8117,34.3301,0.716658
26,194,100.787,150.273,150.273,104.403,-0.19182
26,197,315.329,496.602,496.602,300.966,0.264269
26,199,289.864,512.528,512.528,274.774,0.304126
26,216,13.7437,42.4185,42.4185,13.235,0.212833
26,240,0.0975127,0.630361,0.630361,0.134593,-1.5256
26,264,0.0008168,0.00916657,0.00916657,0.00136869,-2.23288
26,288,7.33413e-6,0.00013412,0.00013412,1.38763e-5,-2.61076
26,289,65.295,74.8325,74.8325,61.2584,0.364892
26,290,187.314,237.97,237.97,184.909,0.0720143
26,293,579.506,777.645,777.645,535.287,0.457452
26,295,488.212,808.188,808.188,491.034,-0.0318311
26,312,21.1518,68.0984,68.0984,23.6344,-0.581676
26,336,0.18439,1.02167,1.02167,0.240654,-1.29465
26,360,0.00147261,0.0150956,0.0150956,0.00245311,-2.21335
26,384,1.57872e-5,0.000222813,0.000222813,2.4959e-5,-2.03491
26,385,59.6593,65.0305,65.0305,58.8977,0.0716078
26,386,194.676,206.953,206.953,177.859,0.523601
26,389,524.009,682.811,682.811,514.862,0.0983808
26,391,469.14,713.393,713.393,473.609,-0.052258
26,408,21.7586,61.1286,61.1286,22.8921,-0.274177
26,432,0.194266,0.922843,0.922843,0.231011,-0.880798
26,456,0.00138396,0.0137153,0.0137153,0.00232617,-2.24297
26,480,1.19327e-5,0.000203884,0.000203884,2.35938e-5,-2.7369
26,481,74.8086,60.6819,60.6819,57.9853,1.60661
26,482,178.872,193.159,193.159,175.123,0.11855
26,485,465.719,643.104,643.104,504.196,-0.422587
26,487,533.43,671.524,671.524,464.536,0.821267
26,504,20.8597,57.7156,57.7156,22.5479,-0.414607
26,528,0.21845,0.880438,0.880438,0.231472,-0.311525
26,552,0.00136122,0.0132178,0.0132178,0.00238055,-2.37112
26,576,1.47199e-5,0.00019819,0.00019819,2.44513e-5,-2.20389
26,577,58.1967,58.1138,58.1138,57.4947,0.0676198
26,578,193.899,185.004,185.004,173.649,0.645767
26,581,602.663,615.472,615.472,500.086,1.13585
26,583,555.94,643.78,643.78,460.873,1.14226
26,600,18.2938,55.2383,55.2383,22.3772,-1.0105
26,624,0.170135,0.835952,0.835952,0.23021,-1.44507
26,648,0.00157502,0.0122906,0.0122906,0.00234417,-1.81695
27,0,0,0,0,0,0
27,1,473.135,469.855,469.855,399.949,1.01331
27,2,559.624,674.867,674.867,575.771,-0.155297
27,5,691.32,742.474,742.474,689.249,0.0166446
27,7,637.648,602.123,602.123,604.961,0.299202
27,24,73.1279,36.5679,36.5679,70.8405,0.178803
27,48,2.30595,0.548405,0.548405,2.48894,-0.407134
27,72,0.0791639,0.00818294,0.00818294,0.086038,-0.442427
27,96,0.0027717,0.000122117,0.000122117,0.0029756,-0.379459
27,97,21.9231,29.9663,29.9663,22.7549,-0.202427
27,98,73.7214,96.6773,96.6773,76.114,-0.174071
27,101,243.061,321.261,321.261,282.226,-0.768466
27,103,355.269,329.552,329.552,320.814,0.594728
27,120,46.6056,27.052,27.052,55.8334,-0.915211
27,144,1.74665,0.40784,0.40784,1.99544,-0.690417
27,168,0.0701759,0.00606439,0.00606439,0.0681401,0.165447
27,192,0.00249334,9.01471e-5,9.01471e-5,0.00232517,0.400507
27,193,40.803,46.8117,46.8117,36.8546,0.593263
27,194,132.643,150.273,150.273,122.606,0.453313
27,197,445.625,496.602,496.602,452.657,-0.0860229
27,199,564.415,512.528,512.528,515.939,0.520293
27,216,92.5701,42.4185,42.4185,91.1079,0.0888737
27,240,2.96788,0.630361,0.630361,3.2572,-0.491861
27,264,0.124122,0.00916657,0.00916657,0.111532,0.62511
27,288,0.00443318,0.00013412,0.00013412,0.00381302,0.900637
27,289,71.8529,74.8325,74.8325,61.2813,0.955278
27,290,221.021,237.97,237.97,201.759,0.528688
27,293,745.71,777.645,777.645,741.548,0.0310815
27,295,693.165,808.188,808.188,846.586,-1.00354
27,312,176.474,68.0984,68.0984,152.432,0.873391
27,336,5.99039,1.02167,1.02167,5.46436,0.533078
27,360,0.136403,0.0150956,0.0150956,0.187272,-1.50416
27,384,0.00690879,0.000222813,0.000222813,0.00640956,0.43132
27,385,62.8753,65.0305,65.0305,55.389,0.748444
27,386,162.537,206.953,206.953,182.424,-0.603678
27,389,666.442,682.811,682.811,668.748,-0.019097
27,391,799.863,713.393,713.393,768.969,0.222478
27,408,154.79,61.1286,61.1286,140.572,0.560064
27,432,4.91397,0.922843,0.922843,5.08964,-0.191128
27,456,0.18353,0.0137153,0.0137153,0.176372,0.224751
27,480,0.00582117,0.000203884,0.000203884,0.00610265,-0.255411
27,481,67.9081,60.6819,60.6819,52.8505,1.5777
27,482,173.691,193.159,193.159,174.083,-0.0124653
27,485,709.597,643.104,643.104,635.905,0.641724
27,487,772.016,671.524,671.524,732.966,0.295024
27,504,127.321,57.7156,57.7156,134.475,-0.294596
27,528,5.19497,0.880438,0.880438,4.86805,0.371879
27,552,0.171242,0.0132178,0.0132178,0.167125,0.136399
27,576,0.00652286,0.00019819,0.00019819,0.00571638,0.781252
27,577,63.7814,58.1138,58.1138,51.3892,1.33535
27,578,164.394,185.004,185.004,169.279,-0.159789
27,581,614.55,615.472,615.472,620.791,-0.0556708
27,583,765.011,643.78,643.78,715.3,0.384834
27,600,137.636,55.2383,55.2383,132.284,0.224046
27,624,4.35833,0.835952,0.835952,4.74929,-0.455852
27,648,0.169408,0.0122906,0.0122906,0.163024,0.216862
28,0,0,0,0,0,0
28,1,1215.26,469.855,469.855,1237.06,-0.0975942
28,2,2583.51,674.867,674.867,2697.63,-0.234266
28,5,3786.36,742.474,742.474,3803.38,-0.02478
28,7,3434.9,602.123,602.123,3263.36,0.29109
28,24,357.633,36.5679,36.5679,327.588,0.507877
28,48,9.90004,0.548405,0.548405,10.4772,-0.305048
28,72,0.338597,0.00818294,0.00818294,0.334109,0.0743914
29,0,0,0,0,0,0
29,1,97.121,469.855,469.855,264.679,-3.50562
29,2,110.431,674.867,674.867,417.935,-4.07437
29,5,129.566,742.474,742.474,461.044,-3.98136
29,7,127.799,602.123,602.123,363.656,-3.5915
29,24,6.48429,36.5679,36.5679,17.4094,-3.47504
29,48,0.0431905,0.548405,0.548405,0.188595,-4.26939
29,72,0.000340242,0.00818294,0.00818294,0.00203476,-4.6116
29,96,5.59311e-5,0.000122117,0.000122117,2.1779e-5,8.68356
29,97,16.2718,29.9663,29.9663,18.193,-0.58476
29,98,40.8381,96.6773,96.6773,58.0941,-1.64485
29,101,159.05,321.261,321.261,187.315,-0.83558
29,103,126.991,329.552,329.552,186.189,-1.76066
29,120,7.55866,27.052,27.052,11.9219,-2.02668
29,144,0.0752267,0.40784,0.40784,0.1292,-2.31331
29,168,0.000497656,0.00606439,0.00606439,0.00138494,-3.54772
29,192,4.55489e-6,9.01471e-5,9.01471e-5,1.47529e-5,-3.82787
29,193,23.7278,46.8117,46.8117,27.3307,-0.730002
29,194,89.2118,150.273,150.273,86.8436,0.151009
29,197,235.161,496.602,496.602,278.954,-0.869331
29,199,214.398,512.528,512.528,278.514,-1.27479
29,216,14.6865,42.4185,42.4185,18.0255,-1.02577
29,240,0.10871,0.630361,0.630361,0.198605,-2.50647
29,264,0.000782616,0.00916657,0.00916657,0.00215956,-3.53077
29,288,1.19788e-5,0.00013412,0.00013412,2.34466e-5,-2.70842
29,289,37.9777,74.8325,74.8325,41.6851,-0.492506
29,290,134.652,237.97,237.97,131.229,0.144437
29,293,417.163,777.645,777.645,414.564,0.0347216
29,295,509.841,808.188,808.188,417.503,1.22473
29,312,27.1365,68.0984,68.0984,27.3846,-0.0501815
29,336,0.242313,1.02167,1.02167,0.29626,-1.00836
29,360,0.00171214,0.0150956,0.0150956,0.00315975,-2.53698
29,384,1.26202e-5,0.000222813,0.000222813,3.37808e-5,-3.46878
29,385,35.6644,65.0305,65.0305,34.4223,0.199812
29,386,119.197,206.953,206.953,108.476,0.547293
29,389,332.902,682.811,682.811,347.688,-0.235492
29,391,434.847,713.393,713.393,352.371,1.29613
29,408,23.3039,61.1286,61.1286,23.5607,-0.0603555
29,432,0.197683,0.922843,0.922843,0.257745,-1.29041
29,456,0.00158801,0.0137153,0.0137153,0.00278286,-2.3776
29,480,1.28347e-5,0.000203884,0.000203884,2.98948e-5,-3.16013
29,481,43.9203,60.6819,60.6819,31.1259,2.27625
29,482,136.644,193.159,193.159,98.1202,2.17417
29,485,422.748,643.104,643.104,318.126,1.82115
29,487,434.393,671.524,671.524,321.831,1.93679
29,504,24.1834,57.7156,57.7156,21.6309,0.653446
29,528,0.197001,0.880438,0.880438,0.240168,-0.995305
29,552,0.00140476,0.0132178,0.0132178,0.00262544,-2.57466
29,576,1.27407e-5,0.00019819,0.00019819,2.86033e-5,-3.07097
29,577,41.1318,58.1138,58.1138,29.1397,2.27892
29,578,145.587,185.004,185.004,91.8739,3.23745
29,581,429.606,615.472,615.472,294.89,2.52975
29,583,516.24,643.78,643.78,299.777,3.99857
29,600,25.9547,55.2383,55.2383,20.2869,1.54707
29,624,0.178062,0.835952,0.835952,0.22013,-1.05827
29,648,0.00158017,0.0122906,0.0122906,0.00235065,-1.81507
30,0,0,0,0,0,0
30,1,538.372,469.855,469.855,464.768,0.876965
30,2,623.702,674.867,674.867,676.482,-0.432053
30,5,732.334,742.474,742.474,746.29,-0.103556
30,7,522.87,602.123,602.123,606.154,-0.760847
30,24,41.7323,36.5679,36.5679,38.5257,0.460914
30,48,0.679277,0.548405,0.548405,0.634688,0.389041
30,72,0.00995367,0.00818294,0.00818294,0.0104244,-0.250059
30,96,0.000171732,0.000122117,0.000122117,0.000171242,0.0158542
30,97,32.9483,29.9663,29.9663,29.2868,0.692319
30,98,83.9288,96.6773,96.6773,94.2522,-0.606528
30,101,360.779,321.261,321.261,310.792,0.890659
30,103,325.737,329.552,329.552,318.236,0.13051
30,120,31.0346,27.052,27.052,26.7261,0.892712
30,144,0.47636,0.40784,0.40784,0.445157,0.388157
30,168,0.00671696,0.00606439,0.00606439,0.00734472,-0.473305
30,192,0.000125133,9.01471e-5,9.01471e-5,0.000121048,0.186879
30,193,42.0851,46.8117,46.8117,45.7274,-0.441072
30,194,187.272,150.273,150.273,146.436,1.54424
30,197,462.529,496.602,496.602,481.03,-0.212981
30,199,447.833,512.528,512.528,494.259,-0.520146
30,216,42.479,42.4185,42.4185,41.7953,0.0905808
30,240,0.691165,0.630361,0.630361,0.68293,0.0667769
30,264,0.0109826,0.00916657,0.00916657,0.0109998,-0.00865855
30,288,0.000160984,0.00013412,0.00013412,0.000178058,-0.530998
30,289,75.9905,74.8325,74.8325,72.7538,0.246362
30,290,222.476,237.97,237.97,230.832,-0.200457
30,293,768.392,777.645,777.645,750.804,0.129727
30,295,850.837,808.188,808.188,776.327,0.531486
30,312,59.2816,68.0984,68.0984,66.7032,-0.616126
30,336,1.21428,1.02167,1.02167,1.09682,0.593063
30,360,0.0142546,0.0150956,0.0150956,0.0178569,-1.11708
30,384,0.0002443,0.000222813,0.000222813,0.000290527,-0.88111
30,385,68.3691,65.0305,65.0305,62.7951,0.491532
30,386,195.843,206.953,206.953,199.387,-0.0984487
30,389,588.464,682.811,682.811,657.841,-0.583999
30,391,707.234,713.393,713.393,682.501,0.200669
30,408,63.101,61.1286,61.1286,59.4929,0.335843
30,432,0.977758,0.922843,0.922843,0.984279,-0.0366834
30,456,0.0177175,0.0137153,0.0137153,0.0161147,0.550762
30,480,0.000401482,0.000203884,0.000203884,0.000263948,2.88544
30,481,70.359,60.6819,60.6819,58.3396,1.14087
30,482,186.892,193.159,193.159,185.285,0.048054
30,485,572.953,643.104,643.104,611.081,-0.345507
30,487,627.021,671.524,671.524,635.536,-0.0741975
30,504,53.7819,57.7156,57.7156,55.1454,-0.136914
30,528,0.957319,0.880438,0.880438,0.909034,0.294142
30,552,0.0161818,0.0132178,0.0132178,0.014846,0.498271
30,576,0.000193146,0.00019819,0.00019819,0.00024232,-1.12374
30,577,62.3563,58.1138,58.1138,55.7073,0.660948
30,578,174.424,185.004,185.004,176.944,-0.0788622
30,581,713.655,615.472,615.472,583.441,1.23589
30,583,622.171,643.78,643.78,606.112,0.14672
30,600,53.324,55.2383,55.2383,53.3319,-0.00082088
30,624,0.840603,0.835952,0.835952,0.882842,-0.26494
30,648,0.0127282,0.0122906,0.0122906,0.0144582,-0.66257