id,time,y1,popPred_medianCOV,popPred,indivPred_SAEM,indWRes_SAEM
1,0,0,0,0,0,0
1,1,4.16986,3.65145,3.65145,3.43378,1.2576
1,2,6.00175,6.13762,6.13762,5.48084,0.55758
1,5,4.00846,6.11623,6.11623,4.42865,-0.556632
1,7,2.02432,2.83539,2.83539,1.57393,1.67877
1,24,0.000262061,0.00411831,0.00411831,0.000238814,0.571064
1,48,9.97721e-10,4.05769e-7,4.05769e-7,9.69699e-10,0.169535
1,72,4.15181e-15,3.99796e-11,3.99796e-11,3.93743e-15,0.319418
1,96,1.55847e-20,3.93912e-15,3.93912e-15,1.59878e-20,-1.81537e-6
1,97,21.2588,18.2573,18.2573,17.1689,1.39752
1,98,34.9369,30.6881,30.6881,27.4042,1.6126
1,101,27.7573,30.5811,30.5811,22.1432,1.48739
1,103,9.16595,14.177,14.177,7.86966,0.966363
1,120,0.00105438,0.0205915,0.0205915,0.00119407,-0.686352
1,144,5.3064e-9,2.02884e-6,2.02884e-6,4.84849e-9,0.55407
1,168,1.88622e-14,1.99898e-10,1.99898e-10,1.96872e-14,-0.24582
1,192,7.08881e-20,1.96956e-14,1.96956e-14,7.99391e-20,-4.07619e-5
1,193,34.2313,36.5145,36.5145,34.3378,-0.0182025
1,194,60.9331,61.3762,61.3762,54.8084,0.655594
1,197,53.6394,61.1623,61.1623,44.2865,1.23899
1,199,20.6685,28.3539,28.3539,15.7393,1.83731
1,216,0.00260538,0.0411831,0.0411831,0.00238814,0.533651
1,240,1.03808e-8,4.05769e-6,4.05769e-6,9.69699e-9,0.41371
1,264,3.77333e-14,3.99796e-10,3.99796e-10,3.93743e-14,-0.244507
1,288,1.24188e-19,3.93912e-14,3.93912e-14,1.59878e-19,-0.000160736
1,289,38.4684,36.5145,36.5145,34.3378,0.705727
1,290,61.4698,61.3762,61.3762,54.8084,0.713037
1,293,51.1821,61.1623,61.1623,44.2865,0.913471
1,295,20.1979,28.3539,28.3539,15.7393,1.66188
1,312,0.00283334,0.0411831,0.0411831,0.00238814,1.09365
1,336,9.82897e-9,4.05769e-6,4.05769e-6,9.69699e-9,0.0798527
1,360,3.69762e-14,3.99796e-10,3.99796e-10,3.93743e-14,-0.357308
1,384,1.54058e-19,3.93912e-14,3.93912e-14,1.59878e-19,-2.62132e-5
1,385,42.3681,36.5145,36.5145,34.3378,1.37199
1,386,59.5854,61.3762,61.3762,54.8084,0.511334
1,389,47.8448,61.1623,61.1623,44.2865,0.471372
1,391,18.8596,28.3539,28.3539,15.7393,1.16307
1,408,0.00283475,0.0411831,0.0411831,0.00238814,1.09712
1,432,9.88112e-9,4.05769e-6,4.05769e-6,9.69699e-9,0.111399
1,456,4.12801e-14,3.99796e-10,3.99796e-10,3.93743e-14,0.28396
1,480,1.49754e-19,3.93912e-14,3.93912e-14,1.59878e-19,-4.55973e-5
1,481,37.6777,36.5145,36.5145,34.3378,0.570623
1,482,66.1759,61.3762,61.3762,54.8084,1.21678
1,485,45.6727,61.1623,61.1623,44.2865,0.183633
1,487,20.8038,28.3539,28.3539,15.7393,1.88773
1,504,0.00315376,0.0411831,0.0411831,0.00238814,1.88081
1,528,9.62641e-9,4.05769e-6,4.05769e-6,9.69699e-9,-0.0426985
1,552,3.39763e-14,3.99796e-10,3.99796e-10,3.93743e-14,-0.804299
1,576,1.52225e-19,3.93912e-14,3.93912e-14,1.59878e-19,-3.44663e-5
1,577,39.592,36.5145,36.5145,34.3378,0.89768
1,578,79.3616,61.3762,61.3762,54.8084,2.62818
1,581,51.2854,61.1623,61.1623,44.2865,0.927162
1,583,19.4513,28.3539,28.3539,15.7393,1.3836
1,600,0.00263981,0.0411831,0.0411831,0.00238814,0.61823
1,624,9.25061e-9,4.05769e-6,4.05769e-6,9.69699e-9,-0.270059
1,648,3.86537e-14,3.99796e-10,3.99796e-10,3.93743e-14,-0.107377
2,0,0,0,0,0,0
2,1,3.53563,3.65145,3.65145,3.56719,-0.0518987
2,2,7.06997,6.13762,6.13762,5.87729,1.19053
2,5,5.30996,6.11623,6.11623,5.40234,-0.100324
2,7,2.53598,2.83539,2.83539,2.26565,0.700007
2,24,0.00145487,0.00411831,0.00411831,0.00140404,0.212393
2,48,3.94152e-8,4.05769e-7,4.05769e-7,4.15624e-8,-0.303078
2,72,1.15087e-12,3.99796e-11,3.99796e-11,1.23033e-12,-0.378898
2,96,2.56906e-17,3.93912e-15,3.93912e-15,3.64204e-17,-0.0483225
2,97,23.2953,18.2573,18.2573,17.836,1.79571
2,98,28.5878,30.6881,30.6881,29.3865,-0.159439
2,101,29.9155,30.5811,30.5811,27.0117,0.630673
2,103,11.6145,14.177,14.177,11.3282,0.148253
2,120,0.00710342,0.0205915,0.0205915,0.00702018,0.0695644
2,144,2.54826e-7,2.02884e-6,2.02884e-6,2.07812e-7,1.32725
2,168,5.79735e-12,1.99898e-10,1.99898e-10,6.15166e-12,-0.337894
2,192,1.38431e-16,1.96956e-14,1.96956e-14,1.82102e-16,-0.196677
2,193,34.8469,36.5145,36.5145,35.6719,-0.135684
2,194,71.685,61.3762,61.3762,58.7729,1.28887
2,197,62.6227,61.1623,61.1623,54.0234,0.933839
2,199,25.3151,28.3539,28.3539,22.6565,0.688435
2,216,0.0139326,0.0411831,0.0411831,0.0140404,-0.0450268
2,240,3.58929e-7,4.05769e-6,4.05769e-6,4.15624e-7,-0.800263
2,264,1.03301e-11,3.99796e-10,3.99796e-10,1.23033e-11,-0.940913
2,288,3.49505e-16,3.93912e-14,3.93912e-14,3.64204e-16,-0.0661953
2,289,39.0961,36.5145,36.5145,35.6719,0.563149
2,290,59.1001,61.3762,61.3762,58.7729,0.0326589
2,293,74.4669,61.1623,61.1623,54.0234,2.22006
2,295,27.2583,28.3539,28.3539,22.6565,1.19159
2,312,0.0149936,0.0411831,0.0411831,0.0140404,0.398283
2,336,4.66278e-7,4.05769e-6,4.05769e-6,4.15624e-7,0.715007
2,360,1.26006e-11,3.99796e-10,3.99796e-10,1.23033e-11,0.141737
2,384,2.98056e-16,3.93912e-14,3.93912e-14,3.64204e-16,-0.297902
2,385,50.8822,36.5145,36.5145,35.6719,2.50152
2,386,66.8474,61.3762,61.3762,58.7729,0.805992
2,389,53.802,61.1623,61.1623,54.0234,-0.024047
2,391,25.7692,28.3539,28.3539,22.6565,0.806016
2,408,0.0156789,0.0411831,0.0411831,0.0140404,0.68465
2,432,5.18963e-7,4.05769e-6,4.05769e-6,4.15624e-7,1.45867
2,456,1.1697e-11,3.99796e-10,3.99796e-10,1.23033e-11,-0.289101
2,480,3.32252e-16,3.93912e-14,3.93912e-14,3.64204e-16,-0.143899
2,481,41.3643,36.5145,36.5145,35.6719,0.93618
2,482,66.3057,61.3762,61.3762,58.7729,0.751916
2,485,62.5212,61.1623,61.1623,54.0234,0.922824
2,487,28.2062,28.3539,28.3539,22.6565,1.43705
2,504,0.0185477,0.0411831,0.0411831,0.0140404,1.88337
2,528,4.64967e-7,4.05769e-6,4.05769e-6,4.15624e-7,0.696503
2,552,1.29727e-11,3.99796e-10,3.99796e-10,1.23033e-11,0.319171
2,576,2.78608e-16,3.93912e-14,3.93912e-14,3.64204e-16,-0.385487
2,577,45.7874,36.5145,36.5145,35.6719,1.66361
2,578,70.1055,61.3762,61.3762,58.7729,1.13121
2,581,53.5337,61.1623,61.1623,54.0234,-0.053177
2,583,27.5091,28.3539,28.3539,22.6565,1.25654
2,600,0.0151163,0.0411831,0.0411831,0.0140404,0.449559
2,624,4.83402e-7,4.05769e-6,4.05769e-6,4.15624e-7,0.956708
2,648,1.06879e-11,3.99796e-10,3.99796e-10,1.23033e-11,-0.77031
3,0,0,0,0,0,0
3,1,5.08654,3.65145,3.65145,3.90314,1.77872
3,2,6.17836,6.13762,6.13762,6.96207,-0.660396
3,5,10.8395,6.11623,6.11623,8.80742,1.35355
3,7,6.50683,2.83539,2.83539,5.4095,1.19007
3,24,0.0921268,0.00411831,0.00411831,0.0858571,0.42841
3,48,0.000289457,4.05769e-7,4.05769e-7,0.000247442,0.996132
3,72,6.97842e-7,3.99796e-11,3.99796e-11,7.13135e-7,-0.125803
3,96,1.93795e-9,3.93912e-15,3.93912e-15,2.05527e-9,-0.33489
3,97,24.7737,18.2573,18.2573,19.5157,1.58061
3,98,47.6563,30.6881,30.6881,34.8103,2.16497
3,101,52.6457,30.5811,30.5811,44.0371,1.14685
3,103,30.0351,14.177,14.177,27.0475,0.648023
3,120,0.423886,0.0205915,0.0205915,0.429285,-0.073794
3,144,0.00127785,2.02884e-6,2.02884e-6,0.00123721,0.192697
3,168,3.28932e-6,1.99898e-10,1.99898e-10,3.56567e-6,-0.454692
3,192,9.71507e-9,1.96956e-14,1.96956e-14,1.02764e-8,-0.32043
3,193,47.4343,36.5145,36.5145,39.0314,1.26301
3,194,74.3995,61.3762,61.3762,69.6207,0.402693
3,197,129.683,61.1623,61.1623,88.0742,2.77157
3,199,63.6966,28.3539,28.3539,54.095,1.0413
3,216,1.07093,0.0411831,0.0411831,0.858571,1.45109
3,240,0.00203814,4.05769e-6,4.05769e-6,0.00247442,-1.0344
3,264,7.79909e-6,3.99796e-10,3.99796e-10,7.13135e-6,0.549331
3,288,1.73212e-8,3.93912e-14,3.93912e-14,2.05527e-8,-0.922429
3,289,49.8321,36.5145,36.5145,39.0314,1.62341
3,290,84.5653,61.3762,61.3762,69.6207,1.25933
3,293,98.3447,61.1623,61.1623,88.0742,0.684119
3,295,71.0236,28.3539,28.3539,54.095,1.83593
3,312,0.894715,0.0411831,0.0411831,0.858571,0.246973
3,336,0.00248973,4.05769e-6,4.05769e-6,0.00247442,0.0362883
3,360,6.53417e-6,3.99796e-10,3.99796e-10,7.13135e-6,-0.491275
3,384,1.86138e-8,3.93912e-14,3.93912e-14,2.05527e-8,-0.553441
3,385,49.9479,36.5145,36.5145,39.0314,1.64082
3,386,84.8546,61.3762,61.3762,69.6207,1.28371
3,389,112.828,61.1623,61.1623,88.0742,1.64886
3,391,60.2713,28.3539,28.3539,54.095,0.669833
3,408,0.9984,0.0411831,0.0411831,0.858571,0.955462
3,432,0.00270773,4.05769e-6,4.05769e-6,0.00247442,0.553163
3,456,6.22544e-6,3.99796e-10,3.99796e-10,7.13135e-6,-0.745254
3,480,2.3494e-8,3.93912e-14,3.93912e-14,2.05527e-8,0.839578
3,481,46.2481,36.5145,36.5145,39.0314,1.08472
3,482,87.5538,61.3762,61.3762,69.6207,1.51116
3,485,112.315,61.1623,61.1623,88.0742,1.6147
3,487,62.4009,28.3539,28.3539,54.095,0.900793
3,504,0.932761,0.0411831,0.0411831,0.858571,0.506947
3,528,0.00287941,4.05769e-6,4.05769e-6,0.00247442,0.960199
3,552,6.5006e-6,3.99796e-10,3.99796e-10,7.13135e-6,-0.518887
3,576,2.38788e-8,3.93912e-14,3.93912e-14,2.05527e-8,0.949413
3,577,43.8839,36.5145,36.5145,39.0314,0.72936
3,578,94.7801,61.3762,61.3762,69.6207,2.1201
3,581,118.026,61.1623,61.1623,88.0742,1.99513
3,583,63.2384,28.3539,28.3539,54.095,0.991619
3,600,1.01676,0.0411831,0.0411831,0.858571,1.08094
3,624,0.00237239,4.05769e-6,4.05769e-6,0.00247442,-0.241917
3,648,7.49559e-6,3.99796e-10,3.99796e-10,7.13135e-6,0.299647
4,0,0,0,0,0,0
4,1,4.69863,3.65145,3.65145,3.78237,1.42118
4,2,6.58157,6.13762,6.13762,6.55759,0.0214571
4,5,9.11171,6.11623,6.11623,7.40175,1.35532
4,7,5.23762,2.83539,2.83539,3.98477,1.84454
4,24,0.0220489,0.00411831,0.00411831,0.0206292,0.403743
4,48,1.28032e-5,4.05769e-7,4.05769e-7,1.22265e-5,0.2767
4,72,5.83655e-9,3.99796e-11,3.99796e-11,7.24639e-9,-1.1414
4,96,3.36863e-12,3.93912e-15,3.93912e-15,4.29478e-12,-1.26513
4,97,25.2296,18.2573,18.2573,18.9118,1.95985
4,98,40.323,30.6881,30.6881,32.7879,1.34823
4,101,45.8612,30.5811,30.5811,37.0088,1.4033
4,103,25.1843,14.177,14.177,19.9238,1.54898
4,120,0.112779,0.0205915,0.0205915,0.103146,0.547866
4,144,7.44268e-5,2.02884e-6,2.02884e-6,6.11325e-5,1.27581
4,168,4.09009e-8,1.99898e-10,1.99898e-10,3.62319e-8,0.755999
4,192,1.96403e-11,1.96956e-14,1.96956e-14,2.14739e-11,-0.500938
4,193,45.5957,36.5145,36.5145,37.8237,1.20549
4,194,80.3885,61.3762,61.3762,65.5759,1.32519
4,197,74.0055,61.1623,61.1623,74.0175,-0.000949904
4,199,46.7067,28.3539,28.3539,39.8477,1.00984
4,216,0.24057,0.0411831,0.0411831,0.206292,0.974817
4,240,0.000119581,4.05769e-6,4.05769e-6,0.000122265,-0.128773
4,264,7.70113e-8,3.99796e-10,3.99796e-10,7.24639e-8,0.368161
4,288,4.01123e-11,3.93912e-14,3.93912e-14,4.29478e-11,-0.38732
4,289,93.2142,73.0291,73.0291,75.6473,1.36236
4,290,140.821,122.752,122.752,131.152,0.432547
4,293,163.994,122.325,122.325,148.035,0.632453
4,295,83.0648,56.7079,56.7079,79.6953,0.248041
4,312,0.467821,0.0823661,0.0823661,0.412585,0.785424
4,336,0.000216825,8.11538e-6,8.11538e-6,0.00024453,-0.664678
4,360,1.49978e-7,7.99592e-10,7.99592e-10,1.44928e-7,0.20443
4,384,7.76195e-11,7.87823e-14,7.87823e-14,8.58955e-11,-0.565258
4,385,82.1759,73.0291,73.0291,75.6473,0.506311
4,386,137.631,122.752,122.752,131.152,0.289812
4,389,178.053,122.325,122.325,148.035,1.1896
4,391,101.678,56.7079,56.7079,79.6953,1.61824
4,408,0.448164,0.0823661,0.0823661,0.412585,0.505907
4,432,0.000234942,8.11538e-6,8.11538e-6,0.00024453,-0.230041
4,456,1.66502e-7,7.99592e-10,7.99592e-10,1.44928e-7,0.873344
4,480,7.21047e-11,7.87823e-14,7.87823e-14,8.58955e-11,-0.941919
4,481,88.1142,73.0291,73.0291,75.6473,0.966848
4,482,149.956,122.752,122.752,131.152,0.841132
4,485,184.31,122.325,122.325,148.035,1.43758
4,487,91.9704,56.7079,56.7079,79.6953,0.903618
4,504,0.504192,0.0823661,0.0823661,0.412585,1.3026
4,528,0.00029686,8.11538e-6,8.11538e-6,0.00024453,1.25547
4,552,1.56417e-7,7.99592e-10,7.99592e-10,1.44928e-7,0.465091
4,576,7.678e-11,7.87823e-14,7.87823e-14,8.58955e-11,-0.622592
4,577,96.4334,73.0291,73.0291,75.6473,1.61202
4,578,151.215,122.752,122.752,131.152,0.897487
4,581,171.296,122.325,122.325,148.035,0.921852
4,583,92.7252,56.7079,56.7079,79.6953,0.959177
4,600,0.50799,0.0823661,0.0823661,0.412585,1.35661
4,624,0.000318521,8.11538e-6,8.11538e-6,0.00024453,1.77516
4,648,1.56146e-7,7.99592e-10,7.99592e-10,1.44928e-7,0.454123
5,0,0,0,0,0,0
5,1,3.94237,3.65145,3.65145,3.63763,0.491485
5,2,6.0474,6.13762,6.13762,6.09438,-0.0452256
5,5,6.5784,6.11623,6.11623,5.99338,0.57266
5,7,2.49988,2.83539,2.83539,2.73374,-0.501861
5,24,0.00405646,0.00411831,0.00411831,0.00345927,1.0128
5,48,3.43343e-7,4.05769e-7,4.05769e-7,2.8055e-7,1.31308
5,72,2.53598e-11,3.99796e-11,3.99796e-11,2.27529e-11,0.672167
5,96,2.06599e-15,3.93912e-15,3.93912e-15,1.84528e-15,0.701709
5,97,20.2934,18.2573,18.2573,18.1881,0.679075
5,98,37.9713,30.6881,30.6881,30.4719,1.44383
5,101,30.3947,30.5811,30.5811,29.9669,0.0837509
5,103,15.203,14.177,14.177,13.6687,0.658512
5,120,0.0190318,0.0205915,0.0205915,0.0172963,0.588638
5,144,1.33623e-6,2.02884e-6,2.02884e-6,1.40275e-6,-0.278216
5,168,1.18116e-10,1.99898e-10,1.99898e-10,1.13764e-10,0.2244
5,192,8.60472e-15,1.96956e-14,1.96956e-14,9.22641e-15,-0.395303
5,193,41.2539,36.5145,36.5145,36.3763,0.786653
5,194,73.3839,61.3762,61.3762,60.9438,1.19753
5,197,71.5127,61.1623,61.1623,59.9338,1.13341
5,199,32.2207,28.3539,28.3539,27.3374,1.04796
5,216,0.0343805,0.0411831,0.0411831,0.0345927,-0.0359782
5,240,2.98618e-6,4.05769e-6,4.05769e-6,2.8055e-6,0.377836
5,264,1.99254e-10,3.99796e-10,3.99796e-10,2.27529e-10,-0.729041
5,288,1.81465e-14,3.93912e-14,3.93912e-14,1.84528e-14,-0.0973842
5,289,66.228,73.0291,73.0291,72.7526,-0.526136
5,290,181.321,122.752,122.752,121.888,2.86063
5,293,143.168,122.325,122.325,119.868,1.1404
5,295,53.7047,56.7079,56.7079,54.6748,-0.104089
5,312,0.0770016,0.0823661,0.0823661,0.0691853,0.662792
5,336,4.46771e-6,8.11538e-6,8.11538e-6,5.611e-6,-1.19538
5,360,4.67033e-10,7.99592e-10,7.99592e-10,4.55058e-10,0.154386
5,384,2.69099e-14,7.87823e-14,7.87823e-14,3.69056e-14,-1.58896
5,385,81.4723,73.0291,73.0291,72.7526,0.703147
5,386,140.621,122.752,122.752,121.888,0.901663
5,389,134.184,122.325,122.325,119.868,0.700709
5,391,58.0079,56.7079,56.7079,54.6748,0.357652
5,408,0.0822939,0.0823661,0.0823661,0.0691853,1.11156
5,432,6.39619e-6,8.11538e-6,8.11538e-6,5.611e-6,0.820971
5,456,3.79999e-10,7.99592e-10,7.99592e-10,4.55058e-10,-0.967667
5,480,3.44759e-14,7.87823e-14,7.87823e-14,3.69056e-14,-0.38624
5,481,75.232,73.0291,73.0291,72.7526,0.199935
5,482,131.92,122.752,122.752,121.888,0.482878
5,485,151.555,122.325,122.325,119.868,1.55088
5,487,52.9676,56.7079,56.7079,54.6748,-0.183183
5,504,0.0818752,0.0823661,0.0823661,0.0691853,1.07606
5,528,5.53528e-6,8.11538e-6,8.11538e-6,5.611e-6,-0.0791685
5,552,4.57185e-10,7.99592e-10,7.99592e-10,4.55058e-10,0.0274212
5,576,3.96203e-14,7.87823e-14,7.87823e-14,3.69056e-14,0.431529
5,577,86.1293,73.0291,73.0291,72.7526,1.07868
5,578,131.261,122.752,122.752,121.888,0.451139
5,581,152.089,122.325,122.325,119.868,1.57701
5,583,59.2103,56.7079,56.7079,54.6748,0.486664
5,600,0.0878055,0.0823661,0.0823661,0.0691853,1.57893
5,624,6.59797e-6,8.11538e-6,8.11538e-6,5.611e-6,1.03194
5,648,4.73185e-10,7.99592e-10,7.99592e-10,4.55058e-10,0.233705
6,0,0,0,0,0,0
6,1,4.37145,3.65145,3.65145,3.54338,1.37101
6,2,7.06927,6.13762,6.13762,5.80515,1.27752
6,5,6.40556,6.11623,6.11623,5.21518,1.33908
6,7,2.61136,2.83539,2.83539,2.12484,1.34327
6,24,0.00100118,0.00411831,0.00411831,0.00102994,-0.16378
6,48,2.43622e-8,4.05769e-7,4.05769e-7,2.15524e-8,0.76485
6,72,4.0661e-13,3.99796e-11,3.99796e-11,4.51002e-13,-0.577459
6,96,7.45399e-18,3.93912e-15,3.93912e-15,9.43762e-18,-0.00893349
6,97,21.0019,18.2573,18.2573,17.7169,1.08776
6,98,28.572,30.6881,30.6881,29.0257,-0.0917139
6,101,29.4881,30.5811,30.5811,26.0759,0.767687
6,103,11.5827,14.177,14.177,10.6242,0.529274
6,120,0.00692565,0.0205915,0.0205915,0.00514969,2.02323
6,144,1.24023e-7,2.02884e-6,2.02884e-6,1.07762e-7,0.885303
6,168,2.09644e-12,1.99898e-10,1.99898e-10,2.25501e-12,-0.412542
6,192,3.69364e-17,1.96956e-14,1.96956e-14,4.71881e-17,-0.0461697
6,193,44.5371,36.5145,36.5145,35.4338,1.5072
6,194,66.8114,61.3762,61.3762,58.0515,0.88528
6,197,62.5493,61.1623,61.1623,52.1518,1.16963
6,199,21.4072,28.3539,28.3539,21.2484,0.0438303
6,216,0.0138427,0.0411831,0.0411831,0.0102994,2.01832
6,240,2.42651e-7,4.05769e-6,4.05769e-6,2.15524e-7,0.738427
6,264,4.11314e-12,3.99796e-10,3.99796e-10,4.51002e-12,-0.516267
6,288,7.66183e-17,3.93912e-14,3.93912e-14,9.43762e-17,-0.0799744
6,289,75.5607,73.0291,73.0291,70.8677,0.388501
6,290,135.151,122.752,122.752,116.103,0.962514
6,293,119.192,122.325,122.325,104.304,0.837396
6,295,49.1098,56.7079,56.7079,42.4968,0.912919
6,312,0.023249,0.0823661,0.0823661,0.0205988,0.7548
6,336,4.45306e-7,8.11538e-6,8.11538e-6,4.31047e-7,0.194065
6,360,9.67068e-12,7.99592e-10,7.99592e-10,9.02004e-12,0.423178
6,384,1.59466e-16,7.87823e-14,7.87823e-14,1.88752e-16,-0.131892
6,385,85.0863,73.0291,73.0291,70.8677,1.17706
6,386,129.792,122.752,122.752,116.103,0.691706
6,389,123.186,122.325,122.325,104.304,1.06204
6,391,44.1123,56.7079,56.7079,42.4968,0.223011
6,408,0.0208762,0.0823661,0.0823661,0.0205988,0.0790102
6,432,4.62306e-7,8.11538e-6,8.11538e-6,4.31047e-7,0.425437
6,456,7.66377e-12,7.99592e-10,7.99592e-10,9.02004e-12,-0.882129
6,480,1.54741e-16,7.87823e-14,7.87823e-14,1.88752e-16,-0.153175
6,481,79.7669,73.0291,73.0291,70.8677,0.736705
6,482,137.051,122.752,122.752,116.103,1.0585
6,485,112.993,122.325,122.325,104.304,0.488745
6,487,53.5004,56.7079,56.7079,42.4968,1.51904
6,504,0.0227223,0.0823661,0.0823661,0.0205988,0.604806
6,528,4.30498e-7,8.11538e-6,8.11538e-6,4.31047e-7,-0.00747927
6,552,7.2382e-12,7.99592e-10,7.99592e-10,9.02004e-12,-1.15892
6,576,1.61906e-16,7.87823e-14,7.87823e-14,1.88752e-16,-0.120907
6,577,80.2214,73.0291,73.0291,70.8677,0.774334
6,578,166.191,122.752,122.752,116.103,2.53095
6,581,145.268,122.325,122.325,104.304,2.30409
6,583,50.1335,56.7079,56.7079,42.4968,1.05424
6,600,0.0198283,0.0823661,0.0823661,0.0205988,-0.219428
6,624,4.56048e-7,8.11538e-6,8.11538e-6,4.31047e-7,0.340262
6,648,8.52567e-12,7.99592e-10,7.99592e-10,9.02004e-12,-0.321545
7,0,0,0,0,0,0
7,1,4.80673,3.65145,3.65145,3.77618,1.60106
7,2,7.64895,6.13762,6.13762,6.53732,0.997594
7,5,7.68859,6.11623,6.11623,7.33574,0.282185
7,7,5.1548,2.83539,2.83539,3.92206,1.84395
7,24,0.023083,0.00411831,0.00411831,0.0191475,1.20583
7,48,1.34124e-5,4.05769e-7,4.05769e-7,1.04461e-5,1.6659
7,72,5.66666e-9,3.99796e-11,3.99796e-11,5.69897e-9,-0.0332542
7,96,2.74427e-12,3.93912e-15,3.93912e-15,3.10913e-12,-0.688455
7,97,22.842,18.2573,18.2573,18.8809,1.23079
7,98,36.4021,30.6881,30.6881,32.6866,0.666864
7,101,30.6775,30.5811,30.5811,36.6787,-0.959876
7,103,25.7973,14.177,14.177,19.6103,1.85092
7,120,0.0958702,0.0205915,0.0205915,0.0957373,0.00814274
7,144,4.35591e-5,2.02884e-6,2.02884e-6,5.22304e-5,-0.973988
7,168,3.02885e-8,1.99898e-10,1.99898e-10,2.84948e-8,0.369288
7,192,1.5642e-11,1.96956e-14,1.96956e-14,1.55456e-11,0.0363561
7,193,42.3507,36.5145,36.5145,37.7618,0.712934
7,194,83.0571,61.3762,61.3762,65.3732,1.58698
7,197,81.1691,61.1623,61.1623,73.3574,0.62473
7,199,45.1743,28.3539,28.3539,39.2206,0.890556
7,216,0.245694,0.0411831,0.0411831,0.191475,1.66126
7,240,0.000102023,4.05769e-6,4.05769e-6,0.000104461,-0.136897
7,264,5.01454e-8,3.99796e-10,3.99796e-10,5.69897e-8,-0.704564
7,288,3.11059e-11,3.93912e-14,3.93912e-14,3.10913e-11,0.0027676
7,289,119.534,91.2864,91.2864,94.4045,1.56166
7,290,216.916,153.441,153.441,163.433,1.91986
7,293,191.53,152.906,152.906,183.394,0.26028
7,295,96.7228,70.8849,70.8849,98.0515,-0.0795003
7,312,0.503882,0.102958,0.102958,0.478687,0.308792
7,336,0.000285723,1.01442e-5,1.01442e-5,0.000261152,0.551982
7,360,1.48969e-7,9.99491e-10,9.99491e-10,1.42474e-7,0.267421
7,384,6.90899e-11,9.84779e-14,9.84779e-14,7.77282e-11,-0.651989
7,385,106.942,91.2864,91.2864,94.4045,0.779123
7,386,221.136,153.441,153.441,163.433,2.07134
7,389,217.075,152.906,152.906,183.394,1.07746
7,391,114.199,70.8849,70.8849,98.0515,0.966115
7,408,0.452857,0.102958,0.102958,0.478687,-0.316556
7,432,0.000271354,1.01442e-5,1.01442e-5,0.000261152,0.22919
7,456,1.15242e-7,9.99491e-10,9.99491e-10,1.42474e-7,-1.12134
7,480,7.14336e-11,9.84779e-14,9.84779e-14,7.77282e-11,-0.475098
7,481,109.779,91.2864,91.2864,94.4045,0.955449
7,482,201.048,153.441,153.441,163.433,1.35026
7,485,238.826,152.906,152.906,183.394,1.77324
7,487,111.088,70.8849,70.8849,98.0515,0.779997
7,504,0.441744,0.102958,0.102958,0.478687,-0.452754
7,528,0.000307373,1.01442e-5,1.01442e-5,0.000261152,1.03834
7,552,1.48054e-7,9.99491e-10,9.99491e-10,1.42474e-7,0.229746
7,576,9.37567e-11,9.84779e-14,9.84779e-14,7.77282e-11,1.20978
7,577,105.527,91.2864,91.2864,94.4045,0.691216
7,578,210.27,153.441,153.441,163.433,1.68129
7,581,225.03,152.906,152.906,183.394,1.33192
7,583,99.5953,70.8849,70.8849,98.0515,0.092365
7,600,0.552355,0.102958,0.102958,0.478687,0.902865
7,624,0.000254354,1.01442e-5,1.01442e-5,0.000261152,-0.152707
7,648,1.53305e-7,9.99491e-10,9.99491e-10,1.42474e-7,0.445978
8,0,0,0,0,0,0
8,1,4.2852,3.65145,3.65145,3.44633,1.428
8,2,7.01061,6.13762,6.13762,5.51732,1.58785
8,5,4.93638,6.11623,6.11623,4.51277,0.550705
8,7,2.15287,2.83539,2.83539,1.62961,1.88373
8,24,0.000246955,0.00411831,0.00411831,0.000283166,-0.750221
8,48,1.47831e-9,4.05769e-7,4.05769e-7,1.39233e-9,0.362263
8,72,5.38095e-15,3.99796e-11,3.99796e-11,6.84613e-15,-1.25556
8,96,2.58835e-20,3.93912e-15,3.93912e-15,3.36626e-20,-3.50338e-5
8,97,19.5953,18.2573,18.2573,17.2317,0.804711
8,98,28.9409,30.6881,30.6881,27.5866,0.288002
8,101,22.0637,30.5811,30.5811,22.5638,-0.130036
8,103,9.36675,14.177,14.177,8.14807,0.877463
8,120,0.00165204,0.0205915,0.0205915,0.00141583,0.978788
8,144,7.10798e-9,2.02884e-6,2.02884e-6,6.96166e-9,0.123304
8,168,3.44803e-14,1.99898e-10,1.99898e-10,3.42306e-14,0.0427912
8,192,1.61752e-19,1.96956e-14,1.96956e-14,1.68313e-19,-2.95497e-5
8,193,44.6119,36.5145,36.5145,34.4633,1.7276
8,194,69.4013,61.3762,61.3762,55.1732,1.5129
8,197,56.0903,61.1623,61.1623,45.1277,1.42516
8,199,19.4808,28.3539,28.3539,16.2961,1.14651
8,216,0.0024853,0.0411831,0.0411831,0.00283166,-0.717592
8,240,1.55038e-8,4.05769e-6,4.05769e-6,1.39233e-8,0.665926
8,264,6.66018e-14,3.99796e-10,3.99796e-10,6.84613e-14,-0.159344
8,288,2.94255e-19,3.93912e-14,3.93912e-14,3.36626e-19,-0.000190822
8,289,97.0575,91.2864,91.2864,86.1583,0.742147
8,290,194.652,153.441,153.441,137.933,2.41244
8,293,138.466,152.906,152.906,112.819,1.33364
8,295,41.9844,70.8849,70.8849,40.7403,0.179143
8,312,0.00733335,0.102958,0.102958,0.00707914,0.21067
8,336,4.06585e-8,1.01442e-5,1.01442e-5,3.48083e-8,0.986013
8,360,1.75677e-13,9.99491e-10,9.99491e-10,1.71153e-13,0.155077
8,384,7.59637e-19,9.84779e-14,9.84779e-14,8.41565e-19,-0.000368967
8,385,113.798,91.2864,91.2864,86.1583,1.88205
8,386,149.832,153.441,153.441,137.933,0.506078
8,389,118.915,152.906,152.906,112.819,0.316968
8,391,54.5,70.8849,70.8849,40.7403,1.98141
8,408,0.00623919,0.102958,0.102958,0.00707914,-0.696092
8,432,2.79543e-8,1.01442e-5,1.01442e-5,3.48083e-8,-1.15519
8,456,1.7109e-13,9.99491e-10,9.99491e-10,1.71153e-13,-0.0021601
8,480,6.90585e-19,9.84779e-14,9.84779e-14,8.41565e-19,-0.000679953
8,481,106.704,91.2864,91.2864,86.1583,1.39901
8,482,165.324,153.441,153.441,137.933,1.165
8,485,138.041,152.906,152.906,112.819,1.31157
8,487,43.6921,70.8849,70.8849,40.7403,0.425055
8,504,0.00892968,0.102958,0.102958,0.00707914,1.53359
8,528,4.18381e-8,1.01442e-5,1.01442e-5,3.48083e-8,1.18481
8,552,1.82259e-13,9.99491e-10,9.99491e-10,1.71153e-13,0.380681
8,576,7.31158e-19,9.84779e-14,9.84779e-14,8.41565e-19,-0.000497229
8,577,107.147,91.2864,91.2864,86.1583,1.42914
8,578,169.88,153.441,153.441,137.933,1.35879
8,581,133.034,152.906,152.906,112.819,1.0512
8,583,43.666,70.8849,70.8849,40.7403,0.421303
8,600,0.00795232,0.102958,0.102958,0.00707914,0.72363
8,624,3.8472e-8,1.01442e-5,1.01442e-5,3.48083e-8,0.617497
8,648,1.52291e-13,9.99491e-10,9.99491e-10,1.71153e-13,-0.646534
9,0,0,0,0,0,0
9,1,4.12798,3.65145,3.65145,3.35126,1.35973
9,2,6.33948,6.13762,6.13762,5.24509,1.22408
9,5,4.62778,6.11623,6.11623,3.91062,1.07588
9,7,1.56683,2.83539,2.83539,1.24885,1.49373
9,24,9.76132e-5,0.00411831,0.00411831,7.63437e-5,1.63447
9,48,8.94768e-11,4.05769e-7,4.05769e-7,8.58945e-11,0.244674
9,72,9.6174e-17,3.99796e-11,3.99796e-11,9.66402e-17,-0.00209972
9,96,7.97891e-23,3.93912e-15,3.93912e-15,1.0873e-22,-1.30339e-7
9,97,16.7822,18.2573,18.2573,16.7563,0.00907659
9,98,33.672,30.6881,30.6881,26.2255,1.66581
9,101,22.7589,30.5811,30.5811,19.5531,0.961866
9,103,6.71762,14.177,14.177,6.24427,0.444722
9,120,0.000373651,0.0205915,0.0205915,0.000381718,-0.123986
9,144,4.16549e-10,2.02884e-6,2.02884e-6,4.29473e-10,-0.17654
9,168,4.28664e-16,1.99898e-10,1.99898e-10,4.83201e-16,-0.245615
9,192,5.12204e-22,1.96956e-14,1.96956e-14,5.43651e-22,-1.41625e-7
9,193,36.7113,36.5145,36.5145,33.5126,0.559964
9,194,57.5727,61.3762,61.3762,52.4509,0.572873
9,197,47.3929,61.1623,61.1623,39.1062,1.24316
9,199,14.9311,28.3539,28.3539,12.4885,1.14741
9,216,0.000859626,0.0411831,0.0411831,0.000763437,0.739175
9,240,8.83021e-10,4.05769e-6,4.05769e-6,8.58945e-10,0.16444
9,264,8.23229e-16,3.99796e-10,3.99796e-10,9.66402e-16,-0.644798
9,288,1.10371e-21,3.93912e-14,3.93912e-14,1.0873e-21,7.38704e-8
9,289,100.973,91.2864,91.2864,83.7815,1.20382
9,290,138.077,153.441,153.441,131.127,0.310948
9,293,124.225,152.906,152.906,97.7655,1.58777
9,295,36.2001,70.8849,70.8849,31.2214,0.935535
9,312,0.00212246,0.102958,0.102958,0.00190859,0.657383
9,336,2.11505e-9,1.01442e-5,1.01442e-5,2.14736e-9,-0.0882803
9,360,2.14488e-15,9.99491e-10,9.99491e-10,2.41601e-15,-0.658363
10,0,0,0,0,0,0
10,1,23.4354,18.2573,18.2573,19.3488,1.23906
10,2,43.4246,30.6881,30.6881,34.2432,1.57299
10,5,49.6975,30.5811,30.5811,41.9797,1.07857
10,7,22.9903,14.177,14.177,24.8756,-0.444635
10,24,0.344312,0.0205915,0.0205915,0.291086,1.07274
10,48,0.000653733,2.02884e-6,2.02884e-6,0.000545559,1.16325
10,72,9.18742e-7,1.99898e-10,1.99898e-10,1.0225e-6,-0.595304
10,96,1.82372e-9,1.96956e-14,1.96956e-14,1.91638e-9,-0.283652
10,97,51.7987,36.5145,36.5145,38.6977,1.98615
10,98,80.5659,61.3762,61.3762,68.4864,1.03474
10,101,92.0745,61.1623,61.1623,83.9593,0.567051
10,103,60.7921,28.3539,28.3539,49.7512,1.30194
10,120,0.692372,0.0411831,0.0411831,0.582172,1.11051
10,144,0.00109105,4.05769e-6,4.05769e-6,0.00109112,-0.000348834
10,168,2.35574e-6,3.99796e-10,3.99796e-10,2.04499e-6,0.891462
10,192,3.48573e-9,3.93912e-14,3.93912e-14,3.83276e-9,-0.531188
10,193,120.553,91.2864,91.2864,96.7442,1.44382
10,194,183.163,153.441,153.441,171.216,0.409365
10,197,208.972,152.906,152.906,209.898,-0.0258837
10,199,131.183,70.8849,70.8849,124.378,0.320959
10,216,1.54746,0.102958,0.102958,1.45543,0.370966
10,240,0.00273155,1.01442e-5,1.01442e-5,0.00272779,0.00806999
10,264,4.69513e-6,9.99491e-10,9.99491e-10,5.11248e-6,-0.478924
10,288,8.10855e-9,9.84779e-14,9.84779e-14,9.58191e-9,-0.902087
10,289,237.186,182.573,182.573,193.488,1.32492
10,290,400.812,306.881,306.881,342.432,1.00018
10,293,508.384,305.811,305.811,419.797,1.23801
10,295,277.554,141.77,141.77,248.756,0.679169
10,312,3.25968,0.205915,0.205915,2.91086,0.703017
10,336,0.00578403,2.02884e-5,2.02884e-5,0.00545559,0.353189
10,360,1.02799e-5,1.99898e-9,1.99898e-9,1.0225e-5,0.0315457
10,384,1.65102e-8,1.96956e-13,1.96956e-13,1.91638e-8,-0.812366
10,385,217.261,182.573,182.573,193.488,0.720801
10,386,280.548,306.881,306.881,342.432,-1.06022
10,389,510.794,305.811,305.811,419.797,1.27169
10,391,265.644,141.77,141.77,248.756,0.398283
10,408,3.24667,0.205915,0.205915,2.91086,0.676812
10,432,0.00617135,2.02884e-5,2.02884e-5,0.00545559,0.769694
10,456,1.11522e-5,1.99898e-9,1.99898e-9,1.0225e-5,0.532022
10,480,2.16838e-8,1.96956e-13,1.96956e-13,1.91638e-8,0.771461
10,481,244.208,182.573,182.573,193.488,1.53785
10,482,373.687,306.881,306.881,342.432,0.535467
10,485,490.172,305.811,305.811,419.797,0.983499
10,487,316.679,141.77,141.77,248.756,1.6019
10,504,3.30276,0.205915,0.205915,2.91086,0.789846
10,528,0.00621798,2.02884e-5,2.02884e-5,0.00545559,0.819838
10,552,1.10026e-5,1.99898e-9,1.99898e-9,1.0225e-5,0.446182
10,576,1.68753e-8,1.96956e-13,1.96956e-13,1.91638e-8,-0.700576
10,577,219.566,182.573,182.573,193.488,0.790697
10,578,395.176,306.881,306.881,342.432,0.903619
10,581,422.615,305.811,305.811,419.797,0.0393892
10,583,269.131,141.77,141.77,248.756,0.480518
10,600,2.83404,0.205915,0.205915,2.91086,-0.154829
10,624,0.00543057,2.02884e-5,2.02884e-5,0.00545559,-0.0268999
10,648,9.55252e-6,1.99898e-9,1.99898e-9,1.0225e-5,-0.385822
11,0,0,0,0,0,0
11,1,20.1039,18.2573,18.2573,17.2909,0.954439
11,2,33.5858,30.6881,30.6881,27.7596,1.2313
11,5,23.1915,30.5811,30.5811,22.9677,0.0571653
11,7,9.24964,14.177,14.177,8.41916,0.578699
11,24,0.00187402,0.0205915,0.0205915,0.00166168,0.749689
11,48,9.72903e-9,2.02884e-6,2.02884e-6,9.78029e-9,-0.0307464
11,72,5.69715e-14,1.99898e-10,1.99898e-10,5.75647e-14,-0.0604531
12,0,0,0,0,0,0
12,1,21.968,18.2573,18.2573,18.1182,1.24657
12,2,36.4287,30.6881,30.6881,30.2541,1.19733
12,5,36.8818,30.5811,30.5811,29.3569,1.50376
12,7,15.5767,14.177,14.177,13.1713,1.07141
12,24,0.0151157,0.0205915,0.0205915,0.0144855,0.255237
12,48,9.03099e-7,2.02884e-6,2.02884e-6,9.63724e-7,-0.369054
12,72,7.2067e-11,1.99898e-10,1.99898e-10,6.41168e-11,0.727443
12,96,4.34393e-15,1.96956e-14,1.96956e-14,4.2657e-15,0.107593
12,97,42.5337,36.5145,36.5145,36.2364,1.01953
12,98,69.0257,61.3762,61.3762,60.5083,0.825821
12,101,64.9948,61.1623,61.1623,58.7139,0.62759
12,103,35.3504,28.3539,28.3539,26.3426,2.00609
12,120,0.0304402,0.0411831,0.0411831,0.028971,0.297508
12,144,1.99115e-6,4.05769e-6,4.05769e-6,1.92745e-6,0.193883
12,168,1.4045e-10,3.99796e-10,3.99796e-10,1.28234e-10,0.558884
12,192,8.33762e-15,3.93912e-14,3.93912e-14,8.5314e-15,-0.133259
12,193,91.4403,91.2864,91.2864,90.591,0.0550018
12,194,161.866,153.441,153.441,151.271,0.410922
12,197,164.625,152.906,152.906,146.785,0.713058
12,199,63.25,70.8849,70.8849,65.8566,-0.232195
12,216,0.0814048,0.102958,0.102958,0.0724276,0.727162
12,240,5.36915e-6,1.01442e-5,1.01442e-5,4.81862e-6,0.670264
12,264,3.35493e-10,9.99491e-10,9.99491e-10,3.20584e-10,0.272843
12,288,1.95817e-14,9.84779e-14,9.84779e-14,2.13285e-14,-0.480474
12,289,226.331,182.573,182.573,181.182,1.46194
12,290,364.172,306.881,306.881,302.541,1.1951
12,293,333.544,305.811,305.811,293.569,0.79886
12,295,156.162,141.77,141.77,131.713,1.08899
12,312,0.162645,0.205915,0.205915,0.144855,0.720504
12,336,1.04084e-5,2.02884e-5,2.02884e-5,9.63724e-6,0.469455
12,360,6.16528e-10,1.99898e-9,1.99898e-9,6.41168e-10,-0.225453
12,384,3.83288e-14,1.96956e-13,1.96956e-13,4.2657e-14,-0.59527
12,385,249.494,182.573,182.573,181.182,2.21196
12,386,368.651,306.881,306.881,302.541,1.28194
12,389,292.016,305.811,305.811,293.569,-0.0310523
12,391,140.451,141.77,141.77,131.713,0.389198
12,408,0.153804,0.205915,0.205915,0.144855,0.362433
12,432,9.59342e-6,2.02884e-5,2.02884e-5,9.63724e-6,-0.0266777
12,456,5.95342e-10,1.99898e-9,1.99898e-9,6.41168e-10,-0.419304
12,480,4.08191e-14,1.96956e-13,1.96956e-13,4.2657e-14,-0.252775
12,481,221.715,182.573,182.573,181.182,1.31246
12,482,269.488,306.881,306.881,302.541,-0.640949
12,485,368.695,305.811,305.811,293.569,1.5013
12,487,131.166,141.77,141.77,131.713,-0.0243796
12,504,0.163606,0.205915,0.205915,0.144855,0.759422
12,528,9.78265e-6,2.02884e-5,2.02884e-5,9.63724e-6,0.088519
12,552,6.60271e-10,1.99898e-9,1.99898e-9,6.41168e-10,0.174791
12,576,4.19433e-14,1.96956e-13,1.96956e-13,4.2657e-14,-0.098162
12,577,216.795,182.573,182.573,181.182,1.15316
12,578,360.711,306.881,306.881,302.541,1.12798
12,581,342.477,305.811,305.811,293.569,0.97737
12,583,147.255,141.77,141.77,131.713,0.692251
12,600,0.155094,0.205915,0.205915,0.144855,0.414661
12,624,9.71758e-6,2.02884e-5,2.02884e-5,9.63724e-6,0.0489019
12,648,7.7141e-10,1.99898e-9,1.99898e-9,6.41168e-10,1.19171
13,0,0,0,0,0,0
13,1,24.0363,18.2573,18.2573,19.1631,1.49189
13,2,36.0486,30.6881,30.6881,33.6194,0.423903
13,5,46.3975,30.5811,30.5811,39.7952,0.973329
13,7,27.9701,14.177,14.177,22.6472,1.37887
13,24,0.203831,0.0205915,0.0205915,0.187964,0.495236
13,48,0.000265758,2.02884e-6,2.02884e-6,0.000216909,1.32119
13,72,2.74127e-7,1.99898e-10,1.99898e-10,2.50312e-7,0.558177
13,96,2.74099e-10,1.96956e-14,1.96956e-14,2.88858e-10,-0.299751
13,97,50.0533,36.5145,36.5145,38.3262,1.7951
13,98,78.6044,61.3762,61.3762,67.2388,0.991661
13,101,102.328,61.1623,61.1623,79.5904,1.67599
13,103,51.58,28.3539,28.3539,45.2944,0.814142
13,120,0.418583,0.0411831,0.0411831,0.375928,0.665673
13,144,0.000467832,4.05769e-6,4.05769e-6,0.000433818,0.459983
13,168,4.60098e-7,3.99796e-10,3.99796e-10,5.00624e-7,-0.474908
13,192,4.9127e-10,3.93912e-14,3.93912e-14,5.77716e-10,-0.877851
13,193,102.152,91.2864,91.2864,95.8155,0.387968
13,194,192.144,153.441,153.441,168.097,0.839247
13,197,214.889,152.906,152.906,198.976,0.469173
13,199,131.939,70.8849,70.8849,113.236,0.96899
13,216,0.782892,0.102958,0.102958,0.93982,-0.979596
13,240,0.00125532,1.01442e-5,1.01442e-5,0.00108455,0.923761
13,264,1.12702e-6,9.99491e-10,9.99491e-10,1.25156e-6,-0.583764
13,288,1.3924e-9,9.84779e-14,9.84779e-14,1.44429e-9,-0.210769
13,289,264.102,182.573,182.573,191.631,2.21867
13,290,411.38,306.881,306.881,336.194,1.31202
13,293,456.167,305.811,305.811,397.952,0.85822
13,295,277.318,141.77,141.77,226.472,1.31715
13,312,1.65184,0.205915,0.205915,1.87964,-0.710989
13,336,0.00255181,2.02884e-5,2.02884e-5,0.00216909,1.03513
13,360,2.69888e-6,1.99898e-9,1.99898e-9,2.50312e-6,0.458822
13,384,2.70609e-9,1.96956e-13,1.96956e-13,2.88858e-9,-0.370631
13,385,240.32,182.573,182.573,191.631,1.49059
13,386,398.125,306.881,306.881,336.194,1.08072
13,389,380.291,305.811,305.811,397.952,-0.26036
13,391,250.974,141.77,141.77,226.472,0.634726
13,408,2.02429,0.205915,0.205915,1.87964,0.451467
13,432,0.0024945,2.02884e-5,2.02884e-5,0.00216909,0.880125
13,456,2.71476e-6,1.99898e-9,1.99898e-9,2.50312e-6,0.496036
13,480,2.76107e-9,1.96956e-13,1.96956e-13,2.88858e-9,-0.258983
13,481,221.726,182.573,182.573,191.631,0.921341
13,482,386.76,306.881,306.881,336.194,0.882385
13,485,446.333,305.811,305.811,397.952,0.713246
13,487,233.364,141.77,141.77,226.472,0.178548
13,504,2.13268,0.205915,0.205915,1.87964,0.789788
13,528,0.00245287,2.02884e-5,2.02884e-5,0.00216909,0.767513
13,552,2.79107e-6,1.99898e-9,1.99898e-9,2.50312e-6,0.674886
13,576,2.61862e-9,1.96956e-13,1.96956e-13,2.88858e-9,-0.548292
13,577,192.728,182.573,182.573,191.631,0.0335863
13,578,336.153,306.881,306.881,336.194,-0.000721095
13,581,601.954,305.811,305.811,397.952,3.00744
13,583,247.831,141.77,141.77,226.472,0.553296
13,600,2.26414,0.205915,0.205915,1.87964,1.2001
13,624,0.00259629,2.02884e-5,2.02884e-5,0.00216909,1.15544
13,648,2.41333e-6,1.99898e-9,1.99898e-9,2.50312e-6,-0.210435
14,0,0,0,0,0,0
14,1,19.1619,18.2573,18.2573,18.4601,0.223023
14,2,35.9126,30.6881,30.6881,31.3287,0.858382
14,5,35.6784,30.5811,30.5811,32.4522,0.583223
14,7,18.615,14.177,14.177,15.7702,1.0583
14,24,0.0355745,0.0205915,0.0205915,0.0341887,0.23781
14,48,5.13415e-6,2.02884e-6,2.02884e-6,5.9293e-6,-0.786751
14,72,9.12814e-10,1.99898e-10,1.99898e-10,1.02831e-9,-0.658932
14,96,1.66128e-13,1.96956e-14,1.96956e-14,1.78339e-13,-0.401703
14,97,43.7753,36.5145,36.5145,36.9203,1.08928
14,98,75.9354,61.3762,61.3762,62.6575,1.24322
14,101,80.1944,61.1623,61.1623,64.9044,1.38205
14,103,36.3583,28.3539,28.3539,31.5404,0.896144
14,120,0.0602857,0.0411831,0.0411831,0.0683773,-0.694248
14,144,1.2501e-5,4.05769e-6,4.05769e-6,1.18586e-5,0.317831
14,168,1.79078e-9,3.99796e-10,3.99796e-10,2.05662e-9,-0.75835
14,192,3.00889e-13,3.93912e-14,3.93912e-14,3.56678e-13,-0.917623
14,193,101.568,91.2864,91.2864,92.3007,0.589042
14,194,162.367,153.441,153.441,156.644,0.214339
14,197,191.177,152.906,152.906,162.261,1.04548
14,199,82.7844,70.8849,70.8849,78.8511,0.292645
14,216,0.199112,0.102958,0.102958,0.170943,0.966731
14,240,3.30491e-5,1.01442e-5,1.01442e-5,2.96465e-5,0.673329
14,264,5.51059e-9,9.99491e-10,9.99491e-10,5.14156e-9,0.421075
14,288,8.57907e-13,9.84779e-14,9.84779e-14,8.91694e-13,-0.222293
14,289,190.553,182.573,182.573,184.601,0.189152
14,290,350.879,306.881,306.881,313.287,0.70395
14,293,422.276,305.811,305.811,324.522,1.76719
14,295,151.555,141.77,141.77,157.702,-0.228699
14,312,0.351539,0.205915,0.205915,0.341887,0.165638
14,336,7.55879e-5,2.02884e-5,2.02884e-5,5.9293e-5,1.61228
14,360,1.04829e-8,1.99898e-9,1.99898e-9,1.02831e-8,0.113965
14,384,1.81191e-12,1.96956e-13,1.96956e-13,1.78339e-12,0.0938303
14,385,247.575,182.573,182.573,184.601,2.00131
14,386,350.682,306.881,306.881,313.287,0.70025
14,389,350.5,305.811,305.811,324.522,0.469617
14,391,191.553,141.77,141.77,157.702,1.25929
14,408,0.408742,0.205915,0.205915,0.341887,1.14722
14,432,6.41162e-5,2.02884e-5,2.02884e-5,5.9293e-5,0.477225
14,456,1.06224e-8,1.99898e-9,1.99898e-9,1.02831e-8,0.193543
14,480,2.19795e-12,1.96956e-13,1.96956e-13,1.78339e-12,1.36375
14,481,190.156,182.573,182.573,184.601,0.176516
14,482,371.915,306.881,306.881,313.287,1.09787
14,485,383.766,305.811,305.811,324.522,1.071
14,487,188.43,141.77,141.77,157.702,1.1431
14,504,0.391608,0.205915,0.205915,0.341887,0.853211
14,528,5.91367e-5,2.02884e-5,2.02884e-5,5.9293e-5,-0.0154606
14,552,1.00498e-8,1.99898e-9,1.99898e-9,1.02831e-8,-0.133096
14,576,1.70533e-12,1.96956e-13,1.96956e-13,1.78339e-12,-0.256773
14,577,211.166,182.573,182.573,184.601,0.844247
14,578,352.067,306.881,306.881,313.287,0.7262
14,581,398.395,305.811,305.811,324.522,1.33546
14,583,196.624,141.77,141.77,157.702,1.44792
14,600,0.410957,0.205915,0.205915,0.341887,1.18522
14,624,6.52514e-5,2.02884e-5,2.02884e-5,5.9293e-5,0.589546
14,648,9.61157e-9,1.99898e-9,1.99898e-9,1.02831e-8,-0.383127
15,0,0,0,0,0,0
15,1,25.2099,18.2573,18.2573,19.8976,1.56628
15,2,41.7072,30.6881,30.6881,36.1322,0.905204
15,5,55.3031,30.5811,30.5811,49.1054,0.740447
15,7,39.3795,14.177,14.177,32.6894,1.20067
15,24,1.3847,0.0205915,0.0205915,1.02864,2.0307
15,48,0.00941966,2.02884e-6,2.02884e-6,0.00779101,1.22639
15,72,5.66992e-5,1.99898e-10,1.99898e-10,5.90096e-5,-0.229697
15,96,4.49611e-7,1.96956e-14,1.96956e-14,4.46942e-7,0.0350277
15,97,47.5475,36.5145,36.5145,39.7952,1.14285
15,98,83.0185,61.3762,61.3762,72.2643,0.87306
15,101,139.95,61.1623,61.1623,98.2107,2.49334
15,103,80.6604,28.3539,28.3539,65.3787,1.37128
15,120,2.34566,0.0411831,0.0411831,2.05729,0.822337
15,144,0.0158858,4.05769e-6,4.05769e-6,0.015582,0.11438
15,168,0.000123204,3.99796e-10,3.99796e-10,0.000118019,0.257713
15,192,9.46386e-7,3.93912e-14,3.93912e-14,8.93885e-7,0.344573
15,193,112.494,91.2864,91.2864,99.4881,0.766956
15,194,199.017,153.441,153.441,180.661,0.596085
15,197,339.377,152.906,152.906,245.527,2.24248
15,199,168.999,70.8849,70.8849,163.447,0.199303
15,216,6.19997,0.102958,0.102958,5.14321,1.2054
15,240,0.035724,1.01442e-5,1.01442e-5,0.038955,-0.486595
15,264,0.00030506,9.99491e-10,9.99491e-10,0.000295048,0.199073
15,288,1.99395e-6,9.84779e-14,9.84779e-14,2.23471e-6,-0.63206
15,289,200.378,182.573,182.573,198.976,0.0413347
15,290,355.879,306.881,306.881,361.322,-0.0883707
15,293,591.148,305.811,305.811,491.054,1.19584
15,295,336.125,141.77,141.77,326.894,0.165679
15,312,11.9184,0.205915,0.205915,10.2864,0.930789
15,336,0.0805708,2.02884e-5,2.02884e-5,0.0779101,0.200353
15,360,0.000593299,1.99898e-9,1.99898e-9,0.000590096,0.0318454
15,384,3.77851e-6,1.96956e-13,1.96956e-13,4.46942e-6,-0.906915
15,385,290.173,182.573,182.573,198.976,2.68887
15,386,410.598,306.881,306.881,361.322,0.800094
15,389,613.227,305.811,305.811,491.054,1.45962
15,391,307.913,141.77,141.77,326.894,-0.340648
15,408,14.6691,0.205915,0.205915,10.2864,2.49955
15,432,0.0847584,2.02884e-5,2.02884e-5,0.0779101,0.515686
15,456,0.000579704,1.99898e-9,1.99898e-9,0.000590096,-0.103314
15,480,4.84624e-6,1.96956e-13,1.96956e-13,4.46942e-6,0.494616
15,481,261.053,182.573,182.573,198.976,1.83028
15,482,404.556,306.881,306.881,361.322,0.70199
15,485,586.836,305.811,305.811,491.054,1.14432
15,487,353.179,141.77,141.77,326.894,0.471739
15,504,9.2885,0.205915,0.205915,10.2864,-0.569151
15,528,0.0752265,2.02884e-5,2.02884e-5,0.0779101,-0.202077
15,552,0.00056962,1.99898e-9,1.99898e-9,0.000590096,-0.203569
15,576,4.27874e-6,1.96956e-13,1.96956e-13,4.46942e-6,-0.250297
15,577,177.701,182.573,182.573,198.976,-0.627278
15,578,446.607,306.881,306.881,361.322,1.38476
15,581,554.785,305.811,305.811,491.054,0.761406
15,583,391.361,141.77,141.77,326.894,1.15698
15,600,11.0715,0.205915,0.205915,10.2864,0.447746
15,624,0.0877555,2.02884e-5,2.02884e-5,0.0779101,0.741369
15,648,0.000590379,1.99898e-9,1.99898e-9,0.000590096,0.00281523
16,0,0,0,0,0,0
16,1,32.0797,36.5145,36.5145,31.7261,0.0653778
16,2,55.6634,61.3762,61.3762,47.5899,0.99526
16,5,33.3258,61.1623,61.1623,29.7457,0.706108
16,7,6.94871,28.3539,28.3539,7.43712,-0.385275
16,24,7.26994e-5,0.0411831,0.0411831,5.67865e-5,1.64398
16,48,3.57991e-12,4.05769e-6,4.05769e-6,3.3886e-12,0.331217
16,72,1.76997e-19,3.99796e-10,3.99796e-10,2.02206e-19,-0.000113533
16,96,1.02753e-26,3.93912e-14,3.93912e-14,1.20661e-26,-8.06538e-12
16,97,104.953,91.2864,91.2864,79.3153,1.89636
16,98,135.708,153.441,153.441,118.975,0.825104
16,101,95.8366,152.906,152.906,74.3642,1.69398
16,103,22.1334,70.8849,70.8849,18.5928,1.11717
16,120,0.000142172,0.102958,0.102958,0.000141966,0.00851005
16,144,7.72368e-12,1.01442e-5,1.01442e-5,8.47149e-12,-0.51787
16,168,4.32699e-19,9.99491e-10,9.99491e-10,5.05515e-19,-0.000327935
16,192,1.80544e-26,9.84779e-14,9.84779e-14,3.01654e-26,-5.45429e-11
16,193,193.477,182.573,182.573,158.631,1.28873
16,194,242.779,306.881,306.881,237.95,0.119082
16,197,151.668,305.811,305.811,148.728,0.115959
16,199,47.5966,141.77,141.77,37.1856,1.64251
16,216,0.000281671,0.205915,0.205915,0.000283933,-0.0467255
16,240,1.70441e-11,2.02884e-5,2.02884e-5,1.6943e-11,0.0349986
16,264,7.92848e-19,1.99898e-9,1.99898e-9,1.01103e-18,-0.000982608
16,288,4.54502e-26,1.96956e-13,1.96956e-13,6.03307e-26,-6.70161e-11
16,289,328.371,273.859,273.859,237.946,2.22949
16,290,447.16,460.322,460.322,356.924,1.48318
16,293,238.222,458.717,458.717,223.092,0.397873
16,295,56.9259,212.655,212.655,55.7784,0.120695
16,312,0.000413262,0.308873,0.308873,0.000425899,-0.174074
16,336,2.42944e-11,3.04327e-5,3.04327e-5,2.54145e-11,-0.258552
16,360,1.36095e-18,2.99847e-9,2.99847e-9,1.51655e-18,-0.000700753
16,384,8.58978e-26,2.95434e-13,2.95434e-13,9.04961e-26,-2.07088e-11
16,385,255.845,273.859,273.859,237.946,0.441311
16,386,404.807,460.322,460.322,356.924,0.787036
16,389,230.087,458.717,458.717,223.092,0.183943
16,391,53.4763,212.655,212.655,55.7784,-0.242129
16,408,0.000387671,0.308873,0.308873,0.000425899,-0.526575
16,432,2.59707e-11,3.04327e-5,3.04327e-5,2.54145e-11,0.128409
16,456,1.4285e-18,2.99847e-9,2.99847e-9,1.51655e-18,-0.00039654
16,480,6.48123e-26,2.95434e-13,2.95434e-13,9.04961e-26,-1.1567e-10
16,481,279.863,273.859,273.859,237.946,1.0335
16,482,422.964,460.322,460.322,356.924,1.08548
16,485,248.917,458.717,458.717,223.092,0.679101
16,487,58.427,212.655,212.655,55.7784,0.278572
16,504,0.000512799,0.308873,0.308873,0.000425899,1.19703
16,528,2.04838e-11,3.04327e-5,3.04327e-5,2.54145e-11,-1.13819
16,552,1.17697e-18,2.99847e-9,2.99847e-9,1.51655e-18,-0.00152933
16,576,6.67192e-26,2.95434e-13,2.95434e-13,9.04961e-26,-1.07082e-10
16,577,239.202,273.859,273.859,237.946,0.0309708
16,578,391.028,460.322,460.322,356.924,0.560559
16,581,278.607,458.717,458.717,223.092,1.45987
16,583,67.8001,212.655,212.655,55.7784,1.26442
16,600,0.000391743,0.308873,0.308873,0.000425899,-0.470484
16,624,2.40917e-11,3.04327e-5,3.04327e-5,2.54145e-11,-0.305346
16,648,1.29199e-18,2.99847e-9,2.99847e-9,1.51655e-18,-0.00101132
17,0,0,0,0,0,0
17,1,39.2487,36.5145,36.5145,37.614,0.254959
17,2,73.5569,61.3762,61.3762,64.8906,0.783506
17,5,91.1537,61.1623,61.1623,71.8025,1.58111
17,7,45.4451,28.3539,28.3539,37.7588,1.19424
17,24,0.148148,0.0411831,0.0411831,0.160138,-0.439243
17,48,7.08268e-5,4.05769e-6,4.05769e-6,7.16219e-5,-0.0651241
17,72,3.24764e-8,3.99796e-10,3.99796e-10,3.2033e-8,0.0812093
18,0,0,0,0,0,0
18,1,57.5412,36.5145,36.5145,40.4701,2.47469
18,2,87.1867,61.3762,61.3762,74.6558,0.984716
18,5,151.87,61.1623,61.1623,108.062,2.37838
18,7,105.431,28.3539,28.3539,77.107,2.15504
18,24,4.91564,0.0411831,0.0411831,4.37711,0.721788
18,48,0.068545,4.05769e-6,4.05769e-6,0.0762537,-0.593081
18,72,0.00114002,3.99796e-10,3.99796e-10,0.00132842,-0.832024
18,96,2.09783e-5,3.93912e-14,3.93912e-14,2.31423e-5,-0.548596
18,97,110.378,91.2864,91.2864,101.175,0.533654
18,98,228.853,153.441,153.441,186.64,1.32689
18,101,323.46,152.906,152.906,270.154,1.15759
18,103,211.827,70.8849,70.8849,192.768,0.580056
18,120,9.91042,0.102958,0.102958,10.9428,-0.553471
18,144,0.191256,1.01442e-5,1.01442e-5,0.190634,0.0191232
18,168,0.00338301,9.99491e-10,9.99491e-10,0.00332104,0.109473
18,192,6.51054e-5,9.84779e-14,9.84779e-14,5.78559e-5,0.735113
18,193,205.044,182.573,182.573,202.35,0.0780878
18,194,413.946,306.881,306.881,373.279,0.639145
18,197,707.965,305.811,305.811,540.308,1.82042
18,199,475.418,141.77,141.77,385.535,1.36775
18,216,23.179,0.205915,0.205915,21.8856,0.346735
18,240,0.402482,2.02884e-5,2.02884e-5,0.381268,0.326422
18,264,0.00667207,1.99898e-9,1.99898e-9,0.00664208,0.0264903
18,288,0.000106729,1.96956e-13,1.96956e-13,0.000115712,-0.455456
18,289,270.793,273.859,273.859,303.526,-0.632674
18,290,686.387,460.322,460.322,559.919,1.3251
18,293,867.048,458.717,458.717,810.462,0.409609
18,295,619.496,212.655,212.655,578.303,0.417892
18,312,39.2333,0.308873,0.308873,32.8283,1.14462
18,336,0.639205,3.04327e-5,3.04327e-5,0.571903,0.690401
18,360,0.00898505,2.99847e-9,2.99847e-9,0.00996312,-0.575928
18,384,0.000176794,2.95434e-13,2.95434e-13,0.000173568,0.109036
18,385,323.698,273.859,273.859,303.526,0.389907
18,386,702.268,460.322,460.322,559.919,1.4915
18,389,989.69,458.717,458.717,810.462,1.29738
18,391,606.115,212.655,212.655,578.303,0.282149
18,408,35.8353,0.308873,0.308873,32.8283,0.537362
18,432,0.655301,3.04327e-5,3.04327e-5,0.571903,0.855511
18,456,0.0106682,2.99847e-9,2.99847e-9,0.00996312,0.415184
18,480,0.000156638,2.95434e-13,2.95434e-13,0.000173568,-0.572246
18,481,374.697,273.859,273.859,303.526,1.37564
18,482,523.81,460.322,460.322,559.919,-0.378335
18,485,1047.77,458.717,458.717,810.462,1.71779
18,487,790.07,212.655,212.655,578.303,2.1483
18,504,32.9534,0.308873,0.308873,32.8283,0.0223579
18,528,0.624529,3.04327e-5,3.04327e-5,0.571903,0.539849
18,552,0.012134,2.99847e-9,2.99847e-9,0.00996312,1.27827
18,576,0.000157323,2.95434e-13,2.95434e-13,0.000173568,-0.549088
18,577,387.742,273.859,273.859,303.526,1.62777
18,578,649.943,460.322,460.322,559.919,0.943246
18,581,960.75,458.717,458.717,810.462,1.08789
18,583,664.456,212.655,212.655,578.303,0.873989
18,600,46.0285,0.308873,0.308873,32.8283,2.35897
18,624,0.534535,3.04327e-5,3.04327e-5,0.571903,-0.383328
18,648,0.0102297,2.99847e-9,2.99847e-9,0.00996312,0.15696
19,0,0,0,0,0,0
19,1,39.2993,36.5145,36.5145,35.8889,0.557492
19,2,69.069,61.3762,61.3762,59.436,0.950834
19,5,68.9802,61.1623,61.1623,55.7838,1.38784
19,7,27.2118,28.3539,28.3539,24.0138,0.781286
19,24,0.0223772,0.0411831,0.0411831,0.0185808,1.19868
19,48,7.64554e-7,4.05769e-6,4.05769e-6,7.52492e-7,0.0940362
19,72,3.62775e-11,3.99796e-10,3.99796e-10,3.04748e-11,1.11708
19,96,1.40182e-15,3.93912e-14,3.93912e-14,1.23418e-15,0.754984
19,97,97.3588,91.2864,91.2864,89.7223,0.499328
19,98,180.115,153.441,153.441,148.59,1.24469
19,101,162.262,152.906,152.906,139.459,0.959238
19,103,69.2687,70.8849,70.8849,60.0345,0.902374
19,120,0.0473847,0.102958,0.102958,0.0464519,0.117812
19,144,2.04911e-6,1.01442e-5,1.01442e-5,1.88123e-6,0.523539
19,168,6.97407e-11,9.99491e-10,9.99491e-10,7.6187e-11,-0.496382
19,192,2.62135e-15,9.84779e-14,9.84779e-14,3.08545e-15,-0.882456
19,193,208.279,182.573,182.573,179.445,0.942695
19,194,359.419,306.881,306.881,297.18,1.22867
19,197,377.407,305.811,305.811,278.919,2.07157
19,199,148.376,141.77,141.77,120.069,1.38308
19,216,0.0985788,0.205915,0.205915,0.0929038,0.358365
19,240,4.09403e-6,2.02884e-5,2.02884e-5,3.76246e-6,0.51701
19,264,1.35565e-10,1.99898e-9,1.99898e-9,1.52374e-10,-0.647191
19,288,6.6805e-15,1.96956e-13,1.96956e-13,6.17091e-15,0.484464
19,289,337.01,273.859,273.859,269.167,1.47869
19,290,450.217,460.322,460.322,445.77,0.0585212
19,293,390.424,458.717,458.717,418.378,-0.39199
19,295,200.937,212.655,212.655,180.104,0.678637
19,312,0.120816,0.308873,0.308873,0.139356,-0.780509
19,336,5.92302e-6,3.04327e-5,3.04327e-5,5.64369e-6,0.290361
19,360,2.36162e-10,2.99847e-9,2.99847e-9,2.28561e-10,0.195101
19,384,8.81629e-15,2.95434e-13,2.95434e-13,9.25636e-15,-0.278919
19,385,333.051,273.859,273.859,269.167,1.3924
19,386,497.819,460.322,460.322,445.77,0.685005
19,389,493.675,458.717,458.717,418.378,1.05584
19,391,208.829,212.655,212.655,180.104,0.935688
19,408,0.140151,0.308873,0.308873,0.139356,0.0334988
19,432,6.40726e-6,3.04327e-5,3.04327e-5,5.64369e-6,0.793732
19,456,2.62052e-10,2.99847e-9,2.99847e-9,2.28561e-10,0.859651
19,480,9.37119e-15,2.95434e-13,2.95434e-13,9.25636e-15,0.0727763
19,481,298.167,273.859,273.859,269.167,0.632077
19,482,565.091,460.322,460.322,445.77,1.57035
19,485,421.718,458.717,458.717,418.378,0.046833
19,487,185.567,212.655,212.655,180.104,0.177973
19,504,0.152895,0.308873,0.308873,0.139356,0.569983
19,528,5.18461e-6,3.04327e-5,3.04327e-5,5.64369e-6,-0.477225
19,552,2.08814e-10,2.99847e-9,2.99847e-9,2.28561e-10,-0.506851
19,576,8.10306e-15,2.95434e-13,2.95434e-13,9.25636e-15,-0.730965
19,577,374.182,273.859,273.859,269.167,2.28887
19,578,506.845,460.322,460.322,445.77,0.803788
19,581,433.675,458.717,458.717,418.378,0.214489
19,583,238.663,212.655,212.655,180.104,1.90749
19,600,0.140715,0.308873,0.308873,0.139356,0.0572296
19,624,6.41373e-6,3.04327e-5,3.04327e-5,5.64369e-6,0.800462
19,648,2.4099e-10,2.99847e-9,2.99847e-9,2.28561e-10,0.319023
20,0,0,0,0,0,0
20,1,43.8129,36.5145,36.5145,35.4051,1.39318
20,2,66.8188,61.3762,61.3762,57.9647,0.896133
20,5,60.4358,61.1623,61.1623,51.9299,0.960934
20,7,28.9971,28.3539,28.3539,21.0839,2.20188
20,24,0.00970274,0.0411831,0.0411831,0.0099193,-0.128078
20,48,2.15647e-7,4.05769e-6,4.05769e-6,1.99011e-7,0.490432
20,72,4.27092e-12,3.99796e-10,3.99796e-10,3.99275e-12,0.408727
20,96,6.95001e-17,3.93912e-14,3.93912e-14,8.01065e-17,-0.047767
20,97,108.11,91.2864,91.2864,88.5127,1.29889
20,98,159.529,153.441,153.441,144.912,0.591757
20,101,139.691,152.906,152.906,129.825,0.445858
20,103,59.8475,70.8849,70.8849,52.7097,0.79445
20,120,0.0304447,0.102958,0.102958,0.0247982,1.33582
20,144,4.16258e-7,1.01442e-5,1.01442e-5,4.97527e-7,-0.958291
20,168,1.11418e-11,9.99491e-10,9.99491e-10,9.98187e-12,0.681707
20,192,2.10682e-16,9.84779e-14,9.84779e-14,2.00266e-16,0.046911
20,193,163.865,182.573,182.573,177.025,-0.436149
20,194,273.968,306.881,306.881,289.824,-0.320964
20,197,300.501,305.811,305.811,259.65,0.92302
20,199,133.769,141.77,141.77,105.419,1.57766
20,216,0.0539106,0.205915,0.205915,0.0495965,0.51031
20,240,1.06217e-6,2.02884e-5,2.02884e-5,9.95053e-7,0.395714
20,264,1.75423e-11,1.99898e-9,1.99898e-9,1.99637e-11,-0.71157
20,288,3.72105e-16,1.96956e-13,1.96956e-13,4.00532e-16,-0.128024
20,289,329.363,273.859,273.859,265.538,1.41011
20,290,550.182,460.322,460.322,434.736,1.55793
20,293,511.747,458.717,458.717,389.474,1.84179
20,295,201.605,212.655,212.655,158.129,1.61298
20,312,0.0793312,0.308873,0.308873,0.0743947,0.389287
20,336,1.43429e-6,3.04327e-5,3.04327e-5,1.49258e-6,-0.2291
20,360,3.10257e-11,2.99847e-9,2.99847e-9,2.99456e-11,0.211601
20,384,5.95364e-16,2.95434e-13,2.95434e-13,6.00798e-16,-0.0244727
20,385,360.292,273.859,273.859,265.538,2.09345
20,386,430.593,460.322,460.322,434.736,-0.0559042
20,389,396.846,458.717,458.717,389.474,0.111033
20,391,186.24,212.655,212.655,158.129,1.04292
20,408,0.082988,0.308873,0.308873,0.0743947,0.677658
20,432,1.65854e-6,3.04327e-5,3.04327e-5,1.49258e-6,0.652313
20,456,2.79934e-11,2.99847e-9,2.99847e-9,2.99456e-11,-0.382463
20,480,5.31492e-16,2.95434e-13,2.95434e-13,6.00798e-16,-0.31213
20,481,290.159,273.859,273.859,265.538,0.543955
20,482,502.512,460.322,460.322,434.736,0.914629
20,485,436.882,458.717,458.717,389.474,0.714096
20,487,182.061,212.655,212.655,158.129,0.887899
20,504,0.0839462,0.308873,0.308873,0.0743947,0.753221
20,528,1.29199e-6,3.04327e-5,3.04327e-5,1.49258e-6,-0.788418
20,552,2.85309e-11,2.99847e-9,2.99847e-9,2.99456e-11,-0.277165
20,576,5.33464e-16,2.95434e-13,2.95434e-13,6.00798e-16,-0.303245
20,577,293.874,273.859,273.859,265.538,0.626039
20,578,575.516,460.322,460.322,434.736,1.89981
20,581,515.522,458.717,458.717,389.474,1.89866
20,583,158.7,212.655,212.655,158.129,0.0211818
20,600,0.0864417,0.308873,0.308873,0.0743947,0.950014
20,624,1.72449e-6,3.04327e-5,3.04327e-5,1.49258e-6,0.911526
20,648,2.64995e-11,2.99847e-9,2.99847e-9,2.99456e-11,-0.675131
21,0,0,0,0,0,0
21,1,46.9875,36.5145,36.5145,39.4874,1.1143
21,2,74.4006,61.3762,61.3762,71.1908,0.264509
21,5,118.842,61.1623,61.1623,94.0012,1.5503
21,7,61.0099,28.3539,28.3539,60.5937,0.0402877
21,24,1.73568,0.0411831,0.0411831,1.45021,1.15485
21,48,0.00748728,4.05769e-6,4.05769e-6,0.00746391,0.0183709
21,72,4.21533e-5,3.99796e-10,3.99796e-10,3.8415e-5,0.570897
21,96,1.95818e-7,3.93912e-14,3.93912e-14,1.97713e-7,-0.0562455
21,97,133.678,91.2864,91.2864,98.7185,2.07758
21,98,177.169,153.441,153.441,177.977,-0.026649
21,101,250.9,152.906,152.906,235.003,0.396855
21,103,150.795,70.8849,70.8849,151.484,-0.0266803
21,120,3.81643,0.102958,0.102958,3.62553,0.3089
21,144,0.0161468,1.01442e-5,1.01442e-5,0.0186598,-0.790096
21,168,7.93896e-5,9.99491e-10,9.99491e-10,9.60376e-5,-1.01698
21,192,3.74915e-7,9.84779e-14,9.84779e-14,4.94283e-7,-1.41679
21,193,231.04,182.573,182.573,197.437,0.998481
21,194,481.509,306.881,306.881,355.954,2.06934
21,197,599.446,305.811,305.811,470.006,1.61569
21,199,365.261,141.77,141.77,302.969,1.20623
21,216,7.86076,0.205915,0.205915,7.25106,0.493292
21,240,0.0391573,2.02884e-5,2.02884e-5,0.0373195,0.288895
21,264,0.000185163,1.99898e-9,1.99898e-9,0.000192075,-0.211118
21,288,9.40984e-7,1.96956e-13,1.96956e-13,9.88567e-7,-0.282383
21,289,416.663,273.859,273.859,296.156,2.38718
21,290,621.512,460.322,460.322,533.931,0.962314
21,293,748.186,458.717,458.717,705.009,0.359299
21,295,517.949,212.655,212.655,454.453,0.819691
21,312,13.5082,0.308873,0.308873,10.8766,1.41945
21,336,0.0495509,3.04327e-5,3.04327e-5,0.0559793,-0.673705
21,360,0.000274027,2.99847e-9,2.99847e-9,0.000288113,-0.286824
21,384,1.29579e-6,2.95434e-13,2.95434e-13,1.48285e-6,-0.740093
21,385,312.774,273.859,273.859,296.156,0.329201
21,386,506.054,460.322,460.322,533.931,-0.306305
21,389,708.558,458.717,458.717,705.009,0.0295389
21,391,588.493,212.655,212.655,454.453,1.73036
21,408,14.2578,0.308873,0.308873,10.8766,1.82378
21,432,0.0648794,3.04327e-5,3.04327e-5,0.0559793,0.932734
21,456,0.000282621,2.99847e-9,2.99847e-9,0.000288113,-0.111815
21,480,1.65043e-6,2.95434e-13,2.95434e-13,1.48285e-6,0.663018
21,481,349.318,273.859,273.859,296.156,1.05311
21,482,649.666,460.322,460.322,533.931,1.27166
21,485,779.701,458.717,458.717,705.009,0.621548
21,487,542.469,212.655,212.655,454.453,1.13622
21,504,12.0529,0.308873,0.308873,10.8766,0.634498
21,528,0.0570271,3.04327e-5,3.04327e-5,0.0559793,0.109811
21,552,0.000287687,2.99847e-9,2.99847e-9,0.000288113,-0.00867302
21,576,1.53239e-6,2.95434e-13,2.95434e-13,1.48285e-6,0.195993
21,577,435.732,273.859,273.859,296.156,2.76493
21,578,520.118,460.322,460.322,533.931,-0.151776
21,581,981.75,458.717,458.717,705.009,2.30288
21,583,630.901,212.655,212.655,454.453,2.27782
21,600,12.5254,0.308873,0.308873,10.8766,0.88936
21,624,0.0619978,3.04327e-5,3.04327e-5,0.0559793,0.630739
21,648,0.000340765,2.99847e-9,2.99847e-9,0.000288113,1.07213
22,0,0,0,0,0,0
22,1,44.3311,36.5145,36.5145,37.2973,1.10639
22,2,78.9372,61.3762,61.3762,63.8644,1.38461
22,5,86.8742,61.1623,61.1623,68.5723,1.56581
22,7,38.3554,28.3539,28.3539,34.7923,0.600822
22,24,0.130877,0.0411831,0.0411831,0.108848,1.18727
22,48,3.22918e-5,4.05769e-6,4.05769e-6,3.16833e-5,0.112657
22,72,8.81731e-9,3.99796e-10,3.99796e-10,9.22231e-9,-0.257634
22,96,2.42183e-12,3.93912e-14,3.93912e-14,2.68441e-12,-0.573845
22,97,105.31,91.2864,91.2864,93.2432,0.759201
22,98,173.123,153.441,153.441,159.661,0.494651
22,101,189.696,152.906,152.906,171.431,0.625057
22,103,106.066,70.8849,70.8849,86.9807,1.28727
22,120,0.288913,0.102958,0.102958,0.272121,0.362011
22,144,8.27778e-5,1.01442e-5,1.01442e-5,7.92084e-5,0.264378
22,168,2.5152e-8,9.99491e-10,9.99491e-10,2.30558e-8,0.53339
22,192,6.36958e-12,9.84779e-14,9.84779e-14,6.71102e-12,-0.298476
22,193,192.332,182.573,182.573,186.486,0.183909
22,194,337.165,306.881,306.881,319.322,0.327818
22,197,384.348,305.811,305.811,342.862,0.709874
22,199,201.077,141.77,141.77,173.961,0.914461
22,216,0.660312,0.205915,0.205915,0.544242,1.25118
22,240,0.000132713,2.02884e-5,2.02884e-5,0.000158417,-0.951885
22,264,4.81777e-8,1.99898e-9,1.99898e-9,4.61115e-8,0.262879
22,288,1.01586e-11,1.96956e-13,1.96956e-13,1.3422e-11,-1.4264
22,289,389.378,365.145,365.145,372.973,0.258045
22,290,764.271,613.762,613.762,638.644,1.15403
22,293,806.487,611.623,611.623,685.723,1.03319
22,295,424.818,283.539,283.539,347.923,1.29661
22,312,1.35421,0.411831,0.411831,1.08848,1.43219
22,336,0.000369026,4.05769e-5,4.05769e-5,0.000316833,0.966435
22,360,9.28825e-8,3.99796e-9,3.99796e-9,9.22231e-8,0.0419505
22,384,2.75939e-11,3.93912e-13,3.93912e-13,2.68441e-11,0.16387
22,385,501.211,365.145,365.145,372.973,2.01713
22,386,745.586,613.762,613.762,638.644,0.982389
22,389,895.282,611.623,611.623,685.723,1.79288
22,391,407.486,283.539,283.539,347.923,1.00435
22,408,1.24466,0.411831,0.411831,1.08848,0.841722
22,432,0.000328162,4.05769e-5,4.05769e-5,0.000316833,0.209764
22,456,9.39086e-8,3.99796e-9,3.99796e-9,9.22231e-8,0.107223
22,480,2.87963e-11,3.93912e-13,3.93912e-13,2.68441e-11,0.426657
22,481,340.955,365.145,365.145,372.973,-0.503623
22,482,687.59,613.762,613.762,638.644,0.449623
22,485,788.142,611.623,611.623,685.723,0.876238
22,487,431.319,283.539,283.539,347.923,1.40622
22,504,1.12157,0.411831,0.411831,1.08848,0.178323
22,528,0.000349177,4.05769e-5,4.05769e-5,0.000316833,0.598897
22,552,9.27078e-8,3.99796e-9,3.99796e-9,9.22231e-8,0.030835
22,576,2.53066e-11,3.93912e-13,3.93912e-13,2.68441e-11,-0.336015
22,577,431.726,365.145,365.145,372.973,0.924154
22,578,752.824,613.762,613.762,638.644,1.04887
22,581,947.89,611.623,611.623,685.723,2.24296
22,583,369.818,283.539,283.539,347.923,0.369203
22,600,1.25583,0.411831,0.411831,1.08848,0.901954
22,624,0.000347818,4.05769e-5,4.05769e-5,0.000316833,0.573736
22,648,9.81819e-8,3.99796e-9,3.99796e-9,9.22231e-8,0.379063
23,0,0,0,0,0,0
23,1,34.6737,36.5145,36.5145,30.3998,0.824808
23,2,51.3894,61.3762,61.3762,44.1906,0.955705
23,5,29.5468,61.1623,61.1623,24.1726,1.30431
23,7,5.21837,28.3539,28.3539,4.97464,0.287434
23,24,8.9149e-6,0.0411831,0.0411831,7.26092e-6,1.33638
23,48,4.33842e-14,4.05769e-6,4.05769e-6,4.19042e-14,0.207207
23,72,1.95865e-22,3.99796e-10,3.99796e-10,2.41837e-22,-2.07039e-7
23,96,9.20622e-31,3.93912e-14,3.93912e-14,1.39569e-30,-2.13952e-15
23,97,96.9973,91.2864,91.2864,75.9994,1.6209
23,98,141.305,153.441,153.441,110.476,1.6371
23,101,63.4068,152.906,152.906,60.4315,0.288843
23,103,15.2638,70.8849,70.8849,12.4366,1.33368
23,120,2.03805e-5,0.102958,0.102958,1.81523e-5,0.720122
23,144,9.93599e-14,1.01442e-5,1.01442e-5,1.04761e-13,-0.302439
23,168,4.98411e-22,9.99491e-10,9.99491e-10,6.04593e-22,-4.78204e-7
23,192,2.713e-30,9.84779e-14,9.84779e-14,3.48923e-30,-3.4958e-15
23,193,191.521,182.573,182.573,151.999,1.52544
23,194,240.828,306.881,306.881,220.953,0.527707
23,197,113.85,305.811,305.811,120.863,-0.340391
23,199,30.8774,141.77,141.77,24.8732,1.41617
23,216,3.46713e-5,0.205915,0.205915,3.63046e-5,-0.263935
23,240,2.10076e-13,2.02884e-5,2.02884e-5,2.09521e-13,0.0155472
23,264,9.35639e-22,1.99898e-9,1.99898e-9,1.20919e-21,-1.23195e-6
23,288,5.52003e-30,1.96956e-13,1.96956e-13,6.97845e-30,-6.56816e-15
23,289,324.324,365.145,365.145,303.998,0.392258
23,290,522.261,613.762,613.762,441.906,1.06678
23,293,332.959,611.623,611.623,241.726,2.21423
23,295,56.751,283.539,283.539,49.7464,0.826061
23,312,6.84184e-5,0.411831,0.411831,7.26092e-5,-0.33861
23,336,4.05189e-13,4.05769e-5,4.05769e-5,4.19042e-13,-0.19395
23,360,2.11624e-21,3.99796e-9,3.99796e-9,2.41837e-21,-1.36068e-6
23,384,9.79498e-30,3.93912e-13,3.93912e-13,1.39569e-29,-1.87436e-14
23,385,322.962,365.145,365.145,303.998,0.365976
23,386,511.461,613.762,613.762,441.906,0.923406
23,389,298.951,611.623,611.623,241.726,1.38886
23,391,52.1409,283.539,283.539,49.7464,0.282387
23,408,7.33316e-5,0.411831,0.411831,7.26092e-5,0.0583619
23,432,4.0939e-13,4.05769e-5,4.05769e-5,4.19042e-13,-0.135136
23,456,1.71803e-21,3.99796e-9,3.99796e-9,2.41837e-21,-3.15408e-6
23,480,1.07319e-29,3.93912e-13,3.93912e-13,1.39569e-29,-1.45243e-14
23,481,335.943,365.145,365.145,303.998,0.616486
23,482,554.952,613.762,613.762,441.906,1.50079
23,485,270.137,611.623,611.623,241.726,0.689538
23,487,57.1268,283.539,283.539,49.7464,0.870378
23,504,8.30295e-5,0.411831,0.411831,7.26092e-5,0.841931
23,528,3.73845e-13,4.05769e-5,4.05769e-5,4.19042e-13,-0.632763
23,552,1.78407e-21,3.99796e-9,3.99796e-9,2.41837e-21,-2.85664e-6
23,576,1.22373e-29,3.93912e-13,3.93912e-13,1.39569e-29,-7.74429e-15
23,577,406.904,365.145,365.145,303.998,1.98593
23,578,582.895,613.762,613.762,441.906,1.87175
23,581,305.025,611.623,611.623,241.726,1.53627
23,583,60.54,283.539,283.539,49.7464,1.2729
23,600,6.60093e-5,0.411831,0.411831,7.26092e-5,-0.533264
23,624,4.07688e-13,4.05769e-5,4.05769e-5,4.19042e-13,-0.158953
23,648,1.90782e-21,3.99796e-9,3.99796e-9,2.41837e-21,-2.29934e-6
24,0,0,0,0,0,0
24,1,37.4698,36.5145,36.5145,31.4561,1.12158
24,2,51.8839,61.3762,61.3762,46.8837,0.625692
24,5,37.2398,61.1623,61.1623,28.5249,1.79239
24,7,7.42632,28.3539,28.3539,6.86131,0.4831
24,24,3.66049e-5,0.0411831,0.0411831,3.7711e-5,-0.172065
24,48,1.25896e-12,4.05769e-6,4.05769e-6,1.41472e-12,-0.645907
24,72,4.11713e-20,3.99796e-10,3.99796e-10,5.30731e-20,-5.36009e-5
24,96,1.29444e-27,3.93912e-14,3.93912e-14,1.99103e-27,-3.13716e-12
24,97,97.7474,91.2864,91.2864,78.6403,1.42541
24,98,141.654,153.441,153.441,117.209,1.22352
24,101,85.9452,152.906,152.906,71.3121,1.20382
24,103,21.7147,70.8849,70.8849,17.1533,1.56008
24,120,8.93627e-5,0.102958,0.102958,9.42775e-5,-0.305836
24,144,3.6573e-12,1.01442e-5,1.01442e-5,3.53681e-12,0.199867
24,168,1.13099e-19,9.99491e-10,9.99491e-10,1.32683e-19,-8.81982e-5
24,192,3.49909e-27,9.84779e-14,9.84779e-14,4.97758e-27,-6.65852e-12
24,193,176.347,182.573,182.573,157.281,0.71118
24,194,271.668,306.881,306.881,234.418,0.932235
24,197,163.375,305.811,305.811,142.624,0.853549
24,199,34.6762,141.77,141.77,34.3066,0.0632085
24,216,0.000221449,0.205915,0.205915,0.000188555,1.02346
24,240,6.56874e-12,2.02884e-5,2.02884e-5,7.07361e-12,-0.41873
24,264,2.13289e-19,1.99898e-9,1.99898e-9,2.65366e-19,-0.000234534
24,288,7.16942e-27,1.96956e-13,1.96956e-13,9.95515e-27,-1.25458e-11
24,289,357.675,365.145,365.145,314.561,0.804096
24,290,501.306,613.762,613.762,468.837,0.406291
24,293,376.224,611.623,611.623,285.249,1.87107
24,295,75.1931,283.539,283.539,68.6131,0.562615
24,312,0.000419564,0.411831,0.411831,0.00037711,0.660462
24,336,1.35897e-11,4.05769e-5,4.05769e-5,1.41472e-11,-0.231187
24,360,4.56353e-19,3.99796e-9,3.99796e-9,5.30731e-19,-0.000334969
24,384,1.53038e-26,3.93912e-13,3.93912e-13,1.99103e-26,-2.0746e-11
24,385,393.375,365.145,365.145,314.561,1.4699
24,386,509.012,613.762,613.762,468.837,0.502729
24,389,299.139,611.623,611.623,285.249,0.285677
24,391,70.4161,283.539,283.539,68.6131,0.154163
24,408,0.000424312,0.411831,0.411831,0.00037711,0.73432
24,432,1.46862e-11,4.05769e-5,4.05769e-5,1.41472e-11,0.2235
24,456,4.32978e-19,3.99796e-9,3.99796e-9,5.30731e-19,-0.00044024
24,480,1.35705e-26,3.93912e-13,3.93912e-13,1.99103e-26,-2.85519e-11
24,481,374.255,365.145,365.145,314.561,1.11331
24,482,546.649,613.762,613.762,468.837,0.973681
24,485,361.246,611.623,611.623,285.249,1.56302
24,487,77.2683,283.539,283.539,68.6131,0.740054
24,504,0.00034759,0.411831,0.411831,0.00037711,-0.459245
24,528,1.08333e-11,4.05769e-5,4.05769e-5,1.41472e-11,-1.37425
24,552,4.73344e-19,3.99796e-9,3.99796e-9,5.30731e-19,-0.000258448
24,576,1.37188e-26,3.93912e-13,3.93912e-13,1.99103e-26,-2.7884e-11
24,577,308.317,365.145,365.145,314.561,-0.116456
24,578,544.184,613.762,613.762,468.837,0.942834
24,581,373.762,611.623,611.623,285.249,1.82045
24,583,78.6296,283.539,283.539,68.6131,0.856444
24,600,0.00034235,0.411831,0.411831,0.00037711,-0.540756
24,624,1.43365e-11,4.05769e-5,4.05769e-5,1.41472e-11,0.078477
24,648,4.33264e-19,3.99796e-9,3.99796e-9,5.30731e-19,-0.000438954
25,0,0,0,0,0,0
25,1,41.7615,36.5145,36.5145,36.5003,0.845637
25,2,75.686,61.3762,61.3762,61.3316,1.37308
25,5,60.2579,61.1623,61.1623,61.0345,-0.0746504
25,7,28.9686,28.3539,28.3539,28.2476,0.149752
25,24,0.0327963,0.0411831,0.0411831,0.0404508,-1.11015
25,48,4.15499e-6,4.05769e-6,4.05769e-6,3.90653e-6,0.373128
25,72,3.98469e-10,3.99796e-10,3.99796e-10,3.77273e-10,0.329604
25,96,4.35162e-14,3.93912e-14,3.93912e-14,3.64351e-14,1.14017
25,97,93.4551,91.2864,91.2864,91.2507,0.141725
25,98,149.276,153.441,153.441,153.329,-0.15507
25,101,154.322,152.906,152.906,152.586,0.0667281
25,103,90.8789,70.8849,70.8849,70.6189,1.6831
25,120,0.106389,0.102958,0.102958,0.101127,0.3053
25,144,9.33023e-6,1.01442e-5,1.01442e-5,9.76632e-6,-0.261967
25,168,9.33539e-10,9.99491e-10,9.99491e-10,9.43182e-10,-0.0599853
25,192,1.09374e-13,9.84779e-14,9.84779e-14,9.10878e-14,1.17775
25,193,224.656,182.573,182.573,182.501,1.3551
25,194,309.988,306.881,306.881,306.658,0.0637025
25,197,364.341,305.811,305.811,305.173,1.13747
25,199,160.468,141.77,141.77,141.238,0.798777
25,216,0.225226,0.205915,0.205915,0.202254,0.666338
25,240,1.93391e-5,2.02884e-5,2.02884e-5,1.95326e-5,-0.0581425
25,264,1.91245e-9,1.99898e-9,1.99898e-9,1.88636e-9,0.0811338
25,288,1.81619e-13,1.96956e-13,1.96956e-13,1.82176e-13,-0.0179152
25,289,480.027,365.145,365.145,365.003,1.84877
25,290,702.398,613.762,613.762,613.316,0.852122
25,293,802.261,611.623,611.623,610.345,1.84471
25,295,295.422,283.539,283.539,282.476,0.268887
25,312,0.435258,0.411831,0.411831,0.404508,0.445982
25,336,4.3106e-5,4.05769e-5,4.05769e-5,3.90653e-5,0.606811
25,360,3.14979e-9,3.99796e-9,3.99796e-9,3.77273e-9,-0.968685
25,384,3.25848e-13,3.93912e-13,3.93912e-13,3.64351e-13,-0.619963
25,385,375.472,365.145,365.145,365.003,0.168275
25,386,775.732,613.762,613.762,613.316,1.55359
25,389,686.124,611.623,611.623,610.345,0.728388
25,391,319.667,283.539,283.539,282.476,0.772412
25,408,0.465006,0.411831,0.411831,0.404508,0.87743
25,432,4.11948e-5,4.05769e-5,4.05769e-5,3.90653e-5,0.319799
25,456,3.56341e-9,3.99796e-9,3.99796e-9,3.77273e-9,-0.325495
25,480,3.33082e-13,3.93912e-13,3.93912e-13,3.64351e-13,-0.503489
25,481,384.788,365.145,365.145,365.003,0.31801
25,482,734.29,613.762,613.762,613.316,1.15718
25,485,758.397,611.623,611.623,610.345,1.42308
25,487,309.41,283.539,283.539,282.476,0.559398
25,504,0.446777,0.411831,0.411831,0.404508,0.613051
25,528,4.34461e-5,4.05769e-5,4.05769e-5,3.90653e-5,0.657889
25,552,3.61909e-9,3.99796e-9,3.99796e-9,3.77273e-9,-0.238918
25,576,3.46917e-13,3.93912e-13,3.93912e-13,3.64351e-13,-0.280724
25,577,502.127,365.145,365.145,365.003,2.20399
25,578,730.863,613.762,613.762,613.316,1.1244
25,581,621.539,611.623,611.623,610.345,0.107599
25,583,315.418,283.539,283.539,282.476,0.684183
25,600,0.539195,0.411831,0.411831,0.404508,1.95341
25,624,4.01763e-5,4.05769e-5,4.05769e-5,3.90653e-5,0.166848
25,648,4.00158e-9,3.99796e-9,3.99796e-9,3.77273e-9,0.355862
26,0,0,0,0,0,0
26,1,41.5487,36.5145,36.5145,33.29,1.45544
26,2,62.3142,61.3762,61.3762,51.8272,1.18709
26,5,49.1683,61.1623,61.1623,37.808,1.76278
26,7,13.577,28.3539,28.3539,11.7232,0.927725
26,24,0.000709104,0.0411831,0.0411831,0.000557785,1.59155
26,48,4.55912e-10,4.05769e-6,4.05769e-6,4.40558e-10,0.20445
26,72,2.63674e-16,3.99796e-10,3.99796e-10,3.47969e-16,-0.379631
26,96,2.51397e-22,3.93912e-14,3.93912e-14,2.74838e-22,-1.05569e-7
26,97,94.1839,91.2864,91.2864,83.225,0.772516
26,98,166.087,153.441,153.441,129.568,1.65352
26,101,111.658,152.906,152.906,94.5199,1.06372
26,103,35.0394,70.8849,70.8849,29.3079,1.1473
26,120,0.00138557,0.102958,0.102958,0.00139446,-0.0373953
26,144,1.03628e-9,1.01442e-5,1.01442e-5,1.1014e-9,-0.346821
26,168,8.56215e-16,9.99491e-10,9.99491e-10,8.69922e-16,-0.0617308
26,192,6.34514e-22,9.84779e-14,9.84779e-14,6.87096e-22,-2.36807e-7
26,193,195.476,182.573,182.573,166.45,1.02305
26,194,308.84,306.881,306.881,259.136,1.12526
26,197,224.652,305.811,305.811,189.04,1.10519
26,199,74.2122,141.77,141.77,58.6158,1.56099
26,216,0.00244556,0.205915,0.205915,0.00278892,-0.72228
26,240,1.93855e-9,2.02884e-5,2.02884e-5,2.20279e-9,-0.70374
26,264,1.91799e-15,1.99898e-9,1.99898e-9,1.73984e-15,0.600708
26,288,9.84086e-22,1.96956e-13,1.96956e-13,1.37419e-21,-1.75688e-6
26,289,380.968,365.145,365.145,332.9,0.84711
26,290,623.982,613.762,613.762,518.272,1.19661
26,293,484.836,611.623,611.623,378.08,1.65654
26,295,138.063,283.539,283.539,117.232,1.04248
26,312,0.00558359,0.411831,0.411831,0.00557785,0.00603855
26,336,4.77867e-9,4.05769e-5,4.05769e-5,4.40558e-9,0.496824
26,360,2.42625e-15,3.99796e-9,3.99796e-9,3.47969e-15,-1.77607
26,384,2.41214e-21,3.93912e-13,3.93912e-13,2.74838e-21,-1.5143e-6
26,385,411.297,365.145,365.145,332.9,1.38159
26,386,489.194,613.762,613.762,518.272,-0.329149
26,389,421.746,611.623,611.623,378.08,0.677567
26,391,128.296,283.539,283.539,117.232,0.553693
26,408,0.00600698,0.411831,0.411831,0.00557785,0.451352
26,432,4.3773e-9,4.05769e-5,4.05769e-5,4.40558e-9,-0.0376597
26,456,3.48496e-15,3.99796e-9,3.99796e-9,3.47969e-15,0.00889109
26,480,2.67443e-21,3.93912e-13,3.93912e-13,2.74838e-21,-3.33055e-7
26,481,362.585,365.145,365.145,332.9,0.523131
26,482,766.063,613.762,613.762,518.272,2.80492
26,485,470.016,611.623,611.623,378.08,1.42658
26,487,143.601,283.539,283.539,117.232,1.31963
26,504,0.00596705,0.411831,0.411831,0.00557785,0.409354
26,528,4.34946e-9,4.05769e-5,4.05769e-5,4.40558e-9,-0.0747366
26,552,3.64005e-15,3.99796e-9,3.99796e-9,3.47969e-15,0.27037
26,576,2.34924e-21,3.93912e-13,3.93912e-13,2.74838e-21,-1.79759e-6
26,577,402.73,365.145,365.145,332.9,1.2306
26,578,572.098,613.762,613.762,518.272,0.609291
26,581,506.152,611.623,611.623,378.08,1.9873
26,583,132.692,283.539,283.539,117.232,0.77368
26,600,0.00600262,0.411831,0.411831,0.00557785,0.446771
26,624,5.31672e-9,4.05769e-5,4.05769e-5,4.40558e-9,1.21331
26,648,3.30143e-15,3.99796e-9,3.99796e-9,3.47969e-15,-0.300535
27,0,0,0,0,0,0
27,1,38.5671,36.5145,36.5145,38.0643,0.0774883
27,2,75.6601,61.3762,61.3762,66.3687,0.821321
27,5,84.8588,61.1623,61.1623,76.6391,0.629206
27,7,45.1139,28.3539,28.3539,42.3761,0.379027
27,24,0.363552,0.0411831,0.0411831,0.275311,1.88036
27,48,0.000223478,4.05769e-6,4.05769e-6,0.00022484,-0.035545
27,72,1.72113e-7,3.99796e-10,3.99796e-10,1.83622e-7,-0.367699
27,96,1.40817e-10,3.93912e-14,3.93912e-14,1.4996e-10,-0.357673
27,97,116.757,91.2864,91.2864,95.1608,1.33139
27,98,207.876,153.441,153.441,165.922,1.48343
27,101,253.745,152.906,152.906,191.598,1.90293
27,103,147.225,70.8849,70.8849,105.94,2.28621
27,120,0.842975,0.102958,0.102958,0.688278,1.31859
27,144,0.000573554,1.01442e-5,1.01442e-5,0.000562101,0.119537
27,168,4.06796e-7,9.99491e-10,9.99491e-10,4.59055e-7,-0.667864
27,192,3.67356e-10,9.84779e-14,9.84779e-14,3.74899e-10,-0.118047
27,193,241.906,182.573,182.573,190.322,1.59009
27,194,368.181,306.881,306.881,331.843,0.642423
27,197,476.331,305.811,305.811,383.196,1.42588
27,199,242.52,141.77,141.77,211.881,0.848371
27,216,1.58401,0.205915,0.205915,1.37656,0.88415
27,240,0.00120261,2.02884e-5,2.02884e-5,0.0011242,0.409203
27,264,9.41066e-7,1.99898e-9,1.99898e-9,9.18109e-7,0.146692
27,288,7.72452e-10,1.96956e-13,1.96956e-13,7.49799e-10,0.177245
27,289,456.791,365.145,365.145,380.643,1.17363
27,290,858.722,613.762,613.762,663.687,1.72402
27,293,886.955,611.623,611.623,766.391,0.922905
27,295,461.832,283.539,283.539,423.761,0.527053
27,312,3.01284,0.411831,0.411831,2.75311,0.553456
27,336,0.00263792,4.05769e-5,4.05769e-5,0.0022484,1.01636
27,360,1.61557e-6,3.99796e-9,3.99796e-9,1.83622e-6,-0.704983
27,384,1.51103e-9,3.93912e-13,3.93912e-13,1.4996e-9,0.044738
27,385,465.139,365.145,365.145,380.643,1.3023
27,386,657.082,613.762,613.762,663.687,-0.0583826
27,389,783.526,611.623,611.623,766.391,0.131164
27,391,446.509,283.539,283.539,423.761,0.314921
27,408,2.44791,0.411831,0.411831,2.75311,-0.650371
27,432,0.00233675,4.05769e-5,4.05769e-5,0.0022484,0.230534
27,456,1.71397e-6,3.99796e-9,3.99796e-9,1.83622e-6,-0.390577
27,480,1.53503e-9,3.93912e-13,3.93912e-13,1.4996e-9,0.138633
27,481,407.135,365.145,365.145,380.643,0.408309
27,482,777.341,613.762,613.762,663.687,1.00465
27,485,794.824,611.623,611.623,766.391,0.217651
27,487,546.746,283.539,283.539,423.761,1.70263
27,504,2.94122,0.411831,0.411831,2.75311,0.400847
27,528,0.00249413,4.05769e-5,4.05769e-5,0.0022484,0.641158
27,552,1.98631e-6,3.99796e-9,3.99796e-9,1.83622e-6,0.479545
27,576,1.43096e-9,3.93912e-13,3.93912e-13,1.4996e-9,-0.268531
27,577,418.112,365.145,365.145,380.643,0.577487
27,578,785.7,613.762,613.762,663.687,1.07854
27,581,1005.32,611.623,611.623,766.391,1.82898
27,583,621.752,283.539,283.539,423.761,2.74104
27,600,2.94612,0.411831,0.411831,2.75311,0.411286
27,624,0.00232432,4.05769e-5,4.05769e-5,0.0022484,0.198087
27,648,1.96433e-6,3.99796e-9,3.99796e-9,1.83622e-6,0.4093
28,0,0,0,0,0,0
28,1,45.1231,36.5145,36.5145,36.8862,1.31005
28,2,74.1301,61.3762,61.3762,62.5494,1.08619
28,5,82.3274,61.1623,61.1623,64.5827,1.61193
28,7,40.1699,28.3539,28.3539,31.2612,1.67185
28,24,0.0627854,0.0411831,0.0411831,0.0655494,-0.247379
28,48,1.25579e-5,4.05769e-6,4.05769e-6,1.08454e-5,0.926345
28,72,1.52148e-9,3.99796e-10,3.99796e-10,1.79441e-9,-0.892324
29,0,0,0,0,0,0
29,1,43.9526,36.5145,36.5145,36.1733,1.26166
29,2,67.8012,61.3762,61.3762,60.3127,0.72841
29,5,77.2817,61.1623,61.1623,58.1717,1.92726
29,7,30.6831,28.3539,28.3539,25.9053,1.08201
29,24,0.0292154,0.0411831,0.0411831,0.0267383,0.543496
29,48,1.7002e-6,4.05769e-6,4.05769e-6,1.62647e-6,0.265976
29,72,1.27825e-10,3.99796e-10,3.99796e-10,9.89364e-11,1.71303
29,96,6.33099e-15,3.93912e-14,3.93912e-14,6.01821e-15,0.3049
29,97,108.144,91.2864,91.2864,90.4333,1.14896
29,98,170.341,153.441,153.441,150.782,0.761008
29,101,181.811,152.906,152.906,145.429,1.46764
29,103,74.3535,70.8849,70.8849,64.7632,0.868758
29,120,0.0730339,0.102958,0.102958,0.0668457,0.543105
29,144,4.19962e-6,1.01442e-5,1.01442e-5,4.06616e-6,0.192557
29,168,2.28463e-10,9.99491e-10,9.99491e-10,2.47341e-10,-0.447765
29,192,1.63051e-14,9.84779e-14,9.84779e-14,1.50455e-14,0.491135
29,193,203,182.573,182.573,180.867,0.717916
29,194,344.103,306.881,306.881,301.564,0.827563
29,197,273.258,305.811,305.811,290.859,-0.355007
29,199,150.542,141.77,141.77,129.526,0.951864
29,216,0.189052,0.205915,0.205915,0.133691,2.42933
29,240,8.03627e-6,2.02884e-5,2.02884e-5,8.13233e-6,-0.0692966
29,264,4.92204e-10,1.99898e-9,1.99898e-9,4.94682e-10,-0.0293908
29,288,2.4986e-14,1.96956e-13,1.96956e-13,3.00911e-14,-0.995309
29,289,397.166,365.145,365.145,361.733,0.574661
29,290,656.439,613.762,613.762,603.127,0.518564
29,293,618.567,611.623,611.623,581.717,0.371626
29,295,231.736,283.539,283.539,259.053,-0.618631
29,312,0.330621,0.411831,0.411831,0.267383,1.38751
29,336,1.55897e-5,4.05769e-5,4.05769e-5,1.62647e-5,-0.24344
29,360,9.42167e-10,3.99796e-9,3.99796e-9,9.89364e-10,-0.27987
29,384,5.4244e-14,3.93912e-13,3.93912e-13,6.01821e-14,-0.578857
29,385,446.195,365.145,365.145,361.733,1.36982
29,386,765.4,613.762,613.762,603.127,1.57844
29,389,687.587,611.623,611.623,581.717,1.06771
29,391,291.757,283.539,283.539,259.053,0.740645
29,408,0.270302,0.411831,0.411831,0.267383,0.0640555
29,432,2.03568e-5,4.05769e-5,4.05769e-5,1.62647e-5,1.47605
29,456,1.0067e-9,3.99796e-9,3.99796e-9,9.89364e-10,0.10277
29,480,5.89219e-14,3.93912e-13,3.93912e-13,6.01821e-14,-0.122847
29,481,409.738,365.145,365.145,361.733,0.778558
29,482,776.534,613.762,613.762,603.127,1.68674
29,485,789.95,611.623,611.623,581.717,2.10004
29,487,289.392,283.539,283.539,259.053,0.687075
29,504,0.305567,0.411831,0.411831,0.267383,0.837799
29,528,1.90453e-5,4.05769e-5,4.05769e-5,1.62647e-5,1.00299
29,552,9.76588e-10,3.99796e-9,3.99796e-9,9.89364e-10,-0.0757585
29,576,5.11824e-14,3.93912e-13,3.93912e-13,6.01821e-14,-0.87731
29,577,477.766,365.145,365.145,361.733,1.88185
29,578,582.02,613.762,613.762,603.127,-0.205309
29,581,609.511,611.623,611.623,581.717,0.280303
29,583,253.837,283.539,283.539,259.053,-0.118111
29,600,0.258303,0.411831,0.411831,0.267383,-0.199224
29,624,1.90227e-5,4.05769e-5,4.05769e-5,1.62647e-5,0.994822
29,648,9.02099e-10,3.99796e-9,3.99796e-9,9.89364e-10,-0.51746
30,0,0,0,0,0,0
30,1,41.4346,36.5145,36.5145,36.2642,0.836449
30,2,60.7321,61.3762,61.3762,60.5946,0.013308
30,5,66.3008,61.1623,61.1623,58.9544,0.731053
30,7,32.5359,28.3539,28.3539,26.5376,1.32606
30,24,0.0395883,0.0411831,0.0411831,0.0300121,1.87193
30,48,2.07787e-6,4.05769e-6,4.05769e-6,2.07701e-6,0.00240436
30,72,1.53741e-10,3.99796e-10,3.99796e-10,1.43742e-10,0.408095
30,96,1.06981e-14,3.93912e-14,3.93912e-14,9.94778e-15,0.442517
30,97,96.4419,91.2864,91.2864,90.6604,0.374123
30,98,166.536,153.441,153.441,151.487,0.582833
30,101,198.291,152.906,152.906,147.386,2.02626
30,103,73.47,70.8849,70.8849,66.344,0.63014
30,120,0.0738717,0.102958,0.102958,0.0750302,-0.0905879
30,144,4.6904e-6,1.01442e-5,1.01442e-5,5.19254e-6,-0.567329
30,168,3.85959e-10,9.99491e-10,9.99491e-10,3.59354e-10,0.434333
30,192,2.23841e-14,9.84779e-14,9.84779e-14,2.48695e-14,-0.586289
30,193,225.203,182.573,182.573,181.321,1.41981
30,194,302.286,306.881,306.881,302.973,-0.0133055
30,197,403.769,305.811,305.811,294.772,2.16931
30,199,161.3,141.77,141.77,132.688,1.26508
30,216,0.157946,0.205915,0.205915,0.15006,0.308284
30,240,1.0363e-5,2.02884e-5,2.02884e-5,1.03851e-5,-0.0124933
30,264,7.27836e-10,1.99898e-9,1.99898e-9,7.18709e-10,0.0745022
30,288,4.44585e-14,1.96956e-13,1.96956e-13,4.97389e-14,-0.622825
30,289,415.455,365.145,365.145,362.642,0.854388
30,290,748.739,613.762,613.762,605.946,1.3825
30,293,542.165,611.623,611.623,589.544,-0.471477
30,295,265.077,283.539,283.539,265.376,-0.00661615
30,312,0.345001,0.411831,0.411831,0.300121,0.877302
30,336,2.30369e-5,4.05769e-5,4.05769e-5,2.07701e-5,0.640264
30,360,1.57665e-9,3.99796e-9,3.99796e-9,1.43742e-9,0.568248
30,384,1.00275e-13,3.93912e-13,3.93912e-13,9.94778e-14,0.0470303
30,385,326.888,365.145,365.145,362.642,-0.578409
30,386,643.671,613.762,613.762,605.946,0.365243
30,389,672.68,611.623,611.623,589.544,0.827308
30,391,247.329,283.539,283.539,265.376,-0.398955
30,408,0.287743,0.411831,0.411831,0.300121,-0.241967
30,432,2.47773e-5,4.05769e-5,4.05769e-5,2.07701e-5,1.13185
30,456,1.47257e-9,3.99796e-9,3.99796e-9,1.43742e-9,0.143465
30,480,9.37149e-14,3.93912e-13,3.93912e-13,9.94778e-14,-0.339868
30,481,417.748,365.145,365.145,362.642,0.891484
30,482,814.464,613.762,613.762,605.946,2.01883
30,485,608.3,611.623,611.623,589.544,0.186644
30,487,374.939,283.539,283.539,265.376,2.42211
30,504,0.296421,0.411831,0.411831,0.300121,-0.0723211
30,528,2.22762e-5,4.05769e-5,4.05769e-5,2.07701e-5,0.425409
30,552,1.1877e-9,3.99796e-9,3.99796e-9,1.43742e-9,-1.01918
30,576,8.48226e-14,3.93912e-13,3.93912e-13,9.94778e-14,-0.864285
30,577,483.937,365.145,365.145,362.642,1.96226
30,578,760.685,613.762,613.762,605.946,1.49815
30,581,729.135,611.623,611.623,589.544,1.3891
30,583,293.875,283.539,283.539,265.376,0.630022
30,600,0.340938,0.411831,0.411831,0.300121,0.797871
30,624,2.44411e-5,4.05769e-5,4.05769e-5,2.07701e-5,1.03689
30,648,1.42834e-9,3.99796e-9,3.99796e-9,1.43742e-9,-0.0370452