id,time,y2,popPred_medianCOV,popPred,indivPred_SAEM,indWRes_SAEM
1,0,0,0,0,0,0
1,1,76.5351,93.9548,93.9548,66.6346,0.881613
1,2,97.4008,159.476,159.476,106.535,-0.508728
1,5,91.8086,187.212,187.212,115.874,-1.23232
1,7,73.5545,152.558,152.558,89.9666,-1.08244
1,24,2.30302,9.35549,9.35549,3.33495,-1.83605
1,48,0.0110634,0.135526,0.135526,0.0220702,-2.95922
1,72,6.01836e-5,0.00194035,0.00194035,0.000142681,-3.4308
1,96,8.70056e-7,2.765e-5,2.765e-5,5.22279e-7,3.95111
1,97,9.08243,11.9191,11.9191,9.16995,-0.0566343
1,98,29.7458,38.2883,38.2883,29.0051,0.151519
1,101,82.667,127.095,127.095,90.7012,-0.525595
1,103,80.0105,131.113,131.113,89.044,-0.601965
1,120,4.19935,11.2701,11.2701,4.64356,-0.567613
1,144,0.025073,0.166075,0.166075,0.0311759,-1.16156
1,168,0.000105235,0.00236804,0.00236804,0.000196789,-2.76057
1,192,1.20388e-6,3.38358e-5,3.38358e-5,1.57736e-6,-1.40495
1,193,10.9037,15.295,15.295,11.49,-0.302776
1,194,35.3379,49.1367,49.1367,36.3726,-0.168793
1,197,106.415,164.64,164.64,116.651,-0.520663
1,199,111.844,171.905,171.905,116.066,-0.215845
1,216,5.50702,15.2998,15.2998,6.35902,-0.794999
1,240,0.0340862,0.226462,0.226462,0.0433886,-1.27216
1,264,0.000155681,0.00324936,0.00324936,0.000280738,-2.64319
1,288,9.76474e-7,4.65002e-5,4.65002e-5,1.51179e-6,-2.10106
1,289,9.9888,11.8218,11.8218,8.8473,0.765572
1,290,34.0393,38.0292,38.0292,28.054,1.26595
1,293,111.904,129.352,129.352,90.9161,1.36978
1,295,113.458,136.418,136.418,91.8202,1.3983
1,312,5.53677,12.5074,12.5074,5.23215,0.34546
1,336,0.0364472,0.186952,0.186952,0.0358199,0.103907
1,360,0.000137591,0.00270062,0.00270062,0.000232126,-2.41651
1,384,3.9612e-6,3.89535e-5,3.89535e-5,1.17925e-6,13.9981
1,385,9.84418,10.4513,10.4513,7.82707,1.52915
1,386,33.4048,33.6325,33.6325,24.83,2.04911
1,389,97.5556,114.339,114.339,80.9294,1.21901
1,391,96.0905,121.186,121.186,81.9863,1.02076
1,408,5.21506,11.2157,11.2157,4.73655,0.599446
1,432,0.0281796,0.167267,0.167267,0.0324751,-0.784845
1,456,0.000112591,0.00241821,0.00241821,0.000210438,-2.75896
1,480,1.3003e-6,3.4954e-5,3.4954e-5,1.26668e-6,0.157494
1,481,10.4757,9.6627,9.6627,7.24207,2.64937
1,482,26.722,31.1,31.1,22.9789,0.966551
1,485,78.4999,106.112,106.112,75.4346,0.241113
1,487,100.028,112.571,112.571,76.4184,1.83323
1,504,5.47596,10.4951,10.4951,4.42658,1.40665
1,528,0.0294926,0.15706,0.15706,0.0304179,-0.180496
1,552,0.000135484,0.00226804,0.00226804,0.000196684,-1.8463
1,576,3.4999e-6,3.25771e-5,3.25771e-5,1.13615e-6,12.3449
1,577,9.85983,9.13375,9.13375,6.85135,2.6055
1,578,26.8828,29.4004,29.4004,21.7416,1.40313
1,581,86.8354,100.623,100.623,71.276,1.2953
1,583,109.513,106.784,106.784,72.2969,3.05445
1,600,4.62232,10.0006,10.0006,4.20596,0.587381
1,624,0.0261634,0.148598,0.148598,0.0291199,-0.602437
1,648,0.000116695,0.00213003,0.00213003,0.000190468,-2.29824
2,0,0,0,0,0,0
2,1,63.2137,93.9548,93.9548,66.8123,-0.319589
2,2,83.2748,159.476,159.476,96.056,-0.789529
2,5,107.946,187.212,187.212,116.864,-0.452801
2,7,102.767,152.558,152.558,104.594,-0.103654
2,24,11.6965,9.35549,9.35549,13.7769,-0.896025
2,48,0.44051,0.135526,0.135526,0.462918,-0.287221
2,72,0.012268,0.00194035,0.00194035,0.0131828,-0.41173
2,96,0.000324156,2.765e-5,2.765e-5,0.000342257,-0.313801
2,97,8.1234,11.9191,11.9191,6.95291,0.998899
2,98,20.8821,38.2883,38.2883,23.6121,-0.686023
2,101,108.189,127.095,127.095,92.902,0.976363
2,103,124.622,131.113,131.113,112.032,0.666831
2,120,24.3694,11.2701,11.2701,28.4782,-0.856102
2,144,1.15357,0.166075,0.166075,1.15511,-0.00791475
2,168,0.0404665,0.00236804,0.00236804,0.0351993,0.887907
2,192,0.00092989,3.38358e-5,3.38358e-5,0.000958907,-0.179556
2,193,12.0599,15.295,15.295,10.0575,1.18134
2,194,26.545,49.1367,49.1367,34.1339,-1.31922
2,197,144.611,164.64,164.64,135.458,0.40093
2,199,185.631,171.905,171.905,165.252,0.731772
2,216,46.9035,15.2998,15.2998,44.8091,0.277347
2,240,1.90704,0.226462,0.226462,1.8691,0.120437
2,264,0.0592723,0.00324936,0.00324936,0.0574005,0.193494
2,288,0.00163015,4.65002e-5,4.65002e-5,0.0015669,0.23951
2,289,11.4028,11.8218,11.8218,8.86707,1.69682
2,290,36.6495,38.0292,38.0292,30.1063,1.2896
2,293,111.356,129.352,129.352,120.516,-0.450999
2,295,152.28,136.418,136.418,147.668,0.18531
2,312,37.5068,12.5074,12.5074,41.3556,-0.552228
2,336,1.87933,0.186952,0.186952,1.73902,0.478725
2,360,0.0532647,0.00270062,0.00270062,0.0535304,-0.029456
2,384,0.00155065,3.89535e-5,3.89535e-5,0.00145976,0.369474
2,385,9.70061,10.4513,10.4513,8.44522,0.882042
2,386,30.04,33.6325,33.6325,28.677,0.282021
2,389,122.469,114.339,114.339,114.907,0.390513
2,391,163.43,121.186,121.186,140.991,0.944374
2,408,36.013,11.2157,11.2157,39.8602,-0.572702
2,432,1.92114,0.167267,0.167267,1.68372,0.836682
2,456,0.0536375,0.00241821,0.00241821,0.0519042,0.198145
2,480,0.00173702,3.4954e-5,3.4954e-5,0.00141648,1.34273
2,481,8.81829,9.6627,9.6627,8.22037,0.431596
2,482,26.5212,31.1,31.1,27.9146,-0.296183
2,485,125.1,106.112,106.112,111.864,0.702099
2,487,143.49,112.571,112.571,137.347,0.26537
2,504,43.9687,10.4951,10.4951,38.9942,0.756954
2,528,1.61289,0.15706,0.15706,1.65805,-0.161628
2,552,0.0536665,0.00226804,0.00226804,0.0514151,0.259828
2,576,0.00153157,3.25771e-5,3.25771e-5,0.00141303,0.497753
2,577,8.48518,9.13375,9.13375,8.07871,0.298548
2,578,28.3857,29.4004,29.4004,27.434,0.205842
2,581,120.452,100.623,100.623,109.905,0.569386
2,583,128.289,106.784,106.784,135.005,-0.295151
2,600,40.8213,10.0006,10.0006,38.423,0.370381
2,624,1.60571,0.148598,0.148598,1.62919,-0.0855155
2,648,0.057779,0.00213003,0.00213003,0.0502195,0.893185
3,0,0,0,0,0,0
3,1,100.169,93.9548,93.9548,81.2373,1.3828
3,2,159.401,159.476,159.476,145.979,0.545567
3,5,128.153,187.212,187.212,167.096,-1.38291
3,7,118.844,152.558,152.558,128.221,-0.433923
3,24,5.40338,9.35549,9.35549,5.96228,-0.556218
3,48,0.0498631,0.135526,0.135526,0.0702189,-1.72011
3,72,0.000470508,0.00194035,0.00194035,0.000827107,-2.55823
3,96,2.15082e-5,2.765e-5,2.765e-5,9.76316e-6,7.13814
3,97,15.4431,11.9191,11.9191,13.4191,0.894986
3,98,43.9511,38.2883,38.2883,40.7288,0.469451
3,101,134.228,127.095,127.095,115.152,0.982963
3,103,102.16,131.113,131.113,104.985,-0.159664
3,120,4.68016,11.2701,11.2701,5.60673,-0.980597
3,144,0.051459,0.166075,0.166075,0.0682139,-1.45744
3,168,0.000571424,0.00236804,0.00236804,0.000827175,-1.8346
3,192,4.50422e-6,3.38358e-5,3.38358e-5,1.00568e-5,-3.27611
3,193,16.3992,15.295,15.295,16.9416,-0.189969
3,194,53.3669,49.1367,49.1367,51.4519,0.220847
3,197,174.532,164.64,164.64,148.869,1.02288
3,199,158.742,171.905,171.905,136.506,0.966563
3,216,7.71807,15.2998,15.2998,7.35479,0.293085
3,240,0.0756141,0.226462,0.226462,0.0894202,-0.916131
3,264,0.000649418,0.00324936,0.00324936,0.00108352,-2.37726
3,288,1.02753e-5,4.65002e-5,4.65002e-5,1.30316e-5,-1.25501
3,289,15.3218,11.8218,11.8218,12.6367,1.26081
3,290,42.4506,38.0292,38.0292,38.4552,0.616481
3,293,116.426,129.352,129.352,112.57,0.203224
3,295,95.6091,136.418,136.418,104.449,-0.502196
3,312,5.22467,12.5074,12.5074,5.71329,-0.507472
3,336,0.0583891,0.186952,0.186952,0.0690093,-0.913162
3,360,0.00057303,0.00270062,0.00270062,0.000832752,-1.85061
3,384,6.27698e-6,3.89535e-5,3.89535e-5,1.00179e-5,-2.21577
3,385,12.0909,10.4513,10.4513,10.9201,0.636185
3,386,32.6404,33.6325,33.6325,33.2501,-0.108807
3,389,105.719,114.339,114.339,99.2446,0.387073
3,391,102.792,121.186,121.186,91.8831,0.70446
3,408,5.33063,11.2157,11.2157,5.04351,0.337791
3,432,0.0531614,0.167267,0.167267,0.0610147,-0.763735
3,456,0.000445356,0.00241821,0.00241821,0.000736368,-2.34497
3,480,6.9183e-6,3.4954e-5,3.4954e-5,8.77683e-6,-1.25647
3,481,11.4537,9.6627,9.6627,9.91035,0.924071
3,482,34.9482,31.1,31.1,30.1839,0.936587
3,485,98.8442,106.112,106.112,89.3102,0.633426
3,487,95.3408,112.571,112.571,83.2455,0.862139
3,504,4.18671,10.4951,10.4951,4.58039,-0.509989
3,528,0.0454527,0.15706,0.15706,0.0552493,-1.05212
3,552,0.000501898,0.00226804,0.00226804,0.000665444,-1.4583
3,576,1.14772e-5,3.25771e-5,3.25771e-5,7.93815e-6,2.64539
3,577,9.83325,9.13375,9.13375,9.23114,0.387033
3,578,34.4014,29.4004,29.4004,28.1197,1.32552
3,581,100.312,100.623,100.623,83.4013,1.20311
3,583,74.4303,106.784,106.784,77.8089,-0.257655
3,600,4.04203,10.0006,10.0006,4.26603,-0.31156
3,624,0.0352552,0.148598,0.148598,0.0509666,-1.82916
3,648,0.000430855,0.00213003,0.00213003,0.000608168,-1.72996
4,0,0,0,0,0,0
4,1,61.0474,93.9548,93.9548,76.8749,-1.22165
4,2,143.544,159.476,159.476,129.191,0.65924
4,5,133.859,187.212,187.212,141.544,-0.322171
4,7,113.114,152.558,152.558,108.942,0.227226
4,24,6.00025,9.35549,9.35549,6.36349,-0.338696
4,48,0.105544,0.135526,0.135526,0.109604,-0.21983
4,72,0.00148569,0.00194035,0.00194035,0.00188795,-1.26426
4,96,3.96815e-5,2.765e-5,2.765e-5,3.2596e-5,1.28983
4,97,10.1711,11.9191,11.9191,11.5832,-0.723349
4,98,33.5429,38.2883,38.2883,34.3481,-0.139104
4,101,93.0603,127.095,127.095,93.1246,-0.00409993
4,103,88.1497,131.113,131.113,82.6302,0.396359
4,120,4.81455,11.2701,11.2701,5.2193,-0.460145
4,144,0.0893159,0.166075,0.166075,0.0912174,-0.123691
4,168,0.00138042,0.00236804,0.00236804,0.00159215,-0.789082
4,192,3.42349e-5,3.38358e-5,3.38358e-5,2.77224e-5,1.39393
4,193,12.0845,15.295,15.295,15.2231,-1.22335
4,194,43.9109,49.1367,49.1367,45.1607,-0.16422
4,197,127.945,164.64,164.64,123.26,0.225558
4,199,112.314,171.905,171.905,110.102,0.119218
4,216,6.49649,15.2998,15.2998,6.98303,-0.413426
4,240,0.119349,0.226462,0.226462,0.12163,-0.111282
4,264,0.0020753,0.00324936,0.00324936,0.00211614,-0.11451
4,288,3.90489e-5,4.65002e-5,4.65002e-5,3.67041e-5,0.379063
4,289,21.7637,22.3298,22.3298,21.8855,-0.0330215
4,290,76.0318,71.5966,71.5966,64.852,1.0229
4,293,229.722,240.137,240.137,177.561,1.74308
4,295,167.862,252.17,252.17,159.081,0.327509
4,312,11.8274,22.7227,22.7227,10.1282,0.995491
4,336,0.167394,0.336652,0.336652,0.175371,-0.269897
4,360,0.00325675,0.00482842,0.00482842,0.00303843,0.426349
4,384,4.98814e-5,6.89852e-5,6.89852e-5,5.24558e-5,-0.291201
4,385,20.2453,18.32,18.32,17.4652,0.944496
4,386,56.0218,58.797,58.797,51.834,0.479388
4,389,161.848,199.195,199.195,144.088,0.731369
4,391,148.397,210.865,210.865,129.839,0.848102
4,408,8.41346,19.5419,19.5419,8.29072,0.087843
4,432,0.150362,0.292363,0.292363,0.141092,0.389839
4,456,0.0027013,0.00422067,0.00422067,0.00243343,0.653163
4,480,4.79192e-5,6.07442e-5,6.07442e-5,4.20041e-5,0.835579
4,481,14.325,16.6202,16.6202,15.5539,-0.468841
4,482,59.1485,53.3569,53.3569,46.1852,1.66545
4,485,139.807,181.181,181.181,129.941,0.450503
4,487,122.69,192.405,192.405,117.001,0.288493
4,504,7.35661,17.9645,17.9645,7.51078,-0.121799
4,528,0.122171,0.268911,0.268911,0.130067,-0.360235
4,552,0.00193858,0.00388463,0.00388463,0.00225343,-0.829053
4,576,4.07106e-5,5.60121e-5,5.60121e-5,3.8686e-5,0.310528
4,577,15.6737,15.6248,15.6248,14.4125,0.519226
4,578,43.8365,50.168,50.168,42.8058,0.142869
4,581,114.276,170.991,170.991,119.453,-0.257159
4,583,114.28,181.633,181.633,108.005,0.344725
4,600,7.49593,16.9984,16.9984,6.90873,0.504322
4,624,0.121619,0.252956,0.252956,0.120252,0.0674647
4,648,0.00211464,0.00362913,0.00362913,0.00208059,0.0971073
5,0,0,0,0,0,0
5,1,49.1922,93.9548,93.9548,52.8508,-0.410751
5,2,80.0281,159.476,159.476,76.2224,0.296258
5,5,82.2854,187.212,187.212,80.6964,0.116837
5,7,50.1453,152.558,152.558,63.608,-1.25586
5,24,4.22132,9.35549,9.35549,3.95811,0.394574
5,48,0.0763401,0.135526,0.135526,0.0717009,0.383918
5,72,0.00103993,0.00194035,0.00194035,0.00129967,-1.18583
5,96,2.97634e-5,2.765e-5,2.765e-5,2.36168e-5,1.54431
5,97,6.15987,11.9191,11.9191,6.52032,-0.328017
5,98,17.3204,38.2883,38.2883,19.9257,-0.775852
5,101,60.8147,127.095,127.095,58.8309,0.200083
5,103,57.6981,131.113,131.113,55.0501,0.285412
5,120,3.87824,11.2701,11.2701,3.8864,-0.0124529
5,144,0.0639545,0.166075,0.166075,0.069941,-0.507878
5,168,0.0010741,0.00236804,0.00236804,0.00125624,-0.860296
5,192,2.49975e-5,3.38358e-5,3.38358e-5,2.26737e-5,0.608117
5,193,8.08276,15.295,15.295,9.07496,-0.648746
5,194,29.9104,49.1367,49.1367,27.7405,0.464139
5,197,88.1005,164.64,164.64,82.1422,0.430407
5,199,80.05,171.905,171.905,77.5293,0.192915
5,216,5.46476,15.2998,15.2998,5.54303,-0.0837859
5,240,0.094552,0.226462,0.226462,0.102076,-0.437376
5,264,0.00172215,0.00324936,0.00324936,0.00187743,-0.490751
5,288,3.31904e-5,4.65002e-5,4.65002e-5,3.44584e-5,-0.218347
5,289,15.4329,22.3298,22.3298,13.9419,0.634569
5,290,43.9981,71.5966,71.5966,42.5599,0.200515
5,293,120.89,240.137,240.137,125.967,-0.239149
5,295,134.751,252.17,252.17,119.45,0.760092
5,312,9.89255,22.7227,22.7227,8.60026,0.891598
5,336,0.170426,0.336652,0.336652,0.154343,0.618283
5,360,0.00339015,0.00482842,0.00482842,0.00276085,1.3525
5,384,4.06963e-5,6.89852e-5,6.89852e-5,4.97139e-5,-1.07629
5,385,14.4552,18.32,18.32,11.9545,1.24121
5,386,42.1581,58.797,58.797,36.5326,0.913701
5,389,119.533,199.195,199.195,110.062,0.510628
5,391,109.557,210.865,210.865,104.845,0.266707
5,408,7.47621,19.5419,19.5419,7.58856,-0.0878461
5,432,0.102367,0.292363,0.292363,0.13854,-1.54925
5,456,0.00202131,0.00422067,0.00422067,0.00252235,-1.17865
5,480,5.8279e-5,6.07442e-5,6.07442e-5,4.57123e-5,1.63121
5,481,10.638,16.6202,16.6202,11.1142,-0.254212
5,482,37.4907,53.3569,53.3569,33.9751,0.613972
5,485,86.537,181.181,181.181,103.371,-0.966287
5,487,104.011,192.405,192.405,98.2404,0.348509
5,504,8.93814,17.9645,17.9645,7.1472,1.48685
5,528,0.118196,0.268911,0.268911,0.131788,-0.611947
5,552,0.00251082,0.00388463,0.00388463,0.00242744,0.203827
5,576,4.87753e-5,5.60121e-5,5.60121e-5,4.45952e-5,0.556174
5,577,11.1517,15.6248,15.6248,10.6267,0.29316
5,578,30.9804,50.168,50.168,32.4895,-0.275603
5,581,111.988,170.991,170.991,97.7009,0.867706
5,583,93.5514,181.633,181.633,93.3879,0.0103854
5,600,7.23995,16.9984,16.9984,6.79632,0.387316
5,624,0.135336,0.252956,0.252956,0.123973,0.543832
5,648,0.00268891,0.00362913,0.00362913,0.00225724,1.13475
6,0,0,0,0,0,0
6,1,93.4989,93.9548,93.9548,81.0954,0.907541
6,2,116.004,159.476,159.476,115.994,0.000514345
6,5,115.769,187.212,187.212,124.072,-0.39707
6,7,96.0433,152.558,152.558,99.2619,-0.192404
6,24,6.33852,9.35549,9.35549,7.39328,-0.846522
6,48,0.186602,0.135526,0.135526,0.173718,0.440072
6,72,0.00387725,0.00194035,0.00194035,0.00408157,-0.297033
6,96,0.000106354,2.765e-5,2.765e-5,9.59412e-5,0.644008
6,97,9.37766,11.9191,11.9191,9.67019,-0.179496
6,98,28.5007,38.2883,38.2883,29.6361,-0.227316
6,101,85.1846,127.095,127.095,87.9025,-0.183463
6,103,98.3491,131.113,131.113,83.501,1.05511
6,120,6.55123,11.2701,11.2701,7.02258,-0.398259
6,144,0.158373,0.166075,0.166075,0.163864,-0.198843
6,168,0.0041289,0.00236804,0.00236804,0.00381211,0.493087
6,192,0.000109074,3.38358e-5,3.38358e-5,8.89509e-5,1.34232
6,193,15.3584,15.295,15.295,13.7381,0.699859
6,194,45.5081,49.1367,49.1367,42.1078,0.479166
6,197,127.461,164.64,164.64,125.925,0.0723936
6,199,125.245,171.905,171.905,120.501,0.233597
6,216,9.49574,15.2998,15.2998,10.2063,-0.41309
6,240,0.241235,0.226462,0.226462,0.242644,-0.0344679
6,264,0.00582358,0.00324936,0.00324936,0.0057672,0.0580019
6,288,0.000131658,4.65002e-5,4.65002e-5,0.000137017,-0.232072
6,289,23.3576,22.3298,22.3298,21.3721,0.551254
6,290,59.8254,71.5966,71.5966,65.4144,-0.506967
6,293,212.945,240.137,240.137,196.142,0.508327
6,295,190.896,252.17,252.17,188.331,0.080792
6,312,17.1987,22.7227,22.7227,15.9829,0.451386
6,336,0.374892,0.336652,0.336652,0.376005,-0.0175616
6,360,0.0088741,0.00482842,0.00482842,0.00884469,0.0197252
6,384,0.000223905,6.89852e-5,6.89852e-5,0.000208145,0.449283
6,385,21.106,18.32,18.32,18.5312,0.824445
6,386,51.9235,58.797,58.797,56.7744,-0.506975
6,389,182.215,199.195,199.195,172.037,0.351038
6,391,188.22,210.865,210.865,166.084,0.790834
6,408,15.2221,19.5419,19.5419,14.1996,0.427273
6,432,0.332941,0.292363,0.292363,0.333852,-0.0161881
6,456,0.00738492,0.00422067,0.00422067,0.00786036,-0.358897
6,480,0.000193341,6.07442e-5,6.07442e-5,0.000184823,0.273467
6,481,19.1838,16.6202,16.6202,17.3365,0.632242
6,482,51.1088,53.3569,53.3569,53.129,-0.225629
6,485,143.114,181.181,181.181,161.002,-0.659247
6,487,161.933,192.405,192.405,155.499,0.245541
6,504,15.4403,17.9645,17.9645,13.3754,0.916036
6,528,0.281516,0.268911,0.268911,0.315634,-0.641393
6,552,0.00833764,0.00388463,0.00388463,0.00744842,0.708377
6,576,0.000187586,5.60121e-5,5.60121e-5,0.000175867,0.395402
6,577,20.3662,15.6248,15.6248,16.6484,1.32507
6,578,49.7681,50.168,50.168,51.0266,-0.146344
6,581,131.349,170.991,170.991,154.725,-0.896455
6,583,162.701,181.633,181.633,149.578,0.520611
6,600,11.7112,16.9984,16.9984,12.861,-0.530472
6,624,0.322913,0.252956,0.252956,0.30412,0.366662
6,648,0.00668895,0.00362913,0.00362913,0.00719261,-0.415495
7,0,0,0,0,0,0
7,1,81.4314,93.9548,93.9548,78.0744,0.255132
7,2,149.566,159.476,159.476,142.477,0.295219
7,5,193.934,187.212,187.212,171.278,0.784883
7,7,125.871,152.558,152.558,138.703,-0.548921
7,24,7.10204,9.35549,9.35549,7.03467,0.0568237
7,48,0.0613582,0.135526,0.135526,0.0633284,-0.184598
7,72,0.000379406,0.00194035,0.00194035,0.000494012,-1.37654
7,96,3.32366e-6,2.765e-5,2.765e-5,3.52433e-6,-0.337863
7,97,11.0683,11.9191,11.9191,11.0985,-0.0161343
7,98,32.1624,38.2883,38.2883,36.1493,-0.654417
7,101,116.859,127.095,127.095,123.244,-0.307401
7,103,119.279,131.113,131.113,130.323,-0.50284
7,120,10.131,11.2701,11.2701,11.2144,-0.573223
7,144,0.125359,0.166075,0.166075,0.112484,0.679162
7,168,0.000891532,0.00236804,0.00236804,0.000908242,-0.109169
7,192,9.81587e-6,3.38358e-5,3.38358e-5,6.80036e-6,2.63118
7,193,15.0595,15.295,15.295,13.3182,0.775803
7,194,47.3385,49.1367,49.1367,43.3965,0.539006
7,197,131.591,164.64,164.64,151.387,-0.775921
7,199,137.169,171.905,171.905,162.481,-0.924381
7,216,16.2009,15.2998,15.2998,14.9181,0.510212
7,240,0.129388,0.226462,0.226462,0.151146,-0.854157
7,264,0.00120017,0.00324936,0.00324936,0.00121965,-0.0947547
7,288,9.2629e-6,4.65002e-5,4.65002e-5,9.13344e-6,0.0841076
7,289,29.2202,27.387,27.387,23.181,1.54586
7,290,77.0728,87.6734,87.6734,75.2403,0.144519
7,293,223.563,291.903,291.903,259.96,-0.830763
7,295,312.02,306.102,306.102,280.682,0.662494
7,312,25.3267,27.4629,27.4629,26.5259,-0.268252
7,336,0.275905,0.407168,0.407168,0.26995,0.130885
7,360,0.00210862,0.00584215,0.00584215,0.00217342,-0.176922
7,384,1.2903e-5,8.37025e-5,8.37025e-5,1.63999e-5,-1.2652
7,385,21.3831,21.8351,21.8351,18.0434,1.0983
7,386,66.6038,69.9921,69.9921,58.6421,0.805598
7,389,177.48,236.59,236.59,205.406,-0.806708
7,391,254.48,250.522,250.522,224.648,0.787958
7,408,28.1061,23.2175,23.2175,22.343,1.5305
7,432,0.219033,0.343619,0.343619,0.233394,-0.365108
7,456,0.00182491,0.00488589,0.00488589,0.00191014,-0.264753
7,480,1.29719e-5,6.96775e-5,6.96775e-5,1.45678e-5,-0.650046
7,481,20.1422,19.7383,19.7383,16.1142,1.4832
7,482,53.9773,63.2915,63.2915,52.3895,0.179837
7,485,180.805,215.036,215.036,184.132,-0.107224
7,487,238.537,228.115,228.115,202.096,1.06991
7,504,21.3864,21.3551,21.3551,20.4577,0.269363
7,528,0.216088,0.319741,0.319741,0.21505,0.0286521
7,552,0.00173544,0.0046205,0.0046205,0.00175525,-0.0669919
7,576,1.45197e-5,6.66683e-5,6.66683e-5,1.32466e-5,0.570239
7,577,15.4532,18.5575,18.5575,15.0266,0.168457
7,578,55.3699,59.5139,59.5139,48.8607,0.790469
7,581,191.974,202.551,202.551,172.259,0.679097
7,583,179.729,215.204,215.204,189.297,-0.299918
7,600,20.8246,20.1919,20.1919,19.3868,0.440069
7,624,0.23273,0.302455,0.302455,0.201918,0.905442
7,648,0.00179471,0.00436672,0.00436672,0.00164082,0.556519
8,0,0,0,0,0,0
8,1,117.404,93.9548,93.9548,109.836,0.408831
8,2,187.292,159.476,159.476,190.698,-0.105965
8,5,256.029,187.212,187.212,207.575,1.3851
8,7,159.837,152.558,152.558,156.096,0.142188
8,24,10.1363,9.35549,9.35549,8.71405,0.968474
8,48,0.166615,0.135526,0.135526,0.14568,0.852697
8,72,0.0026859,0.00194035,0.00194035,0.0024311,0.6219
8,96,4.45342e-5,2.765e-5,2.765e-5,4.05104e-5,0.589379
8,97,17.4997,11.9191,11.9191,19.2969,-0.552614
8,98,56.3084,38.2883,38.2883,54.9981,0.141375
8,101,135.654,127.095,127.095,135.958,-0.0132733
8,103,121.809,131.113,131.113,113.786,0.418368
8,120,6.4116,11.2701,11.2701,6.55925,-0.133571
8,144,0.13241,0.166075,0.166075,0.108064,1.33678
8,168,0.00172982,0.00236804,0.00236804,0.0017821,-0.174075
8,192,3.07287e-5,3.38358e-5,3.38358e-5,2.95181e-5,0.243339
8,193,28.9275,15.295,15.295,25.0947,0.906247
8,194,76.8375,49.1367,49.1367,71.567,0.436978
8,197,187.859,164.64,164.64,179.044,0.292118
8,199,162.115,171.905,171.905,150.44,0.460484
8,216,9.1724,15.2998,15.2998,8.69675,0.324524
8,240,0.132442,0.226462,0.226462,0.143561,-0.459586
8,264,0.00230868,0.00324936,0.00324936,0.00237091,-0.155734
8,288,3.99941e-5,4.65002e-5,4.65002e-5,3.93159e-5,0.102347
8,289,42.8012,27.387,27.387,43.5051,-0.0960111
8,290,139.369,87.6734,87.6734,123.792,0.746659
8,293,325.79,291.903,291.903,309.176,0.318835
8,295,261.593,306.102,306.102,259.927,0.0380245
8,312,14.5295,27.4629,27.4629,15.0907,-0.220651
8,336,0.238562,0.407168,0.407168,0.251777,-0.311443
8,360,0.00454803,0.00584215,0.00584215,0.00419572,0.498243
8,384,6.74188e-5,8.37025e-5,8.37025e-5,6.98904e-5,-0.209838
8,385,28.7254,21.8351,21.8351,32.6898,-0.719594
8,386,99.3561,69.9921,69.9921,93.2541,0.388263
8,389,234.918,236.59,236.59,239.244,-0.107277
8,391,214.933,250.522,250.522,202.389,0.367759
8,408,11.6446,23.2175,23.2175,11.7861,-0.0712285
8,432,0.193044,0.343619,0.343619,0.196781,-0.112656
8,456,0.003588,0.00488589,0.00488589,0.00328113,0.554947
8,480,4.9596e-5,6.96775e-5,6.96775e-5,5.46746e-5,-0.551167
8,481,27.2375,19.7383,19.7383,28.5221,-0.26726
8,482,79.9005,63.2915,63.2915,81.4205,-0.110777
8,485,181.77,215.036,215.036,209.852,-0.794016
8,487,172.734,228.115,228.115,177.928,-0.173197
8,504,9.58445,21.3551,21.3551,10.3697,-0.449345
8,528,0.163677,0.319741,0.319741,0.171963,-0.285919
8,552,0.00293401,0.0046205,0.0046205,0.00285369,0.166998
8,576,4.88827e-5,6.66683e-5,6.66683e-5,4.71405e-5,0.219294
8,577,28.9415,18.5575,18.5575,26.1274,0.639093
8,578,71.0856,59.5139,59.5139,74.608,-0.280135
8,581,183.828,202.551,202.551,193.136,-0.285945
8,583,167.819,215.204,215.204,163.842,0.144014
8,600,9.81995,20.1919,20.1919,9.52816,0.181713
8,624,0.147715,0.302455,0.302455,0.155693,-0.304034
8,648,0.00273718,0.00436672,0.00436672,0.00254237,0.454674
9,0,0,0,0,0,0
9,1,195.393,93.9548,93.9548,153.513,1.61874
9,2,303.544,159.476,159.476,305.173,-0.0316679
9,5,311.775,187.212,187.212,391.071,-1.20314
9,7,334.879,152.558,152.558,322.216,0.2332
9,24,20.134,9.35549,9.35549,19.5623,0.173406
9,48,0.284966,0.135526,0.135526,0.250034,0.828976
9,72,0.00276438,0.00194035,0.00194035,0.00305999,-0.573218
9,96,3.4454e-5,2.765e-5,2.765e-5,3.72791e-5,-0.449666
9,97,30.1926,11.9191,11.9191,23.4889,1.69346
9,98,88.2217,38.2883,38.2883,76.3242,0.924946
9,101,233.612,127.095,127.095,260.685,-0.616217
9,103,288.736,131.113,131.113,275.17,0.292531
9,120,26.3871,11.2701,11.2701,25.5827,0.186577
9,144,0.368441,0.166075,0.166075,0.347252,0.36207
9,168,0.00483097,0.00236804,0.00236804,0.0043103,0.716773
9,192,4.77046e-5,3.38358e-5,3.38358e-5,5.29352e-5,-0.586308
9,193,31.5103,15.295,15.295,28.4054,0.648593
9,194,96.3662,49.1367,49.1367,92.3132,0.260515
9,197,306.038,164.64,164.64,318.176,-0.226364
9,199,307.759,171.905,171.905,340.84,-0.575911
9,216,35.9423,15.2998,15.2998,33.1639,0.49712
9,240,0.396114,0.226462,0.226462,0.450307,-0.714087
9,264,0.00557488,0.00324936,0.00324936,0.00555643,0.0197108
9,288,6.54407e-5,4.65002e-5,4.65002e-5,6.7768e-5,-0.20377
9,289,48.1896,27.387,27.387,48.9025,-0.0865035
9,290,157.596,87.6734,87.6734,158.32,-0.0271445
9,293,526.242,291.903,291.903,542.924,-0.182315
9,295,509.085,306.102,306.102,583.416,-0.755977
9,312,47.3206,27.4629,27.4629,57.7931,-1.07522
9,336,0.885985,0.407168,0.407168,0.792322,0.70144
9,360,0.0100577,0.00584215,0.00584215,0.00984528,0.128024
9,384,0.000130809,8.37025e-5,8.37025e-5,0.000121258,0.467388
9,385,36.896,21.8351,21.8351,37.2619,-0.058278
9,386,107.609,69.9921,69.9921,120.799,-0.647865
9,389,461.13,236.59,236.59,419.953,0.581794
9,391,469.385,250.522,250.522,456.661,0.165331
9,408,45.4451,23.2175,23.2175,47.1932,-0.219794
9,432,0.622333,0.343619,0.343619,0.650627,-0.258045
9,456,0.00937137,0.00488589,0.00488589,0.00805134,0.972829
9,480,0.000114254,6.96775e-5,6.96775e-5,9.85898e-5,0.942745
9,481,35.5971,19.7383,19.7383,32.8545,0.495315
9,482,111.426,63.2915,63.2915,106.548,0.271642
9,485,306.847,215.036,215.036,372.85,-1.05038
9,487,387.091,228.115,228.115,405.991,-0.276219
9,504,45.7537,21.3551,21.3551,42.8637,0.400056
9,528,0.623006,0.319741,0.319741,0.588762,0.34512
9,552,0.00770399,0.0046205,0.0046205,0.0072726,0.351968
9,576,9.92182e-5,6.66683e-5,6.66683e-5,8.87272e-5,0.701585
9,577,28.0249,18.5575,18.5575,30.3437,-0.453439
9,578,101.209,59.5139,59.5139,98.4208,0.168078
9,581,385.249,202.551,202.551,344.406,0.703677
9,583,362.104,215.204,215.204,376.29,-0.223692
9,600,36.2321,20.1919,20.1919,39.8789,-0.542618
9,624,0.555236,0.302455,0.302455,0.552116,0.0335376
9,648,0.00666908,0.00436672,0.00436672,0.00682091,-0.132084
10,0,0,0,0,0,0
10,1,120.17,260.971,260.971,196.043,-2.29646
10,2,145.667,372.438,372.438,458.749,-4.04952
10,5,175.174,410.786,410.786,679.47,-4.40389
10,7,143.341,336.218,336.218,579.733,-4.46652
10,24,11.3496,21.0837,21.0837,44.9482,-4.43537
10,48,0.148706,0.30626,0.30626,0.828715,-4.86889
10,72,0.00220907,0.00439106,0.00439106,0.0148177,-5.04903
10,96,0.000627759,6.28328e-5,6.28328e-5,0.000264254,8.16227
10,97,11.0986,13.2426,13.2426,15.923,-1.79781
10,98,29.0938,42.5795,42.5795,52.183,-2.62544
10,101,111.919,143.625,143.625,185.949,-2.36231
10,103,110.828,150.837,150.837,204.887,-2.72401
10,120,13.4013,13.6701,13.6701,25.5202,-2.81774
10,144,0.22795,0.206015,0.206015,0.496191,-3.20773
10,168,0.00208704,0.0030047,0.0030047,0.00876315,-4.52048
10,192,5.32717e-5,4.37369e-5,4.37369e-5,0.000154117,-3.88263
10,193,21.7734,25.752,25.752,28.6985,-1.43181
10,194,57.2447,82.4767,82.4767,93.6433,-2.30637
10,197,233.734,276.109,276.109,330.025,-1.73125
10,199,270.056,290.423,290.423,362.774,-1.51652
10,216,27.3726,26.3037,26.3037,44.8422,-2.31162
10,240,0.473677,0.390171,0.390171,0.874968,-2.72138
10,264,0.00483666,0.00559734,0.00559734,0.0157118,-4.10705
10,288,6.47814e-5,8.01327e-5,8.01327e-5,0.000279948,-4.56056
10,289,42.615,40.1396,40.1396,39.9739,0.392039
10,290,122.36,127.875,127.875,129.679,-0.33487
10,293,372.066,427.443,427.443,455.204,-1.08371
10,295,459.653,451.809,451.809,502.074,-0.501335
10,312,61.8852,41.6408,41.6408,63.1495,-0.118796
10,336,0.889816,0.628226,0.628226,1.2355,-1.66018
10,360,0.00880315,0.00916214,0.00916214,0.0222001,-3.58073
10,384,0.000136684,0.000133354,0.000133354,0.000395769,-3.88438
10,385,38.9664,34.7446,34.7446,30.6104,1.61975
10,386,121.663,110.772,110.772,99.3901,1.32969
10,389,412.879,371.961,371.961,350.925,1.04757
10,391,427.189,395.289,395.289,390.917,0.550568
10,408,49.2942,37.1506,37.1506,51.0693,-0.206251
10,432,0.839321,0.552777,0.552777,1.01744,-1.03877
10,456,0.00837653,0.00793359,0.00793359,0.0183961,-3.2318
10,480,0.000132403,0.000113682,0.000113682,0.000330356,-3.5555
10,481,37.4862,32.4128,32.4128,26.4483,2.47632
10,482,120.151,103.361,103.361,85.9011,2.36579
10,485,405.835,349.809,349.809,305.09,1.95938
10,487,414.028,372.224,372.224,340.416,1.2831
10,504,58.2878,35.2636,35.2636,44.9868,1.75437
10,528,0.720118,0.530194,0.530194,0.894621,-1.1574
10,552,0.0104906,0.00764397,0.00764397,0.016206,-2.09262
10,576,0.000102736,0.000109993,0.000109993,0.000291791,-3.84449
10,577,40.1693,31.0458,31.0458,23.9326,4.02557
10,578,123.915,99.0114,99.0114,77.7416,3.52422
10,581,359.94,334.846,334.846,276.41,1.79312
10,583,405.988,356.794,356.794,309.068,1.8607
10,600,51.2845,33.8683,33.8683,41.1471,1.46187
10,624,0.833871,0.508879,0.508879,0.82041,0.0973526
10,648,0.0101877,0.00733883,0.00733883,0.014842,-1.86073
11,0,0,0,0,0,0
11,1,440.582,260.971,260.971,395.542,0.675653
11,2,616.375,372.438,372.438,604.805,0.113514
11,5,618.556,410.786,410.786,642.998,-0.225555
11,7,434.335,336.218,336.218,496.871,-0.746802
11,24,20.9695,21.0837,21.0837,19.7469,0.367387
11,48,0.149687,0.30626,0.30626,0.165366,-0.562609
11,72,0.00131573,0.00439106,0.00439106,0.00138118,-0.281183
11,96,1.03748e-5,6.28328e-5,6.28328e-5,1.24364e-5,-0.983648
11,97,25.5772,13.2426,13.2426,22.7339,0.742103
11,98,73.3649,42.5795,42.5795,71.0223,0.195718
11,101,210.508,143.625,143.625,219.756,-0.24969
11,103,195.909,150.837,150.837,213.743,-0.495072
11,120,11.0879,13.6701,13.6701,11.3044,-0.113614
11,144,0.0832077,0.206015,0.206015,0.094678,-0.718869
11,168,0.000698111,0.0030047,0.0030047,0.000784428,-0.652927
11,192,6.66223e-6,4.37369e-5,4.37369e-5,6.51262e-6,0.136309
11,193,50.8322,25.752,25.752,42.8064,1.11251
11,194,140.646,82.4767,82.4767,133.205,0.33146
11,197,419.081,276.109,276.109,407.858,0.16327
11,199,434.053,290.423,290.423,396.307,0.565156
11,216,21.2337,26.3037,26.3037,20.8469,0.110101
11,240,0.207779,0.390171,0.390171,0.172614,1.2088
11,264,0.00140674,0.00559734,0.00559734,0.00143214,-0.105239
11,288,1.42914e-5,8.01327e-5,8.01327e-5,1.20104e-5,1.1269
11,289,83.694,40.1396,40.1396,63.3748,1.90243
11,290,163.765,127.875,127.875,196.26,-0.982448
11,293,534.824,427.443,427.443,600.594,-0.649782
11,295,654.338,451.809,451.809,585.511,0.697497
11,312,33.696,41.6408,41.6408,31.3072,0.452753
11,336,0.238673,0.628226,0.628226,0.264796,-0.585373
11,360,0.00247051,0.00916214,0.00916214,0.00220841,0.704224
11,384,2.16527e-5,0.000133354,0.000133354,1.8021e-5,1.1958
11,385,55.5037,34.7446,34.7446,51.8548,0.417536
11,386,183.942,110.772,110.772,160.777,0.854943
11,389,450.273,371.961,371.961,497.998,-0.568634
11,391,454.616,395.289,395.289,489.998,-0.428468
11,408,25.5166,37.1506,37.1506,26.6876,-0.260371
11,432,0.217923,0.552777,0.552777,0.227975,-0.261614
11,456,0.00206006,0.00793359,0.00793359,0.00192063,0.430756
11,480,1.47849e-5,0.000113682,0.000113682,1.60958e-5,-0.483255
11,481,55.442,32.4128,32.4128,46.737,1.10518
11,482,188.892,103.361,103.361,144.964,1.79804
11,485,461.194,349.809,349.809,453.047,0.106698
11,487,426.089,372.224,372.224,446.318,-0.268941
11,504,28.41,35.2636,35.2636,24.3414,0.991812
11,528,0.220501,0.530194,0.530194,0.204244,0.472285
11,552,0.00145747,0.00764397,0.00764397,0.00169333,-0.826493
11,576,1.38986e-5,0.000109993,0.000109993,1.39167e-5,-0.00775671
11,577,41.5537,31.0458,31.0458,43.676,-0.288331
11,578,148.586,99.0114,99.0114,135.495,0.573302
11,581,501.664,334.846,334.846,421.233,1.13299
11,583,368.479,356.794,356.794,416.623,-0.685669
11,600,20.3956,33.8683,33.8683,22.7509,-0.614285
11,624,0.192289,0.508879,0.508879,0.191718,0.0176918
11,648,0.00182953,0.00733883,0.00733883,0.00159354,0.878735
12,0,0,0,0,0,0
12,1,157.528,260.971,260.971,141.705,0.662581
12,2,166.947,372.438,372.438,187.027,-0.63707
12,5,243.344,410.786,410.786,213.333,0.834725
12,7,195.613,336.218,336.218,181.158,0.473435
12,24,13.3447,21.0837,21.0837,12.7971,0.253889
12,48,0.159083,0.30626,0.30626,0.17596,-0.5691
12,72,0.00194963,0.00439106,0.00439106,0.00227316,-0.844512
12,96,3.81626e-5,6.28328e-5,6.28328e-5,2.90621e-5,1.85806
12,97,9.49134,13.2426,13.2426,9.18201,0.199899
12,98,31.1663,42.5795,42.5795,29.9251,0.246108
12,101,90.2243,143.625,143.625,105.775,-0.872343
12,103,99.9739,150.837,150.837,115.022,-0.776274
12,120,15.4818,13.6701,13.6701,12.2141,1.58743
12,144,0.193971,0.206015,0.206015,0.177463,0.551961
12,168,0.00217928,0.0030047,0.0030047,0.00231453,-0.346737
12,192,2.85467e-5,4.37369e-5,4.37369e-5,3.05402e-5,-0.387302
12,193,21.8176,25.752,25.752,18.7062,0.986953
12,194,51.5199,82.4767,82.4767,60.7316,-0.9
12,197,233.148,276.109,276.109,212.36,0.580849
12,199,212.316,290.423,290.423,231.93,-0.501804
12,216,27.0769,26.3037,26.3037,25.1273,0.460386
12,240,0.356193,0.390171,0.390171,0.367119,-0.176584
12,264,0.00554785,0.00559734,0.00559734,0.0048144,0.903963
12,288,6.38537e-5,8.01327e-5,8.01327e-5,6.25608e-5,0.122626
12,289,34.4195,40.1396,40.1396,31.607,0.527987
12,290,109.142,127.875,127.875,102.038,0.413089
12,293,319.833,427.443,427.443,355.599,-0.596799
12,295,351.957,451.809,451.809,390.221,-0.581825
12,312,42.3368,41.6408,41.6408,43.1415,-0.110682
12,336,0.661781,0.628226,0.628226,0.624201,0.357235
12,360,0.00696665,0.00916214,0.00916214,0.00813545,-0.852472
12,384,9.92696e-5,0.000133354,0.000133354,0.000104869,-0.316794
12,385,29.3407,34.7446,34.7446,29.597,-0.0513837
12,386,95.2022,110.772,110.772,95.5864,-0.0238465
12,389,323.288,371.961,371.961,333.494,-0.181595
12,391,335.338,395.289,395.289,367.489,-0.519114
12,408,41.3779,37.1506,37.1506,41.28,0.0140791
12,432,0.684212,0.552777,0.552777,0.600783,0.823987
12,456,0.00841921,0.00793359,0.00793359,0.00784239,0.436422
12,480,0.000105127,0.000113682,0.000113682,0.000100919,0.24744
12,481,29.2947,32.4128,32.4128,28.806,0.100685
12,482,104.986,103.361,103.361,93.0408,0.761828
12,485,334.679,349.809,349.809,324.717,0.182049
12,487,380.323,372.224,372.224,358.495,0.361293
12,504,33.3331,35.2636,35.2636,40.4097,-1.03911
12,528,0.591984,0.530194,0.530194,0.5892,0.0280365
12,552,0.00831564,0.00764397,0.00764397,0.0076812,0.490096
12,576,9.43185e-5,0.000109993,0.000109993,9.88866e-5,-0.274104
12,577,26.5181,31.0458,31.0458,28.373,-0.387914
12,578,104.568,99.0114,99.0114,91.6459,0.836635
12,581,318.351,334.846,334.846,320.051,-0.0315183
12,583,300.06,356.794,356.794,353.459,-0.896441
12,600,38.6886,33.8683,33.8683,39.8044,-0.16633
12,624,0.61926,0.508879,0.508879,0.582633,0.373025
12,648,0.00868531,0.00733883,0.00733883,0.00761052,0.837971
13,0,0,0,0,0,0
13,1,281.725,385.72,385.72,296.557,-0.296762
13,2,429.24,526.998,526.998,405.862,0.341793
13,5,495.092,579.762,579.762,490.796,0.0519388
13,7,432.941,477.667,477.667,439.872,-0.0934909
13,24,75.732,30.5612,30.5612,66.0658,0.868158
13,48,2.98414,0.456307,0.456307,3.65187,-1.08493
13,72,0.18816,0.00669221,0.00669221,0.202414,-0.417836
13,96,0.0118034,9.67081e-5,9.67081e-5,0.0111971,0.321302
13,97,17.0588,25.4934,25.4934,19.1941,-0.660128
13,98,64.4953,81.6538,81.6538,62.6479,0.174975
13,101,259.429,274.19,274.19,225.314,0.898426
13,103,275.053,288.315,288.315,253.225,0.51147
13,120,49.6547,26.1435,26.1435,50.0369,-0.0453293
13,144,3.20893,0.387974,0.387974,2.74352,1.00658
13,168,0.139906,0.00556661,0.00556661,0.148765,-0.353325
13,192,0.00940922,7.96848e-5,7.96848e-5,0.00807085,0.983966
13,193,38.2935,39.9722,39.9722,32.0565,1.15446
13,194,80.218,127.346,127.346,104.087,-1.3607
13,197,382.11,425.87,425.87,370.787,0.181193
13,199,500.943,450.219,450.219,418.828,1.16334
13,216,87.22,41.5178,41.5178,83.5505,0.260602
13,240,3.98791,0.626511,0.626511,4.56134,-0.745947
13,264,0.244,0.00914043,0.00914043,0.246408,-0.0579885
13,288,0.012742,0.00013304,0.00013304,0.0133095,-0.25301
13,289,36.9333,50.0306,50.0306,42.3301,-0.756502
13,290,150.259,158.626,158.626,136.758,0.585784
13,293,455.591,528.386,528.386,486.158,-0.373074
13,295,581.308,562.176,562.176,550.916,0.327334
13,312,116.254,52.9769,52.9769,111.266,0.266031
13,336,5.61467,0.793237,0.793237,6.0767,-0.451145
13,360,0.332974,0.0114548,0.0114548,0.326848,0.111223
13,384,0.0191608,0.000165362,0.000165362,0.0175778,0.534371
13,385,34.4695,45.7266,45.7266,40.1526,-0.83983
13,386,139.243,145.036,145.036,129.734,0.434917
13,389,424.264,484.39,484.39,461.016,-0.473028
13,391,562.915,517.368,517.368,523.453,0.44732
13,408,115.249,49.2327,49.2327,106.494,0.487821
13,432,5.76061,0.731911,0.731911,5.84328,-0.0839525
13,456,0.311,0.0105112,0.0105112,0.316853,-0.109619
13,480,0.0196849,0.000150381,0.000150381,0.017189,0.861593
13,481,41.8368,43.5803,43.5803,39.0907,0.416833
13,482,152.781,138.248,138.248,126.311,1.24349
13,485,487.183,462.634,462.634,449.134,0.502679
13,487,407.377,494.822,494.822,510.242,-1.19623
13,504,98.4044,47.1638,47.1638,103.945,-0.316299
13,528,6.21867,0.707022,0.707022,5.70515,0.534091
13,552,0.325748,0.0102711,0.0102711,0.309265,0.316252
13,576,0.0160832,0.000147563,0.000147563,0.0167685,-0.242518
13,577,42.6724,42.2582,42.2582,38.4508,0.651466
13,578,146.497,134.064,134.064,124.247,1.06262
13,581,484.222,449.384,449.384,441.939,0.56771
13,583,477.775,480.817,480.817,502.201,-0.2886
13,600,87.5646,45.851,45.851,102.436,-0.861441
13,624,6.25826,0.684898,0.684898,5.62144,0.672189
13,648,0.294319,0.00986559,0.00986559,0.304818,-0.204364
14,0,0,0,0,0,0
14,1,497.33,385.72,385.72,490.993,0.0765885
14,2,707.494,526.998,526.998,673.846,0.296297
14,5,748.049,579.762,579.762,753.105,-0.0398285
14,7,632.008,477.667,477.667,631.047,0.00903787
14,24,47.408,30.5612,30.5612,42.7454,0.647231
14,48,0.59465,0.456307,0.456307,0.517964,0.878483
14,72,0.00488039,0.00669221,0.00669221,0.00529271,-0.46225
15,0,0,0,0,0,0
15,1,207.473,385.72,385.72,215.001,-0.207754
15,2,279.569,526.998,526.998,283.567,-0.083649
15,5,310.467,579.762,579.762,323.092,-0.231853
15,7,247.206,477.667,477.667,274.062,-0.581439
15,24,23.8372,30.5612,30.5612,21.7436,0.571324
15,48,0.438764,0.456307,0.456307,0.451582,-0.168427
15,72,0.00994687,0.00669221,0.00669221,0.00926564,0.436253
15,96,0.000181928,9.67081e-5,9.67081e-5,0.000189923,-0.249762
15,97,17.9082,25.4934,25.4934,17.0053,0.315051
15,98,54.5425,81.6538,81.6538,54.4857,0.00618148
15,101,214.97,274.19,274.19,184.337,0.986054
15,103,156.065,288.315,288.315,195.241,-1.1906
15,120,20.08,26.1435,26.1435,20.525,-0.12865
15,144,0.425658,0.387974,0.387974,0.423375,0.0320026
15,168,0.0111204,0.00556661,0.00556661,0.00853203,1.80009
15,192,0.000190241,7.96848e-5,7.96848e-5,0.000171867,0.634381
15,193,27.6608,39.9722,39.9722,27.9795,-0.0676011
15,194,83.6204,127.346,127.346,89.1862,-0.370301
15,197,319.725,425.87,425.87,299.428,0.402231
15,199,302.574,450.219,450.219,319.073,-0.306827
15,216,33.3155,41.5178,41.5178,34.0999,-0.1365
15,240,0.71577,0.626511,0.626511,0.696764,0.161861
15,264,0.0159717,0.00914043,0.00914043,0.013934,0.867737
15,288,0.0002279,0.00013304,0.00013304,0.000278825,-1.08372
15,289,31.9442,50.0306,50.0306,36.8153,-0.785095
15,290,116.424,158.626,158.626,116.79,-0.018613
15,293,467.512,528.386,528.386,391.954,1.14384
15,295,446.058,562.176,562.176,419.43,0.376707
15,312,39.2537,52.9769,52.9769,45.3738,-0.800347
15,336,0.964338,0.793237,0.793237,0.927203,0.237646
15,360,0.0184549,0.0114548,0.0114548,0.0186112,-0.0498445
15,384,0.000310561,0.000165362,0.000165362,0.000373174,-0.995573
15,385,38.9624,45.7266,45.7266,34.9267,0.685616
15,386,112.148,145.036,145.036,110.826,0.0707899
15,389,425.736,484.39,484.39,372.424,0.849393
15,391,403.84,517.368,517.368,399.45,0.0652087
15,408,45.7305,49.2327,49.2327,43.5825,0.292441
15,432,0.891622,0.731911,0.731911,0.906146,-0.0951015
15,456,0.0172743,0.0105112,0.0105112,0.0182897,-0.329425
15,480,0.000316439,0.000150381,0.000150381,0.00036843,-0.837331
15,481,44.9058,43.5803,43.5803,34.0272,1.897
15,482,115.717,138.248,138.248,107.981,0.4251
15,485,422.239,462.634,462.634,362.961,0.969054
15,487,344.975,494.822,494.822,389.301,-0.67561
15,504,46.2292,47.1638,47.1638,42.5892,0.507132
15,528,0.835332,0.707022,0.707022,0.876488,-0.278619
15,552,0.0192715,0.0102711,0.0102711,0.0176893,0.530725
15,576,0.000399671,0.000147563,0.000147563,0.000357135,0.706717
15,577,35.2718,42.2582,42.2582,33.4919,0.315352
15,578,110.887,134.064,134.064,106.286,0.256826
15,581,363.797,449.384,449.384,357.397,0.106243
15,583,305.255,480.817,480.817,383.856,-1.21501
15,600,43.4677,45.851,45.851,41.992,0.208531
15,624,0.820841,0.684898,0.684898,0.864418,-0.299125
15,648,0.0170358,0.00986559,0.00986559,0.0174404,-0.137659
16,0,0,0,0,0,0
16,1,775.948,385.72,385.72,791.037,-0.113186
16,2,1141.28,526.998,526.998,1164.88,-0.120193
16,5,1291.99,579.762,579.762,1177.07,0.579306
16,7,1047.14,477.667,477.667,874.82,1.16878
16,24,17.841,30.5612,30.5612,20.2616,-0.708869
16,48,0.0613838,0.456307,0.456307,0.0621194,-0.0702605
16,72,0.000199058,0.00669221,0.00669221,0.000183209,0.513302
17,0,0,0,0,0,0
17,1,146.09,385.72,385.72,149.739,-0.144587
17,2,195.507,526.998,526.998,199.295,-0.11278
17,5,268.639,579.762,579.762,271.528,-0.0631411
17,7,218.845,477.667,477.667,261.241,-0.962967
17,24,44.4042,30.5612,30.5612,46.8217,-0.306362
17,48,2.52412,0.456307,0.456307,2.15251,1.0244
17,72,0.104925,0.00669221,0.00669221,0.0883533,1.11291
17,96,0.00300188,9.67081e-5,9.67081e-5,0.00365262,-1.05712
17,97,18.6598,25.4934,25.4934,19.0062,-0.108129
17,98,61.5194,81.6538,81.6538,64.1161,-0.240312
17,101,275.69,274.19,274.19,251.866,0.561264
17,103,300.876,288.315,288.315,307.865,-0.134702
17,120,100.726,26.1435,26.1435,89.8799,0.716019
17,144,5.31315,0.387974,0.387974,4.61182,0.902337
17,168,0.226765,0.00556661,0.00556661,0.195512,0.94851
17,192,0.00774303,7.96848e-5,7.96848e-5,0.00800386,-0.193368
17,193,37.2344,39.9722,39.9722,33.4437,0.672545
17,194,108.466,127.346,127.346,112.045,-0.189558
17,197,496.128,425.87,425.87,436.01,0.818138
17,199,535.327,450.219,450.219,535.042,0.00316647
17,216,214.057,41.5178,41.5178,162.208,1.89667
17,240,9.49865,0.626511,0.626511,8.44607,0.739473
17,264,0.360273,0.00914043,0.00914043,0.35721,0.0508802
17,288,0.0155,0.00013304,0.00013304,0.0146814,0.330855
17,289,67.5515,64.7468,64.7468,60.717,0.667914
17,290,249.009,204.21,204.21,200.809,1.42426
17,293,792.045,673.291,673.291,762.085,0.233276
17,295,903.935,717.053,717.053,937.556,-0.212785
17,312,326.756,67.862,67.862,296.401,0.60767
17,336,15.0363,1.01622,1.01622,15.7518,-0.269495
17,360,0.718223,0.0146726,0.0146726,0.670036,0.426733
18,0,0,0,0,0,0
18,1,638.948,385.72,385.72,608.114,0.300861
18,2,849.735,526.998,526.998,930.22,-0.513397
18,5,1003.32,579.762,579.762,1040.56,-0.212376
18,7,712.199,477.667,477.667,844.266,-0.928189
18,24,44.0807,30.5612,30.5612,51.3192,-0.836933
18,48,0.658945,0.456307,0.456307,0.76026,-0.790743
18,72,0.00896936,0.00669221,0.00669221,0.0111573,-1.16359
18,96,0.000106446,9.67081e-5,9.67081e-5,0.000163277,-2.06529
18,97,42.9664,25.4934,25.4934,38.0068,0.774292
18,98,117.841,81.6538,81.6538,121.156,-0.16238
18,101,422.687,274.19,274.19,402.82,0.292638
18,103,366.32,288.315,288.315,416.603,-0.716177
18,120,39.0352,26.1435,26.1435,35.6397,0.565305
18,144,0.59582,0.387974,0.387974,0.526728,0.778329
18,168,0.0079876,0.00556661,0.00556661,0.0076106,0.293932
18,192,9.16651e-5,7.96848e-5,7.96848e-5,0.000109914,-0.985161
18,193,55.5099,39.9722,39.9722,57.111,-0.166349
18,194,178.529,127.346,127.346,181.077,-0.0834861
18,197,585.648,425.87,425.87,597.37,-0.116432
18,199,709.695,450.219,450.219,621.293,0.844273
18,216,50.3497,41.5178,41.5178,53.6483,-0.364839
18,240,0.712629,0.626511,0.626511,0.799875,-0.64721
18,264,0.0108752,0.00914043,0.00914043,0.0116518,-0.395473
18,288,0.000175758,0.00013304,0.00013304,0.000169594,0.215681
18,289,88.0997,64.7468,64.7468,87.3128,0.0534809
18,290,269.554,204.21,204.21,274.097,-0.0983329
18,293,871.698,673.291,673.291,894.268,-0.149754
18,295,1183.08,717.053,717.053,936.102,1.56553
18,312,93.3558,67.862,67.862,82.3495,0.793049
18,336,1.2713,1.01622,1.01622,1.22395,0.229551
18,360,0.0194082,0.0146726,0.0146726,0.0176594,0.587599
18,384,0.000251673,0.000211796,0.000211796,0.000254722,-0.0710067
18,385,82.5436,58.1902,58.1902,73.6093,0.720188
18,386,226.034,183.635,183.635,231.261,-0.134122
18,389,770.009,611.832,611.832,755.786,0.111667
18,391,908.961,653.469,653.469,797.827,0.826533
18,408,77.5044,62.6659,62.6659,71.6646,0.483524
18,432,1.18678,0.94616,0.94616,1.06827,0.658262
18,456,0.0144247,0.0136381,0.0136381,0.0155268,-0.421176
18,480,0.000226123,0.000196245,0.000196245,0.000225637,0.0127685
18,481,67.8818,55.3116,55.3116,67.343,0.0474703
18,482,259.918,174.581,174.581,211.63,1.35391
18,485,733.805,582.053,582.053,693.902,0.341209
18,487,771.493,622.743,622.743,734.028,0.302858
18,504,71.7812,59.9316,59.9316,66.224,0.497923
18,528,1.18296,0.899011,0.899011,0.974091,1.27233
18,552,0.0170738,0.0129809,0.0129809,0.0138921,1.359
18,576,0.000224978,0.000187387,0.000187387,0.000198682,0.785329
18,577,72.4532,53.6418,53.6418,63.5621,0.830009
18,578,200.185,169.324,169.324,199.773,0.0122358
18,581,827.558,564.362,564.362,656.397,1.54724
18,583,668.888,603.097,603.097,694.977,-0.222745
18,600,68.2696,58.2116,58.2116,63.0814,0.488015
18,624,1.06894,0.880152,0.880152,0.937625,0.830983
18,648,0.0160991,0.0127141,0.0127141,0.0135354,1.12384
19,0,0,0,0,0,0
19,1,385.627,385.72,385.72,366.404,0.311288
19,2,488.957,526.998,526.998,499.808,-0.12882
19,5,528.67,579.762,579.762,504.052,0.289796
19,7,337.69,477.667,477.667,386.205,-0.74538
19,24,14.8656,30.5612,30.5612,18.573,-1.18442
19,48,0.198673,0.456307,0.456307,0.231698,-0.845746
19,72,0.0027326,0.00669221,0.00669221,0.00289158,-0.326223
19,96,3.61492e-5,9.67081e-5,9.67081e-5,3.58603e-5,0.0477954
19,97,25.7586,25.4934,25.4934,25.6186,0.0324178
19,98,76.4548,81.6538,81.6538,77.2241,-0.0591054
19,101,206.76,274.19,274.19,222.195,-0.412172
19,103,234.542,288.315,288.315,203.437,0.907234
19,120,11.4951,26.1435,26.1435,11.0851,0.21944
19,144,0.12175,0.387974,0.387974,0.139091,-0.739777
19,168,0.00187371,0.00556661,0.00556661,0.00174444,0.43969
19,192,1.65255e-5,7.96848e-5,7.96848e-5,2.18182e-5,-1.4394
19,193,46.1051,39.9722,39.9722,39.7562,0.947582
19,194,119.053,127.346,127.346,119.333,-0.0139286
19,197,386.889,425.87,425.87,340.762,0.803202
19,199,325.184,450.219,450.219,313.027,0.230443
19,216,15.9533,41.5178,41.5178,17.0846,-0.392921
19,240,0.225982,0.626511,0.626511,0.209883,0.455146
19,264,0.00271397,0.00914043,0.00914043,0.00257422,0.322125
19,288,3.53201e-5,0.00013304,0.00013304,3.17721e-5,0.662616
19,289,52.8078,50.0306,50.0306,48.289,0.555264
19,290,152.421,158.626,158.626,144.445,0.327658
19,293,456.836,528.386,528.386,411.863,0.647919
19,295,322.47,562.176,562.176,380.957,-0.910961
19,312,18.8539,52.9769,52.9769,21.0287,-0.613655
19,336,0.253695,0.793237,0.793237,0.262297,-0.194578
19,360,0.00321642,0.0114548,0.0114548,0.00327359,-0.103635
19,384,5.37293e-5,0.000165362,0.000165362,4.06924e-5,1.901
19,385,48.3917,45.7266,45.7266,42.784,0.777725
19,386,139.298,145.036,145.036,128.066,0.520423
19,389,412.72,484.39,484.39,367.218,0.735232
19,391,332.811,517.368,517.368,340.864,-0.14019
19,408,21.2107,49.2327,49.2327,18.8356,0.748226
19,432,0.241527,0.731911,0.731911,0.233531,0.203154
19,456,0.00290048,0.0105112,0.0105112,0.00289741,0.00628765
19,480,4.67689e-5,0.000150381,0.000150381,3.59546e-5,1.7847
19,481,44.9193,43.5803,43.5803,39.923,0.742594
19,482,142.339,138.248,138.248,119.534,1.13202
19,485,416.829,462.634,462.634,344.199,1.25207
19,487,414.123,494.822,494.822,319.855,1.74877
19,504,16.7887,47.1638,47.1638,17.7805,-0.330988
19,528,0.238449,0.707022,0.707022,0.224099,0.37996
19,552,0.00298288,0.0102711,0.0102711,0.00281856,0.345929
19,576,3.21306e-5,0.000147563,0.000147563,3.53558e-5,-0.541269
19,577,36.729,42.2582,42.2582,38.107,-0.214561
19,578,117.51,134.064,134.064,114.113,0.176614
19,581,356.399,449.384,449.384,329.33,0.487701
19,583,333.715,480.817,480.817,306.235,0.532458
19,600,18.0885,45.851,45.851,17.0315,0.368252
19,624,0.238645,0.684898,0.684898,0.214148,0.678769
19,648,0.00258563,0.00986559,0.00986559,0.00269083,-0.231994
20,0,0,0,0,0,0
20,1,224.259,385.72,385.72,212.144,0.338853
20,2,274.785,526.998,526.998,273.204,0.0343366
20,5,245.281,579.762,579.762,302.254,-1.11845
20,7,261.268,477.667,477.667,248.364,0.308302
20,24,15.6624,30.5612,30.5612,15.4182,0.093996
20,48,0.252034,0.456307,0.456307,0.242451,0.234535
20,72,0.0033966,0.00669221,0.00669221,0.0037934,-0.620673
20,96,6.02238e-5,9.67081e-5,9.67081e-5,5.89496e-5,0.128256
20,97,21.8753,25.4934,25.4934,19.7133,0.650764
20,98,62.721,81.6538,81.6538,61.6226,0.105772
20,101,178.253,274.19,274.19,195.671,-0.528188
20,103,195.504,288.315,288.315,194.665,0.0255671
20,120,14.6321,26.1435,26.1435,14.6014,0.0124481
20,144,0.220186,0.387974,0.387974,0.229385,-0.237958
20,168,0.00326842,0.00556661,0.00556661,0.00359569,-0.54007
20,192,7.03654e-5,7.96848e-5,7.96848e-5,5.65933e-5,1.44397
20,193,32.7089,39.9722,39.9722,32.7642,-0.0100121
20,194,110.437,127.346,127.346,101.948,0.494115
20,197,383.929,425.87,425.87,320.421,1.17607
20,199,390.177,450.219,450.219,321.176,1.27479
20,216,25.8178,41.5178,41.5178,24.4828,0.323555
20,240,0.382314,0.626511,0.626511,0.383444,-0.0174971
20,264,0.00561061,0.00914043,0.00914043,0.00598352,-0.369807
20,288,7.18674e-5,0.00013304,0.00013304,9.32237e-5,-1.35932
20,289,48.1367,50.0306,50.0306,43.5326,0.627559
20,290,107.712,158.626,158.626,134.873,-1.19491
20,293,450.358,528.386,528.386,423.527,0.375901
20,295,441.642,562.176,562.176,426.325,0.213187
20,312,32.5962,52.9769,52.9769,32.9386,-0.0616847
20,336,0.573897,0.793237,0.793237,0.518755,0.630727
20,360,0.00865485,0.0114548,0.0114548,0.00813908,0.376006
20,384,0.00015986,0.000165362,0.000165362,0.000127631,1.49837
20,385,46.9788,45.7266,45.7266,41.5713,0.771831
20,386,110.374,145.036,145.036,128.833,-0.850181
20,389,379.723,484.39,484.39,405.32,-0.374719
20,391,478.422,517.368,517.368,409.256,1.00281
20,408,27.8088,49.2327,49.2327,31.6109,-0.713674
20,432,0.506374,0.731911,0.731911,0.492153,0.171448
20,456,0.00702184,0.0105112,0.0105112,0.00768801,-0.514155
20,480,0.000109682,0.000150381,0.000150381,0.000119424,-0.484054
20,481,38.2425,43.5803,43.5803,40.6463,-0.350912
20,482,148.153,138.248,138.248,125.978,1.04445
20,485,378.531,462.634,462.634,398.968,-0.303952
20,487,343.679,494.822,494.822,402.51,-0.867267
20,504,28.1501,47.1638,47.1638,31.2559,-0.589604
20,528,0.51586,0.707022,0.707022,0.489218,0.323137
20,552,0.00742525,0.0102711,0.0102711,0.00762597,-0.156178
20,576,0.000117573,0.000147563,0.000147563,0.000118703,-0.056488
20,577,38.6376,42.2582,42.2582,40.0978,-0.216076
20,578,127.175,134.064,134.064,124.283,0.138062
20,581,389.478,449.384,449.384,393.505,-0.0607157
20,583,410.689,480.817,480.817,397.199,0.20152
20,600,34.0353,45.851,45.851,30.799,0.623493
20,624,0.522932,0.684898,0.684898,0.490668,0.390173
20,648,0.00918306,0.00986559,0.00986559,0.00778253,1.0678
21,0,0,0,0,0,0
21,1,325.779,385.72,385.72,329.042,-0.0588404
21,2,398.561,526.998,526.998,438.903,-0.545394
21,5,507.74,579.762,579.762,479.223,0.353087
21,7,443.579,477.667,477.667,392.936,0.764748
21,24,23.2915,30.5612,30.5612,22.3903,0.238818
21,48,0.254193,0.456307,0.456307,0.263299,-0.20521
21,72,0.0028247,0.00669221,0.00669221,0.00305327,-0.444203
21,96,3.70512e-5,9.67081e-5,9.67081e-5,3.53341e-5,0.288352
21,97,25.2537,25.4934,25.4934,23.6477,0.402982
21,98,75.4495,81.6538,81.6538,75.7096,-0.0203835
21,101,263.422,274.19,274.19,253.719,0.226941
21,103,282.291,288.315,288.315,265.694,0.370652
21,120,26.3078,26.1435,26.1435,21.7653,1.23837
21,144,0.245599,0.387974,0.387974,0.251075,-0.12941
21,168,0.00260951,0.00556661,0.00556661,0.002743,-0.288769
21,192,2.78462e-5,7.96848e-5,7.96848e-5,2.97736e-5,-0.384099
21,193,32.0321,39.9722,39.9722,37.3319,-0.842368
21,194,124.671,127.346,127.346,118.884,0.288883
21,197,418.551,425.87,425.87,397.131,0.320032
21,199,369.803,450.219,450.219,418.493,-0.690361
21,216,33.8475,41.5178,41.5178,34.9827,-0.192544
21,240,0.434699,0.626511,0.626511,0.408193,0.385311
21,264,0.00419018,0.00914043,0.00914043,0.00448677,-0.392236
21,288,6.08629e-5,0.00013304,0.00013304,4.90893e-5,1.42312
21,289,45.1019,50.0306,50.0306,47.3901,-0.286504
21,290,149.708,158.626,158.626,150.18,-0.018664
21,293,418.59,528.386,528.386,499.856,-0.964681
21,295,458.93,562.176,562.176,530.117,-0.796811
21,312,41.8903,52.9769,52.9769,45.303,-0.446985
21,336,0.632853,0.793237,0.793237,0.525596,1.21087
21,360,0.00480856,0.0114548,0.0114548,0.00572511,-0.949928
21,384,7.49815e-5,0.000165362,0.000165362,6.22041e-5,1.21884
21,385,44.926,45.7266,45.7266,43.8653,0.143476
21,386,125.296,145.036,145.036,139.06,-0.587296
21,389,475.891,484.39,484.39,463.303,0.161224
21,391,459.736,517.368,517.368,493.417,-0.40503
21,408,39.3663,49.2327,49.2327,42.696,-0.462752
21,432,0.487527,0.731911,0.731911,0.501861,-0.169469
21,456,0.00454709,0.0105112,0.0105112,0.00551047,-1.03736
21,480,5.74698e-5,0.000150381,0.000150381,6.01324e-5,-0.262733
21,481,48.6702,43.5803,43.5803,42.1438,0.918882
21,482,143.208,138.248,138.248,133.62,0.425755
21,485,450.201,462.634,462.634,445.694,0.0600095
21,487,553.827,494.822,494.822,475.279,0.980628
21,504,43.8771,47.1638,47.1638,41.2875,0.372165
21,528,0.373356,0.707022,0.707022,0.479364,-1.31219
21,552,0.00586007,0.0102711,0.0102711,0.00523864,0.703875
21,576,5.86511e-5,0.000147563,0.000147563,5.69717e-5,0.174906
21,577,45.7647,42.2582,42.2582,41.098,0.673773
21,578,136.01,134.064,134.064,130.312,0.259459
21,581,528.586,449.384,449.384,434.956,1.27731
21,583,484.945,480.817,480.817,464.13,0.266109
21,600,45.5678,45.851,45.851,40.4068,0.757879
21,624,0.439694,0.684898,0.684898,0.469191,-0.373042
21,648,0.004648,0.00986559,0.00986559,0.00512791,-0.555324
22,0,0,0,0,0,0
22,1,142.283,385.72,385.72,203.693,-1.78891
22,2,148.964,526.998,526.998,268.054,-2.63618
22,5,206.317,579.762,579.762,313.143,-2.02421
22,7,205.058,477.667,477.667,270.548,-1.43631
22,24,15.1949,30.5612,30.5612,21.0675,-1.65402
22,48,0.321017,0.456307,0.456307,0.320638,0.00702845
22,72,0.00378639,0.00669221,0.00669221,0.00450316,-0.944463
22,96,5.15161e-5,9.67081e-5,9.67081e-5,6.26186e-5,-1.05206
22,97,21.8073,25.4934,25.4934,17.1246,1.62255
22,98,54.0036,81.6538,81.6538,55.8697,-0.198194
22,101,207.047,274.19,274.19,197.691,0.280805
22,103,214.465,288.315,288.315,218.548,-0.110859
22,120,29.5914,26.1435,26.1435,26.0598,0.804132
22,144,0.465505,0.387974,0.387974,0.415557,0.713185
22,168,0.0063768,0.00556661,0.00556661,0.00576559,0.629029
22,192,9.09841e-5,7.96848e-5,7.96848e-5,7.84462e-5,0.948366
22,193,33.8128,39.9722,39.9722,28.2051,1.1797
22,194,117.454,127.346,127.346,91.5003,1.68305
22,197,356.055,425.87,425.87,322.038,0.626773
22,199,475.018,450.219,450.219,358.441,1.92981
22,216,56.4225,41.5178,41.5178,43.8125,1.7078
22,240,0.798811,0.626511,0.626511,0.695752,0.878926
22,264,0.0100868,0.00914043,0.00914043,0.00961041,0.294111
22,288,0.000120573,0.00013304,0.00013304,0.000130177,-0.437758
22,289,55.6407,64.7468,64.7468,48.5249,0.870112
22,290,203.297,204.21,204.21,155.709,1.81344
22,293,584.107,673.291,673.291,540.31,0.480972
22,295,661.763,717.053,717.053,605.015,0.556546
22,312,98.0259,67.862,67.862,76.3468,1.68489
22,336,1.63862,1.01622,1.01622,1.22718,1.98937
22,360,0.0165868,0.0146726,0.0146726,0.0170862,-0.173442
22,384,0.000256237,0.000211796,0.000211796,0.000233932,0.56576
22,385,56.9863,58.1902,58.1902,46.1276,1.39682
22,386,178.396,183.635,183.635,148.059,1.21579
22,389,502.095,611.832,611.832,516.321,-0.163487
22,391,619.914,653.469,653.469,579.49,0.413919
22,408,91.7214,62.6659,62.6659,73.6365,1.45729
22,432,1.50287,0.94616,0.94616,1.18477,1.59313
22,456,0.0175406,0.0136381,0.0136381,0.016468,0.386487
22,480,0.000235508,0.000196245,0.000196245,0.000224477,0.291586
22,481,57.3995,55.3116,55.3116,45.1638,1.60752
22,482,170.412,174.581,174.581,144.976,1.04104
22,485,614.16,582.053,582.053,506.257,1.26468
22,487,675.859,622.743,622.743,568.504,1.1205
22,504,90.5736,59.9316,59.9316,72.0456,1.52596
22,528,1.40338,0.899011,0.899011,1.15148,1.29808
22,552,0.0180338,0.0129809,0.0129809,0.015912,0.791224
22,576,0.000282833,0.000187387,0.000187387,0.000215997,1.83603
22,577,57.5532,53.6418,53.6418,44.635,1.71731
22,578,137.392,169.324,169.324,143.282,-0.243927
22,581,595.487,564.362,564.362,500.617,1.12446
22,583,672.222,603.097,603.097,562.3,1.15994
22,600,97.533,58.2116,58.2116,71.3597,2.17634
22,624,1.26563,0.880152,0.880152,1.14078,0.649388
22,648,0.020665,0.0127141,0.0127141,0.0157637,1.84494
23,0,0,0,0,0,0
23,1,671.585,385.72,385.72,783.595,-0.848182
23,2,1764.3,526.998,526.998,1444.63,1.31304
23,5,1560.96,579.762,579.762,1696.69,-0.474676
23,7,1287.21,477.667,477.667,1331.05,-0.195419
23,24,64.9682,30.5612,30.5612,61.9247,0.291634
23,48,0.692106,0.456307,0.456307,0.662762,0.262718
23,72,0.00687261,0.00669221,0.00669221,0.00708188,-0.175338
24,0,0,0,0,0,0
24,1,602.123,385.72,385.72,576.746,0.261087
24,2,851.912,526.998,526.998,881.604,-0.199846
24,5,910.401,579.762,579.762,964.948,-0.335424
24,7,752.442,477.667,477.667,768.212,-0.121808
24,24,41.2478,30.5612,30.5612,41.1791,0.00990497
24,48,0.598467,0.456307,0.456307,0.522657,0.860657
24,72,0.00702534,0.00669221,0.00669221,0.00672363,0.26627
25,0,0,0,0,0,0
25,1,584.749,385.72,385.72,525.712,0.666346
25,2,806.989,526.998,526.998,781.75,0.191569
25,5,911.096,579.762,579.762,936.795,-0.162773
25,7,814.669,477.667,477.667,817.514,-0.020648
25,24,76.9498,30.5612,30.5612,87.7258,-0.728875
25,48,2.59345,0.456307,0.456307,2.27831,0.820738
25,72,0.0564844,0.00669221,0.00669221,0.0540822,0.263561
26,0,0,0,0,0,0
26,1,945.124,385.72,385.72,826.376,0.852645
26,2,1256.24,526.998,526.998,1298.74,-0.194182
26,5,1419.87,579.762,579.762,1452.72,-0.134158
26,7,1043.24,477.667,477.667,1172.35,-0.653438
26,24,77.5837,30.5612,30.5612,70.3895,0.606451
26,48,0.971275,0.456307,0.456307,1.06215,-0.507691
26,72,0.0165421,0.00669221,0.00669221,0.0159608,0.216128
27,0,0,0,0,0,0
27,1,74.9157,385.72,385.72,101.624,-1.55944
27,2,137.994,526.998,526.998,137.67,0.0139446
27,5,223.57,579.762,579.762,199.249,0.72427
27,7,198.737,477.667,477.667,195.632,0.0941766
27,24,36.0983,30.5612,30.5612,33.9171,0.38159
27,48,1.24901,0.456307,0.456307,1.13939,0.570874
27,72,0.0282226,0.00669221,0.00669221,0.0296241,-0.280709
27,96,0.000663892,9.67081e-5,9.67081e-5,0.000697204,-0.283503
27,97,17.7243,25.4934,25.4934,14.9407,1.10552
27,98,49.6823,81.6538,81.6538,50.3133,-0.0744085
27,101,209.075,274.19,274.19,196.907,0.366675
27,103,229.154,288.315,288.315,238.782,-0.239261
27,120,72.4414,26.1435,26.1435,61.1877,1.09133
27,144,2.063,0.387974,0.387974,2.26323,-0.524942
27,168,0.0612741,0.00556661,0.00556661,0.0611683,0.0102602
27,192,0.00149975,7.96848e-5,7.96848e-5,0.00146857,0.126003
27,193,26.4055,39.9722,39.9722,26.7275,-0.0714945
27,194,105.047,127.346,127.346,89.4195,1.037
27,197,302.73,425.87,425.87,346.079,-0.743243
27,199,515.265,450.219,450.219,421.486,1.32022
27,216,103.221,41.5178,41.5178,111.161,-0.423819
27,240,4.90742,0.626511,0.626511,4.15414,1.07595
27,264,0.117422,0.00914043,0.00914043,0.112575,0.255437
27,288,0.00264934,0.00013304,0.00013304,0.00270394,-0.119828
27,289,44.2622,50.0306,50.0306,37.7759,1.01882
27,290,114.293,158.626,158.626,125.596,-0.533986
27,293,524.047,528.386,528.386,481.127,0.529324
27,295,581.733,562.176,562.176,587.206,-0.0553034
27,312,164.052,52.9769,52.9769,157.988,0.22777
27,336,5.97278,0.793237,0.793237,5.94284,0.0298918
27,360,0.168352,0.0114548,0.0114548,0.161474,0.252762
27,384,0.00394829,0.000165362,0.000165362,0.00388622,0.0947704
27,385,37.2167,45.7266,45.7266,37.4651,-0.0393436
27,386,122.236,145.036,145.036,124.564,-0.110883
27,389,410.006,484.39,484.39,477.319,-0.836781
27,391,634.341,517.368,517.368,582.464,0.528479
27,408,153.225,49.2327,49.2327,156.881,-0.138309
27,432,6.01542,0.731911,0.731911,5.91304,0.102739
27,456,0.17016,0.0105112,0.0105112,0.160577,0.354096
27,480,0.00450664,0.000150381,0.000150381,0.0038586,0.996543
27,481,38.8569,43.5803,43.5803,37.3364,0.241644
27,482,142.733,138.248,138.248,124.136,0.888879
27,485,401.521,462.634,462.634,475.74,-0.925687
27,487,495.386,494.822,494.822,580.584,-0.870731
27,504,180.638,47.1638,47.1638,156.473,0.91636
27,528,6.9093,0.707022,0.707022,5.89837,1.01698
27,552,0.153662,0.0102711,0.0102711,0.160219,-0.242841
27,576,0.00400707,0.000147563,0.000147563,0.00385044,0.241367
27,577,39.7862,42.2582,42.2582,37.2658,0.401306
27,578,112.944,134.064,134.064,123.902,-0.524794
27,581,486.219,449.384,449.384,474.859,0.141944
27,583,569.335,480.817,480.817,579.533,-0.10441
27,600,142.631,45.851,45.851,156.237,-0.516726
27,624,5.6483,0.684898,0.684898,5.89033,-0.243815
27,648,0.154607,0.00986559,0.00986559,0.160008,-0.20027
28,0,0,0,0,0,0
28,1,1045.67,385.72,385.72,990.852,0.328301
28,2,1779.93,526.998,526.998,1923.13,-0.441849
28,5,2435.21,579.762,579.762,2360.27,0.188398
28,7,1759.35,477.667,477.667,1879.55,-0.379482
28,24,110.118,30.5612,30.5612,99.0069,0.665893
28,48,1.27408,0.456307,0.456307,1.27794,-0.0179595
28,72,0.0165497,0.00669221,0.00669221,0.0164627,0.0313784
29,0,0,0,0,0,0
29,1,762.033,385.72,385.72,708.117,0.451788
29,2,1240.62,526.998,526.998,1260.19,-0.0921426
29,5,1808.1,579.762,579.762,1553.39,0.972957
29,7,1281.05,477.667,477.667,1301.66,-0.093962
29,24,85.7453,30.5612,30.5612,95.6193,-0.612726
29,48,1.50032,0.456307,0.456307,1.54451,-0.169767
29,72,0.0243714,0.00669221,0.00669221,0.023414,0.242616
30,0,0,0,0,0,0
30,1,214.549,385.72,385.72,198.069,0.49371
30,2,238.431,526.998,526.998,266.511,-0.62519
30,5,405.719,579.762,579.762,349.615,0.952201
30,7,291.74,477.667,477.667,331.688,-0.714627
30,24,53.6627,30.5612,30.5612,55.9167,-0.239189
30,48,1.96479,0.456307,0.456307,2.17202,-0.566121
30,72,0.0779572,0.00669221,0.00669221,0.0698163,0.691894
30,96,0.00206539,9.67081e-5,9.67081e-5,0.00210384,-0.108447
30,97,18.4263,25.4934,25.4934,18.4626,-0.0116579
30,98,67.7401,81.6538,81.6538,62.3479,0.513181
30,101,242.784,274.19,274.19,246.047,-0.0787028
30,103,326.691,288.315,288.315,300.16,0.52447
30,120,88.2065,26.1435,26.1435,82.8045,0.3871
30,144,3.57315,0.387974,0.387974,3.56345,0.0161438
30,168,0.116123,0.00556661,0.00556661,0.116882,-0.0384863
30,192,0.00350542,7.96848e-5,7.96848e-5,0.003547,-0.0695558
30,193,35.0039,39.9722,39.9722,31.8271,0.592252
30,194,127.396,127.346,127.346,106.792,1.14482
30,197,401.214,425.87,425.87,416.864,-0.22276
30,199,438.279,450.219,450.219,511.314,-0.847549
30,216,159.167,41.5178,41.5178,145.676,0.549532
30,240,6.35628,0.626511,0.626511,6.36318,-0.00643382
30,264,0.224463,0.00914043,0.00914043,0.210613,0.390173
30,288,0.00655852,0.00013304,0.00013304,0.00639662,0.150178
30,289,46.5889,50.0306,50.0306,43.9359,0.358288
30,290,137.195,158.626,158.626,146.521,-0.377664
30,293,608.625,528.386,528.386,567.209,0.433255
30,295,683.91,562.176,562.176,697.369,-0.114513
30,312,218.893,52.9769,52.9769,202.802,0.470797
30,336,6.22971,0.793237,0.793237,8.93653,-1.79727
30,360,0.300098,0.0114548,0.0114548,0.296223,0.077611
30,384,0.00981815,0.000165362,0.000165362,0.00900434,0.536278
30,385,45.2528,45.7266,45.7266,43.05,0.303611
30,386,139.743,145.036,145.036,143.571,-0.158232
30,389,588.036,484.39,484.39,556.056,0.34126
30,391,613.595,517.368,517.368,683.921,-0.610143
30,408,227.168,49.2327,49.2327,199.891,0.809711
30,432,8.28297,0.731911,0.731911,8.81814,-0.360112
30,456,0.315826,0.0105112,0.0105112,0.292575,0.471559
30,480,0.00964836,0.000150381,0.000150381,0.00889762,0.500649
30,481,50.47,43.5803,43.5803,42.6633,1.08576
30,482,147.503,138.248,138.248,142.284,0.217612
30,485,545.728,462.634,462.634,551.208,-0.0589819
30,487,809.313,494.822,494.822,678.101,1.14815
30,504,220.546,47.1638,47.1638,198.49,0.659321
30,528,9.68749,0.707022,0.707022,8.7617,0.626971
30,552,0.291604,0.0102711,0.0102711,0.290758,0.017258
30,576,0.00891529,0.000147563,0.000147563,0.00884303,0.0484918
30,577,44.9785,42.2582,42.2582,42.4453,0.354131
30,578,156.502,134.064,134.064,141.558,0.626379
30,581,586.796,449.384,449.384,548.45,0.414866
30,583,777.548,480.817,480.817,674.772,0.903768
30,600,197.255,45.851,45.851,197.653,-0.0119566
30,624,9.00111,0.684898,0.684898,8.72739,0.186096
30,648,0.258103,0.00986559,0.00986559,0.289644,-0.646132