id,time,y1,popPred_medianCOV,popPred,indivPred_SAEM,indWRes_SAEM
1,0,0,0,0,0,0
1,1,4.31852,3.71899,3.71899,3.69953,1.00707
1,2,7.58391,6.33039,6.33039,6.26843,1.26314
1,5,7.47674,6.6367,6.6367,6.45144,0.956572
1,7,3.6299,3.27224,3.27224,3.11069,1.00464
1,24,0.0073939,0.00802487,0.00802487,0.00631036,1.03351
1,48,1.26529e-6,1.65637e-6,1.65637e-6,9.9644e-7,1.62401
1,72,1.75851e-10,3.41882e-10,3.41882e-10,1.57343e-10,0.708002
1,96,2.72538e-14,7.05661e-14,7.05661e-14,2.48454e-14,0.583451
1,97,20.9476,18.595,18.595,18.4977,0.797206
1,98,42.1478,31.6519,31.6519,31.3422,2.07513
1,101,38.1734,33.1835,33.1835,32.2572,1.10394
1,103,20.4525,16.3612,16.3612,15.5534,1.89588
1,120,0.0410385,0.0401244,0.0401244,0.0315518,1.80973
1,144,6.00229e-6,8.28185e-6,8.28185e-6,4.9822e-6,1.23236
1,168,8.58172e-10,1.70941e-9,1.70941e-9,7.86717e-10,0.546688
1,192,1.54938e-13,3.52831e-13,3.52831e-13,1.24227e-13,1.48799
1,193,47.0404,37.1899,37.1899,36.9953,1.6343
1,194,66.2628,63.3039,63.3039,62.6843,0.343611
1,197,84.4209,66.367,66.367,64.5144,1.85722
1,199,36.7298,32.7224,32.7224,31.1069,1.08801
1,216,0.0803586,0.0802487,0.0802487,0.0631036,1.64583
1,240,1.04779e-5,1.65637e-5,1.65637e-5,9.9644e-6,0.3102
1,264,1.50452e-9,3.41882e-9,3.41882e-9,1.57343e-9,-0.263627
1,288,2.99008e-13,7.05661e-13,7.05661e-13,2.48454e-13,1.22471
1,289,41.3732,37.1899,37.1899,36.9953,0.712271
1,290,71.3802,63.3039,63.3039,62.6843,0.834992
1,293,82.122,66.367,66.367,64.5144,1.64274
1,295,34.4893,32.7224,32.7224,31.1069,0.654487
1,312,0.0680744,0.0802487,0.0802487,0.0631036,0.474129
1,336,1.28554e-5,1.65637e-5,1.65637e-5,9.9644e-6,1.74633
1,360,1.79839e-9,3.41882e-9,3.41882e-9,1.57343e-9,0.860531
1,384,3.10884e-13,7.05661e-13,7.05661e-13,2.48454e-13,1.51242
1,385,35.839,37.1899,37.1899,36.9953,-0.188131
1,386,67.0446,63.3039,63.3039,62.6843,0.41868
1,389,68.6311,66.367,66.367,64.5144,0.384077
1,391,36.5323,32.7224,32.7224,31.1069,1.04978
1,408,0.0699786,0.0802487,0.0802487,0.0631036,0.655756
1,432,1.2153e-5,1.65637e-5,1.65637e-5,9.9644e-6,1.32204
1,456,1.44885e-9,3.41882e-9,3.41882e-9,1.57343e-9,-0.476599
1,480,2.57028e-13,7.05661e-13,7.05661e-13,2.48454e-13,0.207715
1,481,40.4281,37.1899,37.1899,36.9953,0.558496
1,482,72.4596,63.3039,63.3039,62.6843,0.938633
1,485,78.3782,66.367,66.367,64.5144,1.29345
1,487,43.3044,32.7224,32.7224,31.1069,2.36015
1,504,0.068371,0.0802487,0.0802487,0.0631036,0.502414
1,528,1.07065e-5,1.65637e-5,1.65637e-5,9.9644e-6,0.448277
1,552,1.88925e-9,3.41882e-9,3.41882e-9,1.57343e-9,1.20813
1,576,2.71015e-13,7.05661e-13,7.05661e-13,2.48454e-13,0.546573
1,577,48.9335,37.1899,37.1899,36.9953,1.9423
1,578,65.2366,63.3039,63.3039,62.6843,0.245075
1,581,83.1011,66.367,66.367,64.5144,1.73408
1,583,31.426,32.7224,32.7224,31.1069,0.0617427
1,600,0.0877151,0.0802487,0.0802487,0.0631036,2.34752
1,624,1.14816e-5,1.65637e-5,1.65637e-5,9.9644e-6,0.916434
1,648,1.7254e-9,3.41882e-9,3.41882e-9,1.57343e-9,0.581321
2,0,0,0,0,0,0
2,1,3.77554,3.71899,3.71899,4.03989,-0.393844
2,2,8.12079,6.33039,6.33039,7.41312,0.574589
2,5,13.3569,6.6367,6.6367,10.5053,1.63384
2,7,8.92114,3.27224,3.27224,7.32424,1.31232
2,24,0.377241,0.00802487,0.00802487,0.341404,0.631822
2,48,0.0039722,1.65637e-6,1.65637e-6,0.0045031,-0.70962
2,72,6.71392e-5,3.41882e-10,3.41882e-10,5.93956e-5,0.784725
2,96,8.26449e-7,7.05661e-14,7.05661e-14,7.83424e-7,0.330558
2,97,25.2165,18.595,18.595,20.1994,1.49498
2,98,39.4845,31.6519,31.6519,37.0656,0.392795
2,101,64.6703,33.1835,33.1835,52.5266,1.39154
2,103,39.2165,16.3612,16.3612,36.6212,0.426563
2,120,1.81635,0.0401244,0.0401244,1.70702,0.385498
2,144,0.0210092,8.28185e-6,8.28185e-6,0.0225155,-0.40266
2,168,0.000311082,1.70941e-9,1.70941e-9,0.000296978,0.285859
2,192,3.56244e-6,3.52831e-13,3.52831e-13,3.91712e-6,-0.544993
2,193,51.3295,37.1899,37.1899,40.3989,1.62855
2,194,93.8158,63.3039,63.3039,74.1312,1.59828
2,197,111.828,66.367,66.367,105.053,0.38818
2,199,97.5557,32.7224,32.7224,73.2424,1.99805
2,216,4.32648,0.0802487,0.0802487,3.41404,1.60866
2,240,0.0454176,1.65637e-5,1.65637e-5,0.045031,0.0516859
2,264,0.000631738,3.41882e-9,3.41882e-9,0.000593956,0.382871
2,288,6.86871e-6,7.05661e-13,7.05661e-13,7.83424e-6,-0.741814
2,289,43.7225,37.1899,37.1899,40.3989,0.495187
2,290,68.164,63.3039,63.3039,74.1312,-0.484495
2,293,135.154,66.367,66.367,105.053,1.72464
2,295,87.4338,32.7224,32.7224,73.2424,1.16624
2,312,3.99036,0.0802487,0.0802487,3.41404,1.01606
2,336,0.043276,1.65637e-5,1.65637e-5,0.045031,-0.23457
2,360,0.000513284,3.41882e-9,3.41882e-9,0.000593956,-0.817512
2,384,8.24591e-6,7.05661e-13,7.05661e-13,7.83424e-6,0.316281
2,385,39.7733,37.1899,37.1899,40.3989,-0.093198
2,386,86.4044,63.3039,63.3039,74.1312,0.996511
2,389,112.333,66.367,66.367,105.053,0.417118
2,391,82.6033,32.7224,32.7224,73.2424,0.769269
2,408,3.6993,0.0802487,0.0802487,3.41404,0.502917
2,432,0.0562954,1.65637e-5,1.65637e-5,0.045031,1.50565
2,456,0.000570155,3.41882e-9,3.41882e-9,0.000593956,-0.241192
2,480,7.066e-6,7.05661e-13,7.05661e-13,7.83424e-6,-0.590238
2,481,36.4254,37.1899,37.1899,40.3989,-0.59201
2,482,100.764,63.3039,63.3039,74.1312,2.16246
2,485,122.647,66.367,66.367,105.053,1.00804
2,487,80.8221,32.7224,32.7224,73.2424,0.622896
2,504,4.04199,0.0802487,0.0802487,3.41404,1.10709
2,528,0.043907,1.65637e-5,1.65637e-5,0.045031,-0.150238
2,552,0.000531242,3.41882e-9,3.41882e-9,0.000593956,-0.635531
2,576,6.74276e-6,7.05661e-13,7.05661e-13,7.83424e-6,-0.838583
2,577,47.3831,37.1899,37.1899,40.3989,1.04057
2,578,89.544,63.3039,63.3039,74.1312,1.25143
2,581,102.009,66.367,66.367,105.053,-0.174409
2,583,100.61,32.7224,32.7224,73.2424,2.24903
2,600,3.53125,0.0802487,0.0802487,3.41404,0.206651
2,624,0.0495396,1.65637e-5,1.65637e-5,0.045031,0.602641
2,648,0.00062518,3.41882e-9,3.41882e-9,0.000593956,0.316423
3,0,0,0,0,0,0
3,1,4.42655,3.71899,3.71899,3.3757,1.87371
3,2,5.4822,6.33039,6.33039,5.29771,0.209616
3,5,4.82125,6.6367,6.6367,3.99416,1.24638
3,7,1.5786,3.27224,3.27224,1.29482,1.31915
3,24,9.74829e-5,0.00802487,0.00802487,8.99223e-5,0.50607
3,48,1.05603e-10,1.65637e-6,1.65637e-6,1.21134e-10,-0.771759
3,72,1.41787e-16,3.41882e-10,3.41882e-10,1.6318e-16,-0.0963447
3,96,2.09318e-22,7.05661e-14,7.05661e-14,2.1982e-22,-4.72966e-8
3,97,21.2062,18.595,18.595,16.8785,1.54329
3,98,32.2854,31.6519,31.6519,26.4885,1.31724
3,101,28.5708,33.1835,33.1835,19.9708,2.59194
3,103,7.22527,16.3612,16.3612,6.4741,0.698373
3,120,0.000496227,0.0401244,0.0401244,0.000449612,0.624045
3,144,6.51531e-10,8.28185e-6,8.28185e-6,6.05672e-10,0.455734
3,168,7.37453e-16,1.70941e-9,1.70941e-9,8.15901e-16,-0.353296
3,192,1.01801e-21,3.52831e-13,3.52831e-13,1.0991e-21,-3.65207e-7
3,193,41.3246,37.1899,37.1899,33.757,1.34933
3,194,60.1676,63.3039,63.3039,52.9771,0.816955
3,197,45.4155,66.367,66.367,39.9416,0.824885
3,199,11.1877,32.7224,32.7224,12.9482,-0.818374
3,216,0.000914592,0.0802487,0.0802487,0.000899223,0.102872
3,240,1.20919e-9,1.65637e-5,1.65637e-5,1.21134e-9,-0.0106803
3,264,1.67624e-15,3.41882e-9,3.41882e-9,1.6318e-15,0.163921
3,288,1.7203e-21,7.05661e-13,7.05661e-13,2.1982e-21,-2.15229e-6
3,289,33.381,37.1899,37.1899,33.757,-0.0670373
3,290,60.1971,63.3039,63.3039,52.9771,0.820307
3,293,46.1485,66.367,66.367,39.9416,0.935347
3,295,12.6712,32.7224,32.7224,12.9482,-0.128768
3,312,0.000793287,0.0802487,0.0802487,0.000899223,-0.709089
3,336,1.10342e-9,1.65637e-5,1.65637e-5,1.21134e-9,-0.536278
3,360,1.68067e-15,3.41882e-9,3.41882e-9,1.6318e-15,0.180236
3,384,1.59983e-21,7.05661e-13,7.05661e-13,2.1982e-21,-2.69481e-6
3,385,40.5633,37.1899,37.1899,33.757,1.21359
3,386,62.3154,63.3039,63.3039,52.9771,1.06098
3,389,49.1904,66.367,66.367,39.9416,1.39374
3,391,15.883,32.7224,32.7224,12.9482,1.36423
3,408,0.00121807,0.0802487,0.0802487,0.000899223,2.1342
3,432,1.24186e-9,1.65637e-5,1.65637e-5,1.21134e-9,0.151644
3,456,1.39404e-15,3.41882e-9,3.41882e-9,1.6318e-15,-0.876984
3,480,1.86127e-21,7.05661e-13,7.05661e-13,2.1982e-21,-1.5174e-6
3,481,34.6245,37.1899,37.1899,33.757,0.154684
3,482,58.9942,63.3039,63.3039,52.9771,0.683643
3,485,42.7366,66.367,66.367,39.9416,0.421181
3,487,14.6816,32.7224,32.7224,12.9482,0.805772
3,504,0.000873964,0.0802487,0.0802487,0.000899223,-0.169072
3,528,8.63114e-10,1.65637e-5,1.65637e-5,1.21134e-9,-1.73031
3,552,1.71885e-15,3.41882e-9,3.41882e-9,1.6318e-15,0.321078
3,576,2.11641e-21,7.05661e-13,7.05661e-13,2.1982e-21,-3.68365e-7
3,577,41.2766,37.1899,37.1899,33.757,1.34078
3,578,56.9202,63.3039,63.3039,52.9771,0.447995
3,581,47.341,66.367,66.367,39.9416,1.11505
3,583,14.3983,32.7224,32.7224,12.9482,0.674079
3,600,0.000983105,0.0802487,0.0802487,0.000899223,0.561468
3,624,1.17989e-9,1.65637e-5,1.65637e-5,1.21134e-9,-0.156294
3,648,1.53356e-15,3.41882e-9,3.41882e-9,1.6318e-15,-0.362377
4,0,0,0,0,0,0
4,1,3.95258,3.71899,3.71899,3.18853,1.4423
4,2,5.39039,6.33039,6.33039,4.78698,0.758709
4,5,3.59859,6.6367,6.6367,3.00286,1.19411
4,7,0.903457,3.27224,3.27224,0.754657,1.1868
4,24,7.17691e-6,0.00802487,0.00802487,6.01972e-6,1.15705
4,48,3.19106e-13,1.65637e-6,1.65637e-6,3.82081e-13,-0.992063
4,72,2.53486e-20,3.41882e-10,3.41882e-10,2.42513e-20,4.94188e-6
4,96,1.21878e-27,7.05661e-14,7.05661e-14,1.53927e-27,-1.44335e-12
4,97,19.8369,18.595,18.595,15.9427,1.47024
4,98,28.6808,31.6519,31.6519,23.9349,1.19347
4,101,13.5818,33.1835,33.1835,15.0143,-0.574271
4,103,4.42551,16.3612,16.3612,3.77329,1.0404
4,120,3.37945e-5,0.0401244,0.0401244,3.00986e-5,0.739094
4,144,2.15446e-12,8.28185e-6,8.28185e-6,1.91041e-12,0.768925
4,168,9.04163e-20,1.70941e-9,1.70941e-9,1.21256e-19,-0.000138892
4,192,6.30054e-27,3.52831e-13,3.52831e-13,7.69633e-27,-6.28606e-12
4,193,34.6899,37.1899,37.1899,31.8853,0.529415
4,194,55.2468,63.3039,63.3039,47.8698,0.927561
4,197,34.4708,66.367,66.367,30.0286,0.890401
4,199,7.88448,32.7224,32.7224,7.54657,0.269507
4,216,6.09011e-5,0.0802487,0.0802487,6.01972e-5,0.0703755
4,240,3.81488e-12,1.65637e-5,1.65637e-5,3.82081e-12,-0.00934975
4,264,2.32477e-19,3.41882e-9,3.41882e-9,2.42513e-19,-4.51993e-5
4,288,1.08395e-26,7.05661e-13,7.05661e-13,1.53927e-26,-2.05055e-11
4,289,72.8627,74.3799,74.3799,63.7706,0.858155
4,290,105.684,126.608,126.608,95.7395,0.625202
4,293,65.334,132.734,132.734,60.0572,0.528855
4,295,17.6703,65.4448,65.4448,15.0931,1.02773
4,312,0.000143048,0.160497,0.160497,0.000120394,1.13255
4,336,8.15708e-12,3.31274e-5,3.31274e-5,7.64162e-12,0.406003
4,360,3.89264e-19,6.83765e-9,6.83765e-9,4.85026e-19,-0.000431273
4,384,2.33636e-26,1.41132e-12,1.41132e-12,3.07853e-26,-3.34243e-11
4,385,75.9253,74.3799,74.3799,63.7706,1.14722
4,386,124.473,126.608,126.608,95.7395,1.8064
4,389,83.1916,132.734,132.734,60.0572,2.31857
4,391,19.272,65.4448,65.4448,15.0931,1.66649
4,408,0.000138813,0.160497,0.160497,0.000120394,0.920797
4,432,6.78138e-12,3.31274e-5,3.31274e-5,7.64162e-12,-0.677581
4,456,4.47939e-19,6.83765e-9,6.83765e-9,4.85026e-19,-0.000167022
4,480,2.44853e-26,1.41132e-12,1.41132e-12,3.07853e-26,-2.83729e-11
4,481,64.2734,74.3799,74.3799,63.7706,0.0474574
4,482,141.874,126.608,126.608,95.7395,2.90041
4,485,62.6947,132.734,132.734,60.0572,0.264337
4,487,20.7198,65.4448,65.4448,15.0931,2.24388
4,504,0.000107081,0.160497,0.160497,0.000120394,-0.665613
4,528,6.66365e-12,3.31274e-5,3.31274e-5,7.64162e-12,-0.770311
4,552,4.36543e-19,6.83765e-9,6.83765e-9,4.85026e-19,-0.000218348
4,576,2.55117e-26,1.41132e-12,1.41132e-12,3.07853e-26,-2.37504e-11
4,577,63.9105,74.3799,74.3799,63.7706,0.0132052
4,578,103.93,126.608,126.608,95.7395,0.514947
4,581,77.3156,132.734,132.734,60.0572,1.72967
4,583,17.6776,65.4448,65.4448,15.0931,1.03066
4,600,0.000113315,0.160497,0.160497,0.000120394,-0.353922
4,624,6.08196e-12,3.31274e-5,3.31274e-5,7.64162e-12,-1.22849
4,648,4.043e-19,6.83765e-9,6.83765e-9,4.85026e-19,-0.000363556
5,0,0,0,0,0,0
5,1,3.33882,3.71899,3.71899,3.37077,-0.0570546
5,2,6.80647,6.33039,6.33039,5.2838,1.73453
5,5,3.92187,6.6367,6.6367,3.96462,-0.0649165
5,7,1.43058,3.27224,3.27224,1.27699,0.72394
5,24,9.45103e-5,0.00802487,0.00802487,8.39574e-5,0.756552
5,48,1.10564e-10,1.65637e-6,1.65637e-6,1.04684e-10,0.338137
5,72,1.19192e-16,3.41882e-10,3.41882e-10,1.30526e-16,-0.0510459
5,96,9.94049e-23,7.05661e-14,7.05661e-14,1.62748e-22,-2.85274e-7
5,97,22.1116,18.595,18.595,16.8539,1.8777
5,98,31.9747,31.6519,31.6519,26.419,1.26575
5,101,25.8977,33.1835,33.1835,19.8231,1.84445
5,103,6.72172,16.3612,16.3612,6.38494,0.317479
5,120,0.000425429,0.0401244,0.0401244,0.000419787,0.080896
5,144,5.53876e-10,8.28185e-6,8.28185e-6,5.23418e-10,0.350256
5,168,5.02507e-16,1.70941e-9,1.70941e-9,6.52631e-16,-0.676098
5,192,8.41345e-22,3.52831e-13,3.52831e-13,8.13742e-22,1.24314e-7
5,193,40.049,37.1899,37.1899,33.7077,1.13233
5,194,58.4647,63.3039,63.3039,52.838,0.64096
5,197,46.6186,66.367,66.367,39.6462,1.05853
5,199,15.5162,32.7224,32.7224,12.7699,1.29445
5,216,0.0009359,0.0802487,0.0802487,0.000839574,0.690571
5,240,1.0853e-9,1.65637e-5,1.65637e-5,1.04684e-9,0.221145
5,264,1.16432e-15,3.41882e-9,3.41882e-9,1.30526e-15,-0.634747
5,288,1.38819e-21,7.05661e-13,7.05661e-13,1.62748e-21,-1.0777e-6
5,289,84.1433,74.3799,74.3799,67.4155,1.4935
5,290,130.019,126.608,126.608,105.676,1.38649
5,293,90.1598,132.734,132.734,79.2925,0.824923
5,295,31.0263,65.4448,65.4448,25.5398,1.29301
5,312,0.00189765,0.160497,0.160497,0.00167915,0.783216
5,336,2.39725e-9,3.31274e-5,3.31274e-5,2.09367e-9,0.872749
5,360,2.49075e-15,6.83765e-9,6.83765e-9,2.61052e-15,-0.276155
5,384,2.38428e-21,1.41132e-12,1.41132e-12,3.25497e-21,-3.92122e-6
5,385,81.8052,74.3799,74.3799,67.4155,1.28475
5,386,107.811,126.608,126.608,105.676,0.121595
5,389,90.9184,132.734,132.734,79.2925,0.882508
5,391,29.9357,65.4448,65.4448,25.5398,1.036
5,408,0.00201028,0.160497,0.160497,0.00167915,1.18696
5,432,2.33568e-9,3.31274e-5,3.31274e-5,2.09367e-9,0.695744
5,456,2.85211e-15,6.83765e-9,6.83765e-9,2.61052e-15,0.557029
5,480,2.35205e-21,1.41132e-12,1.41132e-12,3.25497e-21,-4.06637e-6
5,481,86.5246,74.3799,74.3799,67.4155,1.70611
5,482,104.274,126.608,126.608,105.676,-0.0798793
5,485,95.0879,132.734,132.734,79.2925,1.19902
5,487,30.1655,65.4448,65.4448,25.5398,1.09015
5,504,0.00154487,0.160497,0.160497,0.00167915,-0.481332
5,528,2.20997e-9,3.31274e-5,3.31274e-5,2.09367e-9,0.334346
5,552,2.08862e-15,6.83765e-9,6.83765e-9,2.61052e-15,-1.20335
5,576,2.32564e-21,1.41132e-12,1.41132e-12,3.25497e-21,-4.18533e-6
5,577,74.7616,74.3799,74.3799,67.4155,0.655882
5,578,128.654,126.608,126.608,105.676,1.30875
5,581,81.0784,132.734,132.734,79.2925,0.135566
5,583,28.5652,65.4448,65.4448,25.5398,0.713003
5,600,0.00179859,0.160497,0.160497,0.00167915,0.428133
5,624,2.06865e-9,3.31274e-5,3.31274e-5,2.09367e-9,-0.0719183
5,648,2.0746e-15,6.83765e-9,6.83765e-9,2.61052e-15,-1.23566
6,0,0,0,0,0,0
6,1,3.71465,3.71899,3.71899,3.36145,0.632442
6,2,6.41371,6.33039,6.33039,5.25756,1.3236
6,5,4.20104,6.6367,6.6367,3.90926,0.449259
6,7,1.50569,3.27224,3.27224,1.24384,1.26706
6,24,7.69413e-5,0.00802487,0.00802487,7.37014e-5,0.264588
6,48,8.19392e-11,1.65637e-6,1.65637e-6,7.93482e-11,0.19654
6,72,7.72337e-17,3.41882e-10,3.41882e-10,8.54276e-17,-0.0369021
6,96,7.90666e-23,7.05661e-14,7.05661e-14,9.19728e-23,-5.81245e-8
6,97,19.0902,18.595,18.595,16.8072,0.81757
6,98,31.0546,31.6519,31.6519,26.2878,1.09144
6,101,20.9806,33.1835,33.1835,19.5463,0.441682
6,103,7.47493,16.3612,16.3612,6.21922,1.21529
6,120,0.000379519,0.0401244,0.0401244,0.000368507,0.179856
6,144,3.90868e-10,8.28185e-6,8.28185e-6,3.96741e-10,-0.0891041
6,168,4.11411e-16,1.70941e-9,1.70941e-9,4.27138e-16,-0.0708277
6,192,3.54763e-22,3.52831e-13,3.52831e-13,4.59864e-22,-4.73334e-7
6,193,41.4829,37.1899,37.1899,33.6145,1.40892
6,194,60.6983,63.3039,63.3039,52.5756,0.929913
6,197,51.2203,66.367,66.367,39.0926,1.86729
6,199,14.8896,32.7224,32.7224,12.4384,1.18612
6,216,0.000636386,0.0802487,0.0802487,0.000737014,-0.821806
6,240,7.77821e-10,1.65637e-5,1.65637e-5,7.93482e-10,-0.1188
6,264,7.36986e-16,3.41882e-9,3.41882e-9,8.54276e-16,-0.528228
6,288,6.81674e-22,7.05661e-13,7.05661e-13,9.19728e-22,-1.0721e-6
6,289,77.5801,74.3799,74.3799,67.229,0.926737
6,290,139.229,126.608,126.608,105.151,1.95068
6,293,96.6796,132.734,132.734,78.1851,1.42378
6,295,29.4595,65.4448,65.4448,24.8769,1.10878
6,312,0.00149731,0.160497,0.160497,0.00147403,0.0950734
6,336,1.59699e-9,3.31274e-5,3.31274e-5,1.58696e-9,0.0380203
6,360,1.55967e-15,6.83765e-9,6.83765e-9,1.70855e-15,-0.524481
6,384,1.56505e-21,1.41132e-12,1.41132e-12,1.83946e-21,-1.23583e-6
6,385,85.1964,74.3799,74.3799,67.229,1.60862
6,386,142.896,126.608,126.608,105.151,2.16055
6,389,98.7732,132.734,132.734,78.1851,1.58496
6,391,30.4805,65.4448,65.4448,24.8769,1.3558
6,408,0.00156124,0.160497,0.160497,0.00147403,0.356111
6,432,1.95379e-9,3.31274e-5,3.31274e-5,1.58696e-9,1.3913
6,456,1.79174e-15,6.83765e-9,6.83765e-9,1.70855e-15,0.293063
6,480,1.33941e-21,1.41132e-12,1.41132e-12,1.83946e-21,-2.25201e-6
6,481,85.6663,74.3799,74.3799,67.229,1.65069
6,482,126.246,126.608,126.608,105.151,1.20752
6,485,99.8129,132.734,132.734,78.1851,1.66499
6,487,26.5056,65.4448,65.4448,24.8769,0.394069
6,504,0.00159404,0.160497,0.160497,0.00147403,0.49005
6,528,1.72967e-9,3.31274e-5,3.31274e-5,1.58696e-9,0.541248
6,552,1.46609e-15,6.83765e-9,6.83765e-9,1.70855e-15,-0.854159
6,576,1.4877e-21,1.41132e-12,1.41132e-12,1.83946e-21,-1.58416e-6
6,577,79.3582,74.3799,74.3799,67.229,1.08592
6,578,102.022,126.608,126.608,105.151,-0.1791
6,581,87.9016,132.734,132.734,78.1851,0.74801
6,583,31.4624,65.4448,65.4448,24.8769,1.59337
6,600,0.00171439,0.160497,0.160497,0.00147403,0.981468
6,624,1.61945e-9,3.31274e-5,3.31274e-5,1.58696e-9,0.123221
6,648,1.75482e-15,6.83765e-9,6.83765e-9,1.70855e-15,0.162984
7,0,0,0,0,0,0
7,1,4.29072,3.71899,3.71899,3.8769,0.642465
7,2,8.04408,6.33039,6.33039,6.84865,1.05061
7,5,10.8267,6.6367,6.6367,8.3342,1.80012
7,7,5.52801,3.27224,3.27224,4.89687,0.775756
7,24,0.0675628,0.00802487,0.00802487,0.0533197,1.60784
7,48,9.57476e-5,1.65637e-6,1.65637e-6,9.02712e-5,0.365146
7,72,1.42961e-7,3.41882e-10,3.41882e-10,1.52831e-7,-0.388702
7,96,2.24504e-10,7.05661e-14,7.05661e-14,2.58745e-10,-0.796527
7,97,21.1034,18.595,18.595,19.3845,0.533733
7,98,46.3479,31.6519,31.6519,34.2433,2.12766
7,101,50.9935,33.1835,33.1835,41.671,1.34656
7,103,28.2634,16.3612,16.3612,24.4844,0.929007
7,120,0.296077,0.0401244,0.0401244,0.266598,0.665536
7,144,0.000537302,8.28185e-6,8.28185e-6,0.000451356,1.14612
7,168,8.35488e-7,1.70941e-9,1.70941e-9,7.64154e-7,0.561875
7,192,1.04739e-9,3.52831e-13,3.52831e-13,1.29373e-9,-1.14606
7,193,45.0362,37.1899,37.1899,38.769,0.973002
7,194,69.8021,63.3039,63.3039,68.4865,0.115622
7,197,87.4064,66.367,66.367,83.342,0.293534
7,199,58.8365,32.7224,32.7224,48.9687,1.21289
7,216,0.59553,0.0802487,0.0802487,0.533197,0.703644
7,240,0.000972513,1.65637e-5,1.65637e-5,0.000902712,0.465412
7,264,1.54264e-6,3.41882e-9,3.41882e-9,1.52831e-6,0.0564404
7,288,2.36908e-9,7.05661e-13,7.05661e-13,2.58745e-9,-0.507997
7,289,92.1836,92.9749,92.9749,96.9225,-0.294295
7,290,192.749,158.26,158.26,171.216,0.756965
7,293,237.05,165.917,165.917,208.355,0.828948
7,295,124.295,81.806,81.806,122.422,0.0921088
7,312,1.40769,0.200622,0.200622,1.33299,0.337276
7,336,0.00278146,4.14093e-5,4.14093e-5,0.00225678,1.39937
7,360,3.66037e-6,8.54706e-9,8.54706e-9,3.82077e-6,-0.252688
7,384,5.49851e-9,1.76415e-12,1.76415e-12,6.46863e-9,-0.902691
7,385,111.642,92.9749,92.9749,96.9225,0.914072
7,386,210.415,158.26,158.26,171.216,1.378
7,389,258.188,165.917,165.917,208.355,1.43959
7,391,137.081,81.806,81.806,122.422,0.720714
7,408,1.39324,0.200622,0.200622,1.33299,0.272027
7,432,0.00244177,4.14093e-5,4.14093e-5,0.00225678,0.493382
7,456,4.06235e-6,8.54706e-9,8.54706e-9,3.82077e-6,0.380568
7,480,6.84144e-9,1.76415e-12,1.76415e-12,6.46863e-9,0.34689
7,481,116.301,92.9749,92.9749,96.9225,1.20344
7,482,185.931,158.26,158.26,171.216,0.517295
7,485,234.404,165.917,165.917,208.355,0.752519
7,487,134.619,81.806,81.806,122.422,0.599671
7,504,1.44879,0.200622,0.200622,1.33299,0.522859
7,528,0.00239878,4.14093e-5,4.14093e-5,0.00225678,0.378721
7,552,3.13062e-6,8.54706e-9,8.54706e-9,3.82077e-6,-1.08721
7,576,6.76468e-9,1.76415e-12,1.76415e-12,6.46863e-9,0.275467
7,577,125.072,92.9749,92.9749,96.9225,1.74814
7,578,178.193,158.26,158.26,171.216,0.245249
7,581,233.002,165.917,165.917,208.355,0.712019
7,583,154.177,81.806,81.806,122.422,1.56127
7,600,1.5765,0.200622,0.200622,1.33299,1.09953
7,624,0.00277759,4.14093e-5,4.14093e-5,0.00225678,1.38905
7,648,4.29479e-6,8.54706e-9,8.54706e-9,3.82077e-6,0.746748
8,0,0,0,0,0,0
8,1,3.14653,3.71899,3.71899,2.94615,0.409384
8,2,5.15486,6.33039,6.33039,4.17792,1.40745
8,5,2.2621,6.6367,6.6367,2.0521,0.615949
8,7,0.408516,3.27224,3.27224,0.358713,0.835663
8,24,1.2359e-7,0.00802487,0.00802487,1.30741e-7,-0.329219
8,48,7.81171e-17,1.65637e-6,1.65637e-6,1.06413e-16,-0.127434
8,72,6.7453e-26,3.41882e-10,3.41882e-10,8.66121e-26,-8.62851e-11
8,96,5.00584e-35,7.05661e-14,7.05661e-14,7.04957e-35,-9.20415e-20
8,97,20.4873,18.595,18.595,14.7307,2.35214
8,98,26.2437,31.6519,31.6519,20.8896,1.54271
8,101,11.685,33.1835,33.1835,10.2605,0.835611
8,103,1.62578,16.3612,16.3612,1.79357,-0.563064
8,120,6.93258e-7,0.0401244,0.0401244,6.53704e-7,0.364191
8,144,4.73841e-16,8.28185e-6,8.28185e-6,5.32065e-16,-0.26222
8,168,3.20901e-25,1.70941e-9,1.70941e-9,4.33061e-25,-5.05122e-10
8,192,2.50716e-34,3.52831e-13,3.52831e-13,3.52478e-34,-4.58296e-19
8,193,33.593,37.1899,37.1899,29.4615,0.844083
8,194,41.1829,63.3039,63.3039,41.7792,-0.0859011
8,197,22.3315,66.367,66.367,20.521,0.531019
8,199,3.82949,32.7224,32.7224,3.58713,0.40666
8,216,1.48899e-6,0.0802487,0.0802487,1.30741e-6,0.83598
8,240,9.23738e-16,1.65637e-5,1.65637e-5,1.06413e-15,-0.632272
8,264,7.5173e-25,3.41882e-9,3.41882e-9,8.66121e-25,-5.15172e-10
8,288,6.10789e-34,7.05661e-13,7.05661e-13,7.04957e-34,-4.24095e-19
8,289,78.6913,92.9749,92.9749,73.6537,0.411672
8,290,130.572,158.26,158.26,104.448,1.50547
8,293,63.514,165.917,165.917,51.3026,1.43269
8,295,10.6334,81.806,81.806,8.96784,1.11786
8,312,3.36034e-6,0.200622,0.200622,3.26852e-6,0.169093
8,336,2.97052e-15,4.14093e-5,4.14093e-5,2.66033e-15,0.70182
8,360,1.99573e-24,8.54706e-9,8.54706e-9,2.1653e-24,-7.63676e-10
8,384,1.35359e-33,1.76415e-12,1.76415e-12,1.76239e-33,-1.84108e-18
8,385,88.8348,92.9749,92.9749,73.6537,1.2406
8,386,128.968,158.26,158.26,104.448,1.41302
8,389,63.718,165.917,165.917,51.3026,1.45662
8,391,10.7796,81.806,81.806,8.96784,1.216
8,408,3.72319e-6,0.200622,0.200622,3.26852e-6,0.837275
8,432,1.9156e-15,4.14093e-5,4.14093e-5,2.66033e-15,-1.68494
8,456,1.76805e-24,8.54706e-9,8.54706e-9,2.1653e-24,-1.78909e-9
8,480,1.24908e-33,1.76415e-12,1.76415e-12,1.76239e-33,-2.31175e-18
8,481,77.5876,92.9749,92.9749,73.6537,0.321479
8,482,133.619,158.26,158.26,104.448,1.68101
8,485,59.3098,165.917,165.917,51.3026,0.939438
8,487,9.9995,81.806,81.806,8.96784,0.692431
8,504,4.33535e-6,0.200622,0.200622,3.26852e-6,1.96458
8,528,2.02652e-15,4.14093e-5,4.14093e-5,2.66033e-15,-1.43399
8,552,1.55807e-24,8.54706e-9,8.54706e-9,2.1653e-24,-2.73471e-9
8,576,1.37349e-33,1.76415e-12,1.76415e-12,1.76239e-33,-1.75146e-18
8,577,76.9794,92.9749,92.9749,73.6537,0.271778
8,578,120.187,158.26,158.26,104.448,0.907003
8,581,55.5755,165.917,165.917,51.3026,0.501322
8,583,11.3238,81.806,81.806,8.96784,1.58125
8,600,3.48204e-6,0.200622,0.200622,3.26852e-6,0.393197
8,624,2.56172e-15,4.14093e-5,4.14093e-5,2.66033e-15,-0.223093
8,648,1.7499e-24,8.54706e-9,8.54706e-9,2.1653e-24,-1.87082e-9
9,0,0,0,0,0,0
9,1,5.00723,3.71899,3.71899,3.81149,1.88829
9,2,7.49381,6.33039,6.33039,6.63057,0.783617
9,5,8.70054,6.6367,6.6367,7.58699,0.88341
9,7,5.06147,3.27224,3.27224,4.15047,1.32113
9,24,0.0296446,0.00802487,0.00802487,0.0246227,1.2276
9,48,2.01917e-5,1.65637e-6,1.65637e-6,1.76877e-5,0.852104
9,72,1.24579e-8,3.41882e-10,3.41882e-10,1.2706e-8,-0.117515
9,96,9.82638e-12,7.05661e-14,7.05661e-14,9.12732e-12,0.460991
9,97,19.6203,18.595,18.595,19.0574,0.177775
9,98,38.317,31.6519,31.6519,33.1529,0.937573
9,101,41.2716,33.1835,33.1835,37.935,0.529414
9,103,24.3144,16.3612,16.3612,20.7524,1.03314
9,120,0.120901,0.0401244,0.0401244,0.123113,-0.108155
9,144,0.000106384,8.28185e-6,8.28185e-6,8.84385e-5,1.22137
9,168,6.67028e-8,1.70941e-9,1.70941e-9,6.35298e-8,0.300615
9,192,4.14795e-11,3.52831e-13,3.52831e-13,4.56366e-11,-0.548288
9,193,36.3649,37.1899,37.1899,38.1149,-0.276342
9,194,83.7755,63.3039,63.3039,66.3057,1.58585
9,197,80.2218,66.367,66.367,75.8699,0.345246
9,199,41.0049,32.7224,32.7224,41.5047,-0.0724917
9,216,0.254207,0.0802487,0.0802487,0.246227,0.195084
9,240,0.000177189,1.65637e-5,1.65637e-5,0.000176877,0.0106131
9,264,1.21318e-7,3.41882e-9,3.41882e-9,1.2706e-7,-0.271971
9,288,9.28884e-11,7.05661e-13,7.05661e-13,9.12732e-11,0.10651
9,289,121.981,92.9749,92.9749,95.2871,1.6862
9,290,198.508,158.26,158.26,165.764,1.18893
9,293,219.274,165.917,165.917,189.675,0.93929
9,295,126.972,81.806,81.806,103.762,1.3464
9,312,0.663221,0.200622,0.200622,0.615567,0.465959
9,336,0.000474337,4.14093e-5,4.14093e-5,0.000442193,0.43754
9,360,2.69783e-7,8.54706e-9,8.54706e-9,3.17649e-7,-0.906987
9,384,2.04238e-10,1.76415e-12,1.76415e-12,2.28183e-10,-0.631625
9,385,113.421,92.9749,92.9749,95.2871,1.14547
9,386,173.755,158.26,158.26,165.764,0.290131
9,389,200.253,165.917,165.917,189.675,0.335673
9,391,93.3466,81.806,81.806,103.762,-0.604166
9,408,0.781787,0.200622,0.200622,0.615567,1.62529
9,432,0.000518845,4.14093e-5,4.14093e-5,0.000442193,1.04337
9,456,3.33499e-7,8.54706e-9,8.54706e-9,3.17649e-7,0.300334
9,480,2.14523e-10,1.76415e-12,1.76415e-12,2.28183e-10,-0.360333
9,481,121.351,92.9749,92.9749,95.2871,1.64636
9,482,183.384,158.26,158.26,165.764,0.639799
9,485,197.259,165.917,165.917,189.675,0.240675
9,487,113.36,81.806,81.806,103.762,0.55676
9,504,0.548284,0.200622,0.200622,0.615567,-0.657893
9,528,0.000431069,4.14093e-5,4.14093e-5,0.000442193,-0.151419
9,552,3.02601e-7,8.54706e-9,8.54706e-9,3.17649e-7,-0.285142
9,576,2.38378e-10,1.76415e-12,1.76415e-12,2.28183e-10,0.268931
9,577,99.3639,92.9749,92.9749,95.2871,0.257518
9,578,197.337,158.26,158.26,165.764,1.14643
9,581,205.119,165.917,165.917,189.675,0.490093
9,583,111.915,81.806,81.806,103.762,0.472967
9,600,0.655908,0.200622,0.200622,0.615567,0.394445
9,624,0.000515574,4.14093e-5,4.14093e-5,0.000442193,0.998841
9,648,3.11795e-7,8.54706e-9,8.54706e-9,3.17649e-7,-0.110928
10,0,0,0,0,0,0
10,1,23.4085,18.595,18.595,19.1349,1.34427
10,2,36.4452,31.6519,31.6519,33.409,0.547012
10,5,46.2246,33.1835,33.1835,38.7906,1.1535
10,7,28.8123,16.3612,16.3612,21.5859,2.015
10,24,0.15388,0.0401244,0.0401244,0.148062,0.236531
10,48,0.000150256,8.28185e-6,8.28185e-6,0.000130548,0.908646
10,72,1.23201e-7,1.70941e-9,1.70941e-9,1.15106e-7,0.423298
10,96,7.92583e-11,3.52831e-13,3.52831e-13,1.0149e-10,-1.31848
10,97,42.5408,37.1899,37.1899,38.2698,0.671726
10,98,84.3628,63.3039,63.3039,66.818,1.58044
10,101,105.004,66.367,66.367,77.5813,2.12755
10,103,47.9761,32.7224,32.7224,43.1719,0.669808
10,120,0.432843,0.0802487,0.0802487,0.296124,2.77895
10,144,0.000294125,1.65637e-5,1.65637e-5,0.000261096,0.761406
10,168,2.36528e-7,3.41882e-9,3.41882e-9,2.30211e-7,0.165159
10,192,1.90607e-10,7.05661e-13,7.05661e-13,2.0298e-10,-0.366895
10,193,112.721,92.9749,92.9749,95.6746,1.0724
10,194,181.283,158.26,158.26,167.045,0.513038
10,197,230.441,165.917,165.917,193.953,1.13234
10,199,131.239,81.806,81.806,107.93,1.29992
10,216,0.865037,0.200622,0.200622,0.74031,1.01408
10,240,0.000672742,4.14093e-5,4.14093e-5,0.00065274,0.184443
10,264,5.43512e-7,8.54706e-9,8.54706e-9,5.75528e-7,-0.334835
10,288,4.76408e-10,1.76415e-12,1.76415e-12,5.07449e-10,-0.368186
10,289,221.894,185.95,185.95,191.349,0.960806
10,290,352.806,316.519,316.519,334.09,0.33719
10,293,442.216,331.835,331.835,387.906,0.842704
10,295,262.728,163.612,163.612,215.859,1.30689
10,312,1.97771,0.401244,0.401244,1.48062,2.02075
10,336,0.00131682,8.28185e-5,8.28185e-5,0.00130548,0.0522847
10,360,1.15419e-6,1.70941e-8,1.70941e-8,1.15106e-6,0.0163856
10,384,1.09668e-9,3.52831e-12,3.52831e-12,1.0149e-9,0.484987
10,385,217.384,185.95,185.95,191.349,0.818929
10,386,383.364,316.519,316.519,334.09,0.887733
10,389,404.854,331.835,331.835,387.906,0.262971
10,391,217.482,163.612,163.612,215.859,0.0452495
10,408,1.63424,0.401244,0.401244,1.48062,0.624483
10,432,0.00115304,8.28185e-5,8.28185e-5,0.00130548,-0.702823
10,456,1.26438e-6,1.70941e-8,1.70941e-8,1.15106e-6,0.592593
10,480,9.27251e-10,3.52831e-12,3.52831e-12,1.0149e-9,-0.519806
10,481,218.236,185.95,185.95,191.349,0.845755
10,482,313.395,316.519,316.519,334.09,-0.372845
10,485,449.172,331.835,331.835,387.906,0.95064
10,487,220.565,163.612,163.612,215.859,0.131204
10,504,1.60617,0.401244,0.401244,1.48062,0.5104
10,528,0.00128611,8.28185e-5,8.28185e-5,0.00130548,-0.0893261
10,552,1.22559e-6,1.70941e-8,1.70941e-8,1.15106e-6,0.389747
10,576,1.01862e-9,3.52831e-12,3.52831e-12,1.0149e-9,0.0220673
10,577,212.336,185.95,185.95,191.349,0.660145
10,578,399.974,316.519,316.519,334.09,1.18698
10,581,463.536,331.835,331.835,387.906,1.17352
10,583,246.37,163.612,163.612,215.859,0.850744
10,600,1.86218,0.401244,0.401244,1.48062,1.55111
10,624,0.00145174,8.28185e-5,8.28185e-5,0.00130548,0.674351
10,648,1.24439e-6,1.70941e-8,1.70941e-8,1.15106e-6,0.48808
11,0,0,0,0,0,0
11,1,18.6453,18.595,18.595,17.9207,0.243349
11,2,36.3057,31.6519,31.6519,29.548,1.37654
11,5,27.2035,33.1835,33.1835,27.2419,-0.00847585
11,7,13.7664,16.3612,16.3612,11.4679,1.20639
11,24,0.00851886,0.0401244,0.0401244,0.00733825,0.96836
11,48,2.19928e-7,8.28185e-6,8.28185e-6,2.27284e-7,-0.194812
11,72,5.8633e-12,1.70941e-9,1.70941e-9,7.03954e-12,-1.00572
11,96,1.99419e-16,3.52831e-13,3.52831e-13,2.18032e-16,-0.083826
11,97,44.6958,37.1899,37.1899,35.8415,1.48694
11,98,87.7186,63.3039,63.3039,59.0961,2.91524
11,101,70.2673,66.367,66.367,54.4837,1.74367
11,103,26.1867,32.7224,32.7224,22.9358,0.853104
11,120,0.0167507,0.0802487,0.0802487,0.0146765,0.85064
11,144,5.55921e-7,1.65637e-5,1.65637e-5,4.54568e-7,1.34203
11,168,1.40584e-11,3.41882e-9,3.41882e-9,1.40791e-11,-0.00884613
11,192,3.89022e-16,7.05661e-13,7.05661e-13,4.36064e-16,-0.211859
11,193,120.734,92.9749,92.9749,89.6036,2.09111
11,194,178.329,158.26,158.26,147.74,1.24619
11,197,162.436,165.917,165.917,136.209,1.15892
11,199,63.9947,81.806,81.806,57.3396,0.698597
11,216,0.0463597,0.200622,0.200622,0.0366913,1.58605
11,240,1.18649e-6,4.14093e-5,4.14093e-5,1.13642e-6,0.265225
11,264,3.14286e-11,8.54706e-9,8.54706e-9,3.51977e-11,-0.644537
11,288,9.12857e-16,1.76415e-12,1.76415e-12,1.09016e-15,-0.798502
11,289,197.038,185.95,185.95,179.207,0.598879
11,290,354.265,316.519,316.519,295.48,1.19746
11,293,325.29,331.835,331.835,272.419,1.16817
11,295,138.482,163.612,163.612,114.679,1.24932
11,312,0.0734091,0.401244,0.401244,0.0733825,0.00217893
11,336,2.50997e-6,8.28185e-5,8.28185e-5,2.27284e-6,0.627974
11,360,7.61226e-11,1.70941e-8,1.70941e-8,7.03954e-11,0.489688
11,384,1.94182e-15,3.52831e-12,3.52831e-12,2.18032e-15,-0.658416
11,385,221.491,185.95,185.95,179.207,1.42017
11,386,362.277,316.519,316.519,295.48,1.36067
11,389,293.331,331.835,331.835,272.419,0.462053
11,391,142.437,163.612,163.612,114.679,1.45687
11,408,0.095235,0.401244,0.401244,0.0733825,1.79239
11,432,2.16113e-6,8.28185e-5,8.28185e-5,2.27284e-6,-0.29584
11,456,7.44349e-11,1.70941e-8,1.70941e-8,7.03954e-11,0.345385
11,480,2.50533e-15,3.52831e-12,3.52831e-12,2.18032e-15,0.897221
11,481,237.387,185.95,185.95,179.207,1.95406
11,482,354.858,316.519,316.519,295.48,1.20953
11,485,334.521,331.835,331.835,272.419,1.37214
11,487,125.832,163.612,163.612,114.679,0.585366
11,504,0.0931179,0.401244,0.401244,0.0733825,1.61874
11,528,2.29039e-6,8.28185e-5,8.28185e-5,2.27284e-6,0.046476
11,552,6.64268e-11,1.70941e-8,1.70941e-8,7.03954e-11,-0.339325
11,576,1.88821e-15,3.52831e-12,3.52831e-12,2.18032e-15,-0.806404
11,577,211.226,185.95,185.95,179.207,1.07541
11,578,367.71,316.519,316.519,295.48,1.47133
11,581,318.535,331.835,331.835,272.419,1.01893
11,583,124.335,163.612,163.612,114.679,0.506777
11,600,0.0805244,0.401244,0.401244,0.0733825,0.585789
11,624,2.09337e-6,8.28185e-5,8.28185e-5,2.27284e-6,-0.475266
11,648,7.02892e-11,1.70941e-8,1.70941e-8,7.03954e-11,-0.00907838
12,0,0,0,0,0,0
12,1,23.5092,18.595,18.595,19.0857,1.39504
12,2,43.5088,31.6519,31.6519,33.2461,1.858
12,5,43.9465,33.1835,33.1835,38.2449,0.897325
12,7,19.0147,16.3612,16.3612,21.0528,-0.5827
12,24,0.154804,0.0401244,0.0401244,0.131695,1.05614
12,48,0.000105134,8.28185e-6,8.28185e-6,0.000101955,0.187642
12,72,8.23691e-8,1.70941e-9,1.70941e-9,7.8931e-8,0.262174
12,96,6.11182e-11,3.52831e-13,3.52831e-13,6.11064e-11,0.00116866
12,97,41.9363,37.1899,37.1899,38.1714,0.593664
12,98,75.8335,63.3039,63.3039,66.4922,0.845592
12,101,96.0634,66.367,66.367,76.4898,1.54026
12,103,45.8329,32.7224,32.7224,42.1056,0.532823
12,120,0.297796,0.0802487,0.0802487,0.263391,0.786235
12,144,0.000239892,1.65637e-5,1.65637e-5,0.00020391,1.06212
12,168,1.5698e-7,3.41882e-9,3.41882e-9,1.57862e-7,-0.0336356
12,192,1.2453e-10,7.05661e-13,7.05661e-13,1.22213e-10,0.114111
12,193,96.4231,92.9749,92.9749,95.4284,0.0627392
12,194,209.327,158.26,158.26,166.23,1.56049
12,197,233.586,165.917,165.917,191.224,1.33339
12,199,114.375,81.806,81.806,105.264,0.520986
12,216,0.75938,0.200622,0.200622,0.658477,0.922334
12,240,0.000486637,4.14093e-5,4.14093e-5,0.000509776,-0.273199
12,264,4.23025e-7,8.54706e-9,8.54706e-9,3.94655e-7,0.432682
12,288,2.57115e-10,1.76415e-12,1.76415e-12,3.05532e-10,-0.953811
12,289,197.772,185.95,185.95,190.857,0.218097
12,290,337.807,316.519,316.519,332.461,0.0967896
12,293,408.293,331.835,331.835,382.449,0.406743
12,295,227.212,163.612,163.612,210.528,0.476992
12,312,1.41043,0.401244,0.401244,1.31695,0.427227
12,336,0.00111935,8.28185e-5,8.28185e-5,0.00101955,0.589187
12,360,7.39044e-7,1.70941e-8,1.70941e-8,7.8931e-7,-0.383312
12,384,5.84525e-10,3.52831e-12,3.52831e-12,6.11064e-10,-0.261407
12,385,193.027,185.95,185.95,190.857,0.0684543
12,386,356.803,316.519,316.519,332.461,0.440698
12,389,457.124,331.835,331.835,382.449,1.17524
12,391,205.649,163.612,163.612,210.528,-0.139488
12,408,1.53965,0.401244,0.401244,1.31695,1.01782
12,432,0.00127577,8.28185e-5,8.28185e-5,0.00101955,1.5126
12,456,8.13146e-7,1.70941e-8,1.70941e-8,7.8931e-7,0.181764
12,480,6.11196e-10,3.52831e-12,3.52831e-12,6.11064e-10,0.00130808
12,481,168.674,185.95,185.95,190.857,-0.699581
12,482,395.22,316.519,316.519,332.461,1.13622
12,485,452.401,331.835,331.835,382.449,1.10091
12,487,251.849,163.612,163.612,210.528,1.18138
12,504,1.04947,0.401244,0.401244,1.31695,-1.22251
12,528,0.00100438,8.28185e-5,8.28185e-5,0.00101955,-0.0895448
12,552,7.54187e-7,1.70941e-8,1.70941e-8,7.8931e-7,-0.267836
12,576,6.72593e-10,3.52831e-12,3.52831e-12,6.11064e-10,0.606066
12,577,199.39,185.95,185.95,190.857,0.269105
12,578,420.129,316.519,316.519,332.461,1.58717
12,581,378.936,331.835,331.835,382.449,-0.0552834
12,583,243.113,163.612,163.612,210.528,0.931601
12,600,1.22809,0.401244,0.401244,1.31695,-0.406125
12,624,0.000982699,8.28185e-5,8.28185e-5,0.00101955,-0.217561
12,648,7.54802e-7,1.70941e-8,1.70941e-8,7.8931e-7,-0.263152
13,0,0,0,0,0,0
13,1,48.7452,37.1899,37.1899,37.1484,1.87898
13,2,74.7659,63.3039,63.3039,63.1712,1.10475
13,5,70.9854,66.367,66.367,65.9671,0.457878
13,7,41.6924,32.7224,32.7224,32.371,1.7332
13,24,0.0956568,0.0802487,0.0802487,0.0762425,1.53267
13,48,1.27441e-5,1.65637e-5,1.65637e-5,1.48641e-5,-0.85844
13,72,3.13128e-9,3.41882e-9,3.41882e-9,2.89787e-9,0.484801
13,96,5.92566e-13,7.05661e-13,7.05661e-13,5.64962e-13,0.294083
13,97,98.7879,92.9749,92.9749,92.8709,0.383484
13,98,183.08,158.26,158.26,157.928,0.958587
13,101,173.166,165.917,165.917,164.918,0.301018
13,103,109.62,81.806,81.806,80.9274,2.13405
13,120,0.241507,0.200622,0.200622,0.190606,1.60735
13,144,4.20921e-5,4.14093e-5,4.14093e-5,3.71602e-5,0.79884
13,168,7.63821e-9,8.54706e-9,8.54706e-9,7.24467e-9,0.32696
13,192,1.35969e-12,1.76415e-12,1.76415e-12,1.41241e-12,-0.22466
13,193,213.031,185.95,185.95,185.742,0.884319
13,194,396.699,316.519,316.519,315.856,1.54056
13,197,466.344,331.835,331.835,329.836,2.49107
13,199,156.401,163.612,163.612,161.855,-0.202836
13,216,0.39839,0.401244,0.401244,0.381213,0.271221
13,240,7.99212e-5,8.28185e-5,8.28185e-5,7.43204e-5,0.453594
13,264,1.2507e-8,1.70941e-8,1.70941e-8,1.44893e-8,-0.823472
13,288,2.4786e-12,3.52831e-12,3.52831e-12,2.82481e-12,-0.737691
13,289,302.469,278.925,278.925,278.613,0.515384
13,290,518.566,474.779,474.779,473.784,0.568923
13,293,570.097,497.752,497.752,494.753,0.916609
13,295,306.005,245.418,245.418,242.782,1.5674
13,312,0.722834,0.601866,0.601866,0.571819,1.5896
13,336,0.000124839,0.000124228,0.000124228,0.000111481,0.721266
13,360,1.78432e-8,2.56412e-8,2.56412e-8,2.1734e-8,-1.07751
13,384,3.56476e-12,5.29246e-12,5.29246e-12,4.23722e-12,-0.955236
13,385,251.032,278.925,278.925,278.613,-0.595842
13,386,544.611,474.779,474.779,473.784,0.899802
13,389,526.692,497.752,497.752,494.753,0.388555
13,391,279.853,245.418,245.418,242.782,0.919044
13,408,0.569184,0.601866,0.601866,0.571819,-0.0277373
13,432,0.000136801,0.000124228,0.000124228,0.000111481,1.36711
13,456,1.97158e-8,2.56412e-8,2.56412e-8,2.1734e-8,-0.55893
13,480,4.11239e-12,5.29246e-12,5.29246e-12,4.23722e-12,-0.177317
13,481,323.783,278.925,278.925,278.613,0.975828
13,482,512.304,474.779,474.779,473.784,0.489368
13,485,607.714,497.752,497.752,494.753,1.37425
13,487,268.355,245.418,245.418,242.782,0.633981
13,504,0.607258,0.601866,0.601866,0.571819,0.373033
13,528,0.00012218,0.000124228,0.000124228,0.000111481,0.577683
13,552,1.99912e-8,2.56412e-8,2.56412e-8,2.1734e-8,-0.482667
13,576,4.29907e-12,5.29246e-12,5.29246e-12,4.23722e-12,0.0878635
13,577,343.397,278.925,278.925,278.613,1.39956
13,578,471.831,474.779,474.779,473.784,-0.0248068
13,581,556.095,497.752,497.752,494.753,0.746259
13,583,308.26,245.418,245.418,242.782,1.6233
13,600,0.661599,0.601866,0.601866,0.571819,0.945036
13,624,0.000142852,0.000124228,0.000124228,0.000111481,1.69377
13,648,2.13727e-8,2.56412e-8,2.56412e-8,2.1734e-8,-0.100066
14,0,0,0,0,0,0
14,1,41.6288,37.1899,37.1899,39.1351,0.38353
14,2,65.7322,63.3039,63.3039,69.7282,-0.344938
14,5,90.8526,66.367,66.367,87.8184,0.207958
14,7,58.8153,32.7224,32.7224,53.6657,0.577572
14,24,0.716729,0.0802487,0.0802487,0.815904,-0.731624
14,48,0.00204245,1.65637e-5,1.65637e-5,0.00221294,-0.463711
14,72,6.40332e-6,3.41882e-9,3.41882e-9,6.00205e-6,0.402396
15,0,0,0,0,0,0
15,1,39.2798,37.1899,37.1899,36.8656,0.394167
15,2,70.6725,63.3039,63.3039,62.2736,0.811789
15,5,67.4011,66.367,66.367,63.3064,0.389313
15,7,39.1277,32.7224,32.7224,30.0709,1.81282
15,24,0.0640274,0.0802487,0.0802487,0.0537142,1.15566
15,48,7.13276e-6,1.65637e-5,1.65637e-5,7.08725e-6,0.0386461
15,72,1.05298e-9,3.41882e-9,3.41882e-9,9.35119e-10,0.758615
15,96,1.10911e-13,7.05661e-13,7.05661e-13,1.23383e-13,-0.608443
15,97,104.618,92.9749,92.9749,92.164,0.813349
15,98,191.466,158.26,158.26,155.684,1.38338
15,101,220.384,165.917,165.917,158.266,2.36242
15,103,87.046,81.806,81.806,75.1773,0.950262
15,120,0.140834,0.200622,0.200622,0.134285,0.293513
15,144,1.97478e-5,4.14093e-5,4.14093e-5,1.77181e-5,0.689491
15,168,2.11751e-9,8.54706e-9,8.54706e-9,2.3378e-9,-0.567166
15,192,2.49023e-13,1.76415e-12,1.76415e-12,3.08458e-13,-1.15976
15,193,248.995,185.95,185.95,184.328,2.11162
15,194,379.689,316.519,316.519,311.368,1.32071
15,197,301.759,331.835,331.835,316.532,-0.28091
15,199,171.623,163.612,163.612,150.355,0.85144
15,216,0.25719,0.401244,0.401244,0.268571,-0.255054
15,240,4.53881e-5,8.28185e-5,8.28185e-5,3.54363e-5,1.69037
15,264,5.40756e-9,1.70941e-8,1.70941e-8,4.67559e-9,0.942279
15,288,6.15617e-13,3.52831e-12,3.52831e-12,6.16916e-13,-0.0126758
15,289,315.423,278.925,278.925,276.492,0.847494
15,290,553.807,474.779,474.779,467.052,1.11803
15,293,591.086,497.752,497.752,474.798,1.47418
15,295,263.568,245.418,245.418,225.532,1.01511
15,312,0.42127,0.601866,0.601866,0.402856,0.275117
15,336,4.83078e-5,0.000124228,0.000124228,5.31544e-5,-0.548808
15,360,6.31103e-9,2.56412e-8,2.56412e-8,7.01339e-9,-0.602775
15,384,1.0083e-12,5.29246e-12,5.29246e-12,9.25374e-13,0.539356
15,385,351.986,278.925,278.925,276.492,1.64345
15,386,497.502,474.779,474.779,467.052,0.392412
15,389,625.568,497.752,497.752,474.798,1.91131
15,391,255.03,245.418,245.418,225.532,0.787248
15,408,0.448855,0.601866,0.601866,0.402856,0.687259
15,432,5.30006e-5,0.000124228,0.000124228,5.31544e-5,-0.0174165
15,456,7.60418e-9,2.56412e-8,2.56412e-8,7.01339e-9,0.507021
15,480,7.41033e-13,5.29246e-12,5.29246e-12,9.25374e-13,-1.19902
15,481,356.278,278.925,278.925,276.492,1.73688
15,482,569.147,474.779,474.779,467.052,1.31571
15,485,585.209,497.752,497.752,474.798,1.39968
15,487,285.111,245.418,245.418,225.532,1.59004
15,504,0.397792,0.601866,0.601866,0.402856,-0.0756668
15,528,5.95261e-5,0.000124228,0.000124228,5.31544e-5,0.721514
15,552,6.78863e-9,2.56412e-8,2.56412e-8,7.01339e-9,-0.192892
15,576,6.54243e-13,5.29246e-12,5.29246e-12,9.25374e-13,-1.76354
15,577,318.093,278.925,278.925,276.492,0.905619
15,578,549.587,474.779,474.779,467.052,1.06364
15,581,567.776,497.752,497.752,474.798,1.17869
15,583,266.932,245.418,245.418,225.532,1.10488
15,600,0.460949,0.601866,0.601866,0.402856,0.867959
15,624,6.32338e-5,0.000124228,0.000124228,5.31544e-5,1.14135
15,648,6.08566e-9,2.56412e-8,2.56412e-8,7.01339e-9,-0.796196
16,0,0,0,0,0,0
16,1,46.1601,37.1899,37.1899,36.7981,1.53131
16,2,77.0856,63.3039,63.3039,62.0608,1.45719
16,5,79.6348,66.367,66.367,62.6866,1.62732
16,7,34.507,32.7224,32.7224,29.5448,1.01092
16,24,0.0535034,0.0802487,0.0802487,0.049384,0.502084
16,48,5.52898e-6,1.65637e-5,1.65637e-5,5.93285e-6,-0.409739
16,72,7.32612e-10,3.41882e-9,3.41882e-9,7.12756e-10,0.167676
17,0,0,0,0,0,0
17,1,50.9714,37.1899,37.1899,41.1044,1.44486
17,2,97.6976,63.3039,63.3039,76.6692,1.65086
17,5,136.17,66.367,66.367,115.998,1.04669
17,7,102.529,32.7224,32.7224,86.8395,1.08749
17,24,6.81813,0.0802487,0.0802487,7.4127,-0.482784
17,48,0.233284,1.65637e-5,1.65637e-5,0.229703,0.0938274
17,72,0.00629591,3.41882e-9,3.41882e-9,0.00711798,-0.695147
17,96,0.000211541,7.05661e-13,7.05661e-13,0.00022057,-0.246379
17,97,124.881,92.9749,92.9749,102.761,1.29565
17,98,229.839,158.26,158.26,191.673,1.19848
17,101,355.308,165.917,165.917,289.996,1.3556
17,103,294.1,81.806,81.806,217.099,2.13484
17,120,23.6493,0.200622,0.200622,18.5318,1.66216
17,144,0.550456,4.14093e-5,4.14093e-5,0.574258,-0.249471
17,168,0.0189056,8.54706e-9,8.54706e-9,0.0177949,0.375667
17,192,0.000545343,1.76415e-12,1.76415e-12,0.000551425,-0.0663866
17,193,273.839,185.95,185.95,205.522,2.00074
17,194,456.3,316.519,316.519,383.346,1.14546
17,197,613.207,331.835,331.835,579.991,0.344707
17,199,494.691,163.612,163.612,434.197,0.83859
17,216,39.4005,0.401244,0.401244,37.0635,0.379512
17,240,1.21277,8.28185e-5,8.28185e-5,1.14852,0.33675
17,264,0.0343832,1.70941e-8,1.70941e-8,0.0355899,-0.204086
17,288,0.00113597,3.52831e-12,3.52831e-12,0.00110285,0.180775
17,289,426.599,371.899,371.899,411.045,0.227768
17,290,972.265,633.039,633.039,766.693,1.61387
17,293,1449.9,663.67,663.67,1159.98,1.50436
17,295,1008.1,327.224,327.224,868.395,0.968348
17,312,84.4602,0.802487,0.802487,74.1271,0.839035
17,336,1.94403,0.000165637,0.000165637,2.29703,-0.924975
17,360,0.0803766,3.41882e-8,3.41882e-8,0.0711798,0.777683
18,0,0,0,0,0,0
18,1,48.0478,37.1899,37.1899,36.8868,1.8212
18,2,72.8812,63.3039,63.3039,62.3406,1.0177
18,5,78.2789,66.367,66.367,63.5022,1.4006
18,7,35.1205,32.7224,32.7224,30.2379,0.971909
18,24,0.0658271,0.0802487,0.0802487,0.0551485,1.16548
18,48,6.78519e-6,1.65637e-5,1.65637e-5,7.49351e-6,-0.568943
18,72,1.18049e-9,3.41882e-9,3.41882e-9,1.01821e-9,0.95931
18,96,1.31796e-13,7.05661e-13,7.05661e-13,1.38353e-13,-0.285264
18,97,119.11,92.9749,92.9749,92.217,1.7553
18,98,177.291,158.26,158.26,155.851,0.82799
18,101,177.715,165.917,165.917,158.755,0.718819
18,103,101.802,81.806,81.806,75.5947,2.08666
18,120,0.150105,0.200622,0.200622,0.137871,0.534089
18,144,2.29124e-5,4.14093e-5,4.14093e-5,1.87338e-5,1.34257
18,168,2.749e-9,8.54706e-9,8.54706e-9,2.54552e-9,0.481133
18,192,2.89523e-13,1.76415e-12,1.76415e-12,3.45882e-13,-0.980752
18,193,214.059,185.95,185.95,184.434,0.966805
18,194,399.168,316.519,316.519,311.703,1.68896
18,197,433.631,331.835,331.835,317.511,2.20128
18,199,151.696,163.612,163.612,151.189,0.0201669
18,216,0.293352,0.401244,0.401244,0.275742,0.384399
18,240,3.94874e-5,8.28185e-5,8.28185e-5,3.74675e-5,0.324478
18,264,4.83337e-9,1.70941e-8,1.70941e-8,5.09104e-9,-0.304642
18,288,6.45322e-13,3.52831e-12,3.52831e-12,6.91765e-13,-0.404099
18,289,407.213,371.899,371.899,368.868,0.625704
18,290,586.546,633.039,633.039,623.406,-0.355877
18,293,624.328,663.67,663.67,635.022,-0.10136
18,295,372.778,327.224,327.224,302.379,1.40134
18,312,0.719846,0.802487,0.802487,0.551485,1.83752
18,336,7.86544e-5,0.000165637,0.000165637,7.49351e-5,0.29875
18,360,1.12466e-8,3.41882e-8,3.41882e-8,1.01821e-8,0.629291
18,384,1.132e-12,7.05661e-12,7.05661e-12,1.38353e-12,-1.09428
18,385,433.484,371.899,371.899,368.868,1.05438
18,386,691.585,633.039,633.039,623.406,0.658273
18,389,715.923,663.67,663.67,635.022,0.766821
18,391,343.952,327.224,327.224,302.379,0.827539
18,408,0.686446,0.802487,0.802487,0.551485,1.473
18,432,8.49261e-5,0.000165637,0.000165637,7.49351e-5,0.802505
18,456,9.93198e-9,3.41882e-8,3.41882e-8,1.01821e-8,-0.147846
18,480,1.36047e-12,7.05661e-12,7.05661e-12,1.38353e-12,-0.100305
18,481,387.012,371.899,371.899,368.868,0.296068
18,482,911.457,633.039,633.039,623.406,2.78115
18,485,807.985,663.67,663.67,635.022,1.63942
18,487,362.947,327.224,327.224,302.379,1.20564
18,504,0.615137,0.802487,0.802487,0.551485,0.694709
18,528,7.71911e-5,0.000165637,0.000165637,7.49351e-5,0.18121
18,552,1.07668e-8,3.41882e-8,3.41882e-8,1.01821e-8,0.345653
18,576,1.27965e-12,7.05661e-12,7.05661e-12,1.38353e-12,-0.45193
18,577,398.18,371.899,371.899,368.868,0.478302
18,578,785.619,633.039,633.039,623.406,1.56618
18,581,777.617,663.67,663.67,635.022,1.35157
18,583,364.318,327.224,327.224,302.379,1.23293
18,600,0.539397,0.802487,0.802487,0.551485,-0.131933
18,624,7.02483e-5,0.000165637,0.000165637,7.49351e-5,-0.376454
18,648,1.05294e-8,3.41882e-8,3.41882e-8,1.01821e-8,0.205318
19,0,0,0,0,0,0
19,1,43.7882,37.1899,37.1899,33.3377,1.88682
19,2,48.0965,63.3039,63.3039,51.8015,-0.430497
19,5,43.3243,66.367,66.367,37.4902,0.936655
19,7,12.3521,32.7224,32.7224,11.4998,0.446103
19,24,0.000553913,0.0802487,0.0802487,0.000499182,0.659929
19,48,3.17536e-10,1.65637e-5,1.65637e-5,3.46364e-10,-0.500953
19,72,2.34361e-16,3.41882e-9,3.41882e-9,2.40329e-16,-0.0268746
19,96,1.41298e-22,7.05661e-13,7.05661e-13,1.66755e-22,-1.14648e-7
19,97,103.243,92.9749,92.9749,83.3441,1.43704
19,98,141.102,158.26,158.26,129.504,0.539046
19,101,108.21,165.917,165.917,93.7256,0.930155
19,103,34.4519,81.806,81.806,28.7495,1.19384
19,120,0.0014412,0.200622,0.200622,0.00124796,0.932031
19,144,8.74811e-10,4.14093e-5,4.14093e-5,8.65909e-10,0.0618749
19,168,5.02229e-16,8.54706e-9,8.54706e-9,6.00821e-16,-0.44402
19,192,3.6801e-22,1.76415e-12,1.76415e-12,4.16887e-22,-2.20121e-7
19,193,194.023,185.95,185.95,166.688,0.987054
19,194,297.223,316.519,316.519,259.007,0.888078
19,197,239.326,331.835,331.835,187.451,1.66568
19,199,65.2962,163.612,163.612,57.4991,0.816196
19,216,0.00270569,0.401244,0.401244,0.00249591,0.505878
19,240,1.94069e-9,8.28185e-5,8.28185e-5,1.73182e-9,0.725927
19,264,1.10797e-15,1.70941e-8,1.70941e-8,1.20164e-15,-0.421864
19,288,5.00924e-22,3.52831e-12,3.52831e-12,8.33774e-22,-1.49902e-6
19,289,271.6,278.925,278.925,250.032,0.519203
19,290,427.635,474.779,474.779,388.511,0.606125
19,293,294.631,497.752,497.752,281.177,0.288002
19,295,104.671,245.418,245.418,86.2486,1.28562
19,312,0.00404368,0.601866,0.601866,0.00374387,0.482004
19,336,2.55112e-9,0.000124228,0.000124228,2.59773e-9,-0.107994
19,360,1.41381e-15,2.56412e-8,2.56412e-8,1.80246e-15,-1.29784
19,384,1.02461e-21,5.29246e-12,5.29246e-12,1.25066e-21,-1.01803e-6
19,385,305.978,278.925,278.925,250.032,1.34676
19,386,556.351,474.779,474.779,388.511,2.60026
19,389,350.917,497.752,497.752,281.177,1.49289
19,391,102.627,245.418,245.418,86.2486,1.143
19,408,0.00445101,0.601866,0.601866,0.00374387,1.13686
19,432,2.80599e-9,0.000124228,0.000124228,2.59773e-9,0.482557
19,456,1.53248e-15,2.56412e-8,2.56412e-8,1.80246e-15,-0.901556
19,480,9.74853e-22,5.29246e-12,5.29246e-12,1.25066e-21,-1.24213e-6
19,481,278.286,278.925,278.925,250.032,0.680148
19,482,519.203,474.779,474.779,388.511,2.02474
19,485,354.781,497.752,497.752,281.177,1.5756
19,487,97.1759,245.418,245.418,86.2486,0.762577
19,504,0.00476272,0.601866,0.601866,0.00374387,1.638
19,528,2.53431e-9,0.000124228,0.000124228,2.59773e-9,-0.14694
19,552,1.67675e-15,2.56412e-8,2.56412e-8,1.80246e-15,-0.419799
19,576,1.19843e-21,5.29246e-12,5.29246e-12,1.25066e-21,-2.35226e-7
19,577,267.812,278.925,278.925,250.032,0.427999
19,578,430.528,474.779,474.779,388.511,0.650946
19,581,310.862,497.752,497.752,281.177,0.635456
19,583,106.874,245.418,245.418,86.2486,1.43937
19,600,0.00385505,0.601866,0.601866,0.00374387,0.178753
19,624,2.91765e-9,0.000124228,0.000124228,2.59773e-9,0.741279
19,648,1.96453e-15,2.56412e-8,2.56412e-8,1.80246e-15,0.541198
20,0,0,0,0,0,0
20,1,38.9274,37.1899,37.1899,35.4613,0.588328
20,2,74.7259,63.3039,63.3039,57.9455,1.74304
20,5,62.639,66.367,66.367,51.5107,1.30034
20,7,24.5329,32.7224,32.7224,20.7083,1.11164
20,24,0.00795311,0.0802487,0.0802487,0.00895868,-0.675607
20,48,1.66172e-7,1.65637e-5,1.65637e-5,1.59665e-7,0.2453
20,72,2.49095e-12,3.41882e-9,3.41882e-9,2.8456e-12,-0.75015
20,96,4.11969e-17,7.05661e-13,7.05661e-13,5.07152e-17,-0.0428666
20,97,88.2886,92.9749,92.9749,88.6532,-0.0247523
20,98,151.841,158.26,158.26,144.864,0.289883
20,101,147.625,165.917,165.917,128.777,0.880964
20,103,64.8566,81.806,81.806,51.7707,1.5214
20,120,0.0271218,0.200622,0.200622,0.0223967,1.26986
20,144,4.17383e-7,4.14093e-5,4.14093e-5,3.99162e-7,0.274768
20,168,7.3226e-12,8.54706e-9,8.54706e-9,7.11399e-12,0.176501
20,192,1.1868e-16,1.76415e-12,1.76415e-12,1.26788e-16,-0.0365126
20,193,184.475,185.95,185.95,177.306,0.243351
20,194,371.542,316.519,316.519,289.727,1.69967
20,197,338.877,331.835,331.835,257.553,1.90053
20,199,123.657,163.612,163.612,103.541,1.16935
20,216,0.0564296,0.401244,0.401244,0.0447934,1.56359
20,240,9.55542e-7,8.28185e-5,8.28185e-5,7.98323e-7,1.18536
20,264,1.27378e-11,1.70941e-8,1.70941e-8,1.4228e-11,-0.630399
20,288,2.06947e-16,3.52831e-12,3.52831e-12,2.53576e-16,-0.209996
20,289,314.838,278.925,278.925,265.96,1.10618
20,290,496.895,474.779,474.779,434.591,0.862898
20,293,459.015,497.752,497.752,386.33,1.13243
20,295,171.696,245.418,245.418,155.312,0.634951
20,312,0.0764895,0.601866,0.601866,0.0671901,0.833055
20,336,1.22768e-6,0.000124228,0.000124228,1.19748e-6,0.151776
20,360,1.96799e-11,2.56412e-8,2.56412e-8,2.1342e-11,-0.46875
20,384,2.75063e-16,5.29246e-12,5.29246e-12,3.80364e-16,-0.474234
20,385,313.004,278.925,278.925,265.96,1.06467
20,386,472.554,474.779,474.779,434.591,0.525777
20,389,402.821,497.752,497.752,386.33,0.256934
20,391,149.158,245.418,245.418,155.312,-0.238499
20,408,0.0747439,0.601866,0.601866,0.0671901,0.676684
20,432,1.02693e-6,0.000124228,0.000124228,1.19748e-6,-0.857272
20,456,2.2269e-11,2.56412e-8,2.56412e-8,2.1342e-11,0.261444
20,480,3.39839e-16,5.29246e-12,5.29246e-12,3.80364e-16,-0.182509
20,481,290.145,278.925,278.925,265.96,0.547351
20,482,537.042,474.779,474.779,434.591,1.41893
20,485,388.392,497.752,497.752,386.33,0.0321324
20,487,166.958,245.418,245.418,155.312,0.451332
20,504,0.069773,0.601866,0.601866,0.0671901,0.231377
20,528,1.23525e-6,0.000124228,0.000124228,1.19748e-6,0.189847
20,552,1.90017e-11,2.56412e-8,2.56412e-8,2.1342e-11,-0.660029
20,576,3.24741e-16,5.29246e-12,5.29246e-12,3.80364e-16,-0.250503
20,577,287.286,278.925,278.925,265.96,0.482643
20,578,478.22,474.779,474.779,434.591,0.604244
20,581,451.605,497.752,497.752,386.33,1.01698
20,583,165.412,245.418,245.418,155.312,0.391423
20,600,0.0731742,0.601866,0.601866,0.0671901,0.536069
20,624,1.12738e-6,0.000124228,0.000124228,1.19748e-6,-0.352394
20,648,2.23508e-11,2.56412e-8,2.56412e-8,2.1342e-11,0.28452
21,0,0,0,0,0,0
21,1,43.7387,37.1899,37.1899,37.4257,1.0153
21,2,75.9838,63.3039,63.3039,64.06,1.12035
21,5,65.8062,66.367,66.367,68.6775,-0.251652
21,7,39.5598,32.7224,32.7224,34.7822,0.826754
21,24,0.102884,0.0802487,0.0802487,0.107144,-0.239296
21,48,3.29132e-5,1.65637e-5,1.65637e-5,3.05124e-5,0.473586
21,72,7.94057e-9,3.41882e-9,3.41882e-9,8.68932e-9,-0.518653
21,96,2.26364e-12,7.05661e-13,7.05661e-13,2.47454e-12,-0.513007
21,97,96.2035,92.9749,92.9749,93.5642,0.169783
21,98,162.312,158.26,158.26,160.15,0.0812699
21,101,174.876,165.917,165.917,171.694,0.111541
21,103,104.43,81.806,81.806,86.9555,1.20956
21,120,0.325363,0.200622,0.200622,0.26786,1.29215
21,144,8.0836e-5,4.14093e-5,4.14093e-5,7.62811e-5,0.359408
21,168,2.39883e-8,8.54706e-9,8.54706e-9,2.17233e-8,0.627573
21,192,5.64146e-12,1.76415e-12,1.76415e-12,6.18636e-12,-0.53016
21,193,169.761,185.95,185.95,187.128,-0.558631
21,194,398.886,316.519,316.519,320.3,1.47677
21,197,388.099,331.835,331.835,343.388,0.783711
21,199,172.055,163.612,163.612,173.911,-0.0642308
21,216,0.561361,0.401244,0.401244,0.53572,0.288089
21,240,0.000139252,8.28185e-5,8.28185e-5,0.000152562,-0.525117
21,264,4.03336e-8,1.70941e-8,1.70941e-8,4.34466e-8,-0.431277
21,288,1.21951e-11,3.52831e-12,3.52831e-12,1.23727e-11,-0.086424
21,289,310.699,278.925,278.925,280.693,0.643448
21,290,611.212,474.779,474.779,480.45,1.63817
21,293,588.491,497.752,497.752,515.081,0.85783
21,295,231.213,245.418,245.418,260.867,-0.684207
21,312,0.849668,0.601866,0.601866,0.80358,0.345214
21,336,0.000238039,0.000124228,0.000124228,0.000228843,0.24187
21,360,7.25436e-8,2.56412e-8,2.56412e-8,6.51699e-8,0.681026
21,384,1.62208e-11,5.29246e-12,5.29246e-12,1.85591e-11,-0.758356
21,385,316.078,278.925,278.925,280.693,0.758775
21,386,553.015,474.779,474.779,480.45,0.909082
21,389,591.872,497.752,497.752,515.081,0.89734
21,391,322.846,245.418,245.418,260.867,1.43006
21,408,0.918349,0.601866,0.601866,0.80358,0.859649
21,432,0.000224215,0.000124228,0.000124228,0.000228843,-0.121727
21,456,7.34303e-8,2.56412e-8,2.56412e-8,6.51699e-8,0.762915
21,480,2.05423e-11,5.29246e-12,5.29246e-12,1.85591e-11,0.643206
21,481,322.512,278.925,278.925,280.693,0.896747
21,482,520.177,474.779,474.779,480.45,0.497697
21,485,539.024,497.752,497.752,515.081,0.279777
21,487,273.142,245.418,245.418,260.867,0.283239
21,504,0.796619,0.601866,0.601866,0.80358,-0.052137
21,528,0.000277794,0.000124228,0.000124228,0.000228843,1.28751
21,552,6.77835e-8,2.56412e-8,2.56412e-8,6.51699e-8,0.241384
21,576,1.80027e-11,5.29246e-12,5.29246e-12,1.85591e-11,-0.180457
21,577,350.389,278.925,278.925,280.693,1.49454
21,578,509.924,474.779,474.779,480.45,0.369253
21,581,616.373,497.752,497.752,515.081,1.18365
21,583,314.735,245.418,245.418,260.867,1.2429
21,600,0.87757,0.601866,0.601866,0.80358,0.554205
21,624,0.00025344,0.000124228,0.000124228,0.000228843,0.646939
21,648,6.47568e-8,2.56412e-8,2.56412e-8,6.51699e-8,-0.0381576
22,0,0,0,0,0,0
22,1,42.1369,37.1899,37.1899,38.4702,0.573695
22,2,74.4661,63.3039,63.3039,67.4842,0.622722
22,5,94.3256,66.367,66.367,79.8469,1.09143
22,7,49.8949,32.7224,32.7224,45.4179,0.593311
22,24,0.440259,0.0802487,0.0802487,0.375377,1.04035
22,48,0.000393085,1.65637e-5,1.65637e-5,0.000430626,-0.524733
22,72,4.61505e-7,3.41882e-9,3.41882e-9,4.94007e-7,-0.396006
22,96,5.56093e-10,7.05661e-13,7.05661e-13,5.66717e-10,-0.112837
22,97,115.792,92.9749,92.9749,96.1754,1.22765
22,98,183.621,158.26,158.26,168.711,0.531947
22,101,202.695,165.917,165.917,199.617,0.0927911
22,103,117.73,81.806,81.806,113.545,0.221846
22,120,1.04016,0.200622,0.200622,0.938442,0.652385
22,144,0.00120648,4.14093e-5,4.14093e-5,0.00107657,0.726357
22,168,1.14872e-6,8.54706e-9,8.54706e-9,1.23502e-6,-0.42058
22,192,1.21226e-9,1.76415e-12,1.76415e-12,1.41679e-9,-0.868925
22,193,256.571,185.95,185.95,192.351,2.00956
22,194,391.586,316.519,316.519,337.421,0.966212
22,197,372.657,331.835,331.835,399.235,-0.400696
22,199,276.133,163.612,163.612,227.09,1.29989
22,216,2.08162,0.401244,0.401244,1.87688,0.656565
22,240,0.00245843,8.28185e-5,8.28185e-5,0.00215313,0.853447
22,264,2.61079e-6,1.70941e-8,1.70941e-8,2.47004e-6,0.342976
22,288,2.39147e-9,3.52831e-12,3.52831e-12,2.83359e-9,-0.93913
22,289,436.36,371.899,371.899,384.702,0.808246
22,290,820.398,633.039,633.039,674.842,1.29823
22,293,814.468,663.67,663.67,798.469,0.120606
22,295,489.645,327.224,327.224,454.179,0.470002
22,312,5.14112,0.802487,0.802487,3.75377,2.22457
22,336,0.00507469,0.000165637,0.000165637,0.00430626,1.07406
22,360,4.89332e-6,3.41882e-8,3.41882e-8,4.94007e-6,-0.0569638
22,384,5.46345e-9,7.05661e-12,7.05661e-12,5.66717e-9,-0.216373
22,385,462.1,371.899,371.899,384.702,1.21097
22,386,811.879,633.039,633.039,674.842,1.22225
22,389,951.251,663.67,663.67,798.469,1.1517
22,391,474.235,327.224,327.224,454.179,0.265784
22,408,4.07039,0.802487,0.802487,3.75377,0.507684
22,432,0.00478131,0.000165637,0.000165637,0.00430626,0.663985
22,456,4.84385e-6,3.41882e-8,3.41882e-8,4.94007e-6,-0.117245
22,480,4.91077e-9,7.05661e-12,7.05661e-12,5.66717e-9,-0.803361
22,481,478.419,371.899,371.899,384.702,1.46629
22,482,765.147,633.039,633.039,674.842,0.805438
22,485,863.919,663.67,663.67,798.469,0.493376
22,487,385.363,327.224,327.224,454.179,-0.911986
22,504,4.07074,0.802487,0.802487,3.75377,0.508249
22,528,0.00476054,0.000165637,0.000165637,0.00430626,0.634959
22,552,5.99111e-6,3.41882e-8,3.41882e-8,4.94007e-6,1.28059
22,576,5.68668e-9,7.05661e-12,7.05661e-12,5.66717e-9,0.020714
22,577,501.767,371.899,371.899,384.702,1.8316
22,578,820.486,633.039,633.039,674.842,1.29902
22,581,938.847,663.67,663.67,798.469,1.05819
22,583,500.751,327.224,327.224,454.179,0.617193
22,600,4.16888,0.802487,0.802487,3.75377,0.665607
22,624,0.00474915,0.000165637,0.000165637,0.00430626,0.619036
22,648,4.4185e-6,3.41882e-8,3.41882e-8,4.94007e-6,-0.63549
23,0,0,0,0,0,0
23,1,36.6201,37.1899,37.1899,35.6947,0.156032
23,2,72.9035,63.3039,63.3039,58.6503,1.46274
23,5,69.5803,66.367,66.367,53.3181,1.83582
23,7,24.7526,32.7224,32.7224,22.0516,0.737257
23,24,0.0138565,0.0802487,0.0802487,0.0121406,0.850664
23,48,2.66515e-7,1.65637e-5,1.65637e-5,3.04104e-7,-0.743982
23,72,7.1932e-12,3.41882e-9,3.41882e-9,7.61731e-12,-0.335118
24,0,0,0,0,0,0
24,1,40.9389,37.1899,37.1899,36.1044,0.805969
24,2,78.1398,63.3039,63.3039,59.901,1.83268
24,5,66.7403,66.367,66.367,56.6324,1.07429
24,7,27.1128,32.7224,32.7224,24.6022,0.61423
24,24,0.0208281,0.0802487,0.0802487,0.0205686,0.0759266
24,48,9.42984e-7,1.65637e-5,1.65637e-5,9.29222e-7,0.0891423
24,72,4.05437e-11,3.41882e-9,3.41882e-9,4.19792e-11,-0.20582
25,0,0,0,0,0,0
25,1,42.0801,37.1899,37.1899,39.3564,0.416555
25,2,66.765,63.3039,63.3039,70.4858,-0.317734
25,5,90.4597,66.367,66.367,90.6312,-0.0113897
25,7,65.3865,32.7224,32.7224,56.7009,0.922002
25,24,1.17547,0.0802487,0.0802487,1.05256,0.702863
25,48,0.00398327,1.65637e-5,1.65637e-5,0.00378437,0.316356
25,72,1.24316e-5,3.41882e-9,3.41882e-9,1.36063e-5,-0.51965
26,0,0,0,0,0,0
26,1,36.1214,37.1899,37.1899,36.2986,-0.0293739
26,2,74.833,63.3039,63.3039,60.5002,1.42593
26,5,75.5931,66.367,66.367,58.2697,1.78944
26,7,25.6962,32.7224,32.7224,25.9032,-0.0480988
26,24,0.0273128,0.0802487,0.0802487,0.026339,0.222532
26,48,1.51828e-6,1.65637e-5,1.65637e-5,1.56868e-6,-0.193378
26,72,9.54525e-11,3.41882e-9,3.41882e-9,9.34267e-11,0.130513
27,0,0,0,0,0,0
27,1,43.9047,37.1899,37.1899,40.252,0.546191
27,2,87.5367,63.3039,63.3039,73.6101,1.13876
27,5,117.366,66.367,66.367,102.9,0.846173
27,7,73.3943,32.7224,32.7224,70.671,0.231939
27,24,3.25899,0.0802487,0.0802487,2.89918,0.74701
27,48,0.0333416,1.65637e-5,1.65637e-5,0.0319304,0.266022
27,72,0.000367698,3.41882e-9,3.41882e-9,0.000351668,0.274355
27,96,3.61061e-6,7.05661e-13,7.05661e-13,3.87313e-6,-0.407968
27,97,115.025,92.9749,92.9749,100.63,0.861002
27,98,202.673,158.26,158.26,184.025,0.609905
27,101,259.509,165.917,165.917,257.249,0.0528821
27,103,184.852,81.806,81.806,176.677,0.278475
27,120,9.04927,0.200622,0.200622,7.24794,1.4959
27,144,0.0892514,4.14093e-5,4.14093e-5,0.0798259,0.710699
27,168,0.000827467,8.54706e-9,8.54706e-9,0.000879171,-0.353974
27,192,1.02866e-5,1.76415e-12,1.76415e-12,9.68284e-6,0.375289
27,193,268.124,185.95,185.95,201.26,1.99969
27,194,389.225,316.519,316.519,368.051,0.346277
27,197,477.864,331.835,331.835,514.498,-0.428571
27,199,394.365,163.612,163.612,353.355,0.698564
27,216,14.9901,0.401244,0.401244,14.4959,0.205203
27,240,0.17073,8.28185e-5,8.28185e-5,0.159652,0.417674
27,264,0.00177583,1.70941e-8,1.70941e-8,0.00175834,0.0598724
27,288,1.65958e-5,3.52831e-12,3.52831e-12,1.93657e-5,-0.860888
27,289,303.58,278.925,278.925,301.89,0.0336896
27,290,603.061,474.779,474.779,552.076,0.555868
27,293,936.01,497.752,497.752,771.747,1.28112
27,295,733.393,245.418,245.418,530.032,2.30934
27,312,27.9156,0.601866,0.601866,21.7438,1.70844
27,336,0.301296,0.000124228,0.000124228,0.239478,1.55373
27,360,0.002245,2.56412e-8,2.56412e-8,0.00263751,-0.895749
27,384,2.30219e-5,5.29246e-12,5.29246e-12,2.90485e-5,-1.24875
27,385,402.575,278.925,278.925,301.89,2.00742
27,386,545.421,474.779,474.779,552.076,-0.0725582
27,389,946.146,497.752,497.752,771.747,1.36017
27,391,573.959,245.418,245.418,530.032,0.498825
27,408,24.3792,0.601866,0.601866,21.7438,0.729506
27,432,0.265073,0.000124228,0.000124228,0.239478,0.643312
27,456,0.00278849,2.56412e-8,2.56412e-8,0.00263751,0.344543
27,480,3.00703e-5,5.29246e-12,5.29246e-12,2.90485e-5,0.211715
27,481,406.547,278.925,278.925,301.89,2.08662
27,482,664.975,474.779,474.779,552.076,1.23088
27,485,636.781,497.752,497.752,771.747,-1.05263
27,487,578.028,245.418,245.418,530.032,0.545028
27,504,23.249,0.601866,0.601866,21.7438,0.416667
27,528,0.282519,0.000124228,0.000124228,0.239478,1.0818
27,552,0.00247658,2.56412e-8,2.56412e-8,0.00263751,-0.367258
27,576,2.84911e-5,5.29246e-12,5.29246e-12,2.90485e-5,-0.115492
27,577,344.808,278.925,278.925,301.89,0.855677
27,578,556.785,474.779,474.779,552.076,0.0513382
27,581,867.858,497.752,497.752,771.747,0.749588
27,583,579.415,245.418,245.418,530.032,0.560789
27,600,23.2146,0.601866,0.601866,21.7438,0.407147
27,624,0.200106,0.000124228,0.000124228,0.239478,-0.989566
27,648,0.00280857,2.56412e-8,2.56412e-8,0.00263751,0.39037
28,0,0,0,0,0,0
28,1,39.0393,37.1899,37.1899,35.7718,0.54979
28,2,81.9514,63.3039,63.3039,58.8843,2.35786
28,5,59.5009,66.367,66.367,53.9277,0.622039
28,7,25.8703,32.7224,32.7224,22.5123,0.897813
28,24,0.0169934,0.0802487,0.0802487,0.0134149,1.60561
28,48,3.25822e-7,1.65637e-5,1.65637e-5,3.75736e-7,-0.799577
28,72,1.01216e-11,3.41882e-9,3.41882e-9,1.05239e-11,-0.230113
29,0,0,0,0,0,0
29,1,38.2629,37.1899,37.1899,38.687,-0.0659769
29,2,85.8445,63.3039,63.3039,68.2105,1.55605
29,5,74.5484,66.367,66.367,82.369,-0.57148
29,7,57.9149,32.7224,32.7224,47.9699,1.24785
29,24,0.484818,0.0802487,0.0802487,0.484407,0.00510806
29,48,0.000783397,1.65637e-5,1.65637e-5,0.000737343,0.375946
29,72,1.07858e-6,3.41882e-9,3.41882e-9,1.12235e-6,-0.234756
30,0,0,0,0,0,0
30,1,46.7438,37.1899,37.1899,40.1062,0.996136
30,2,84.7709,63.3039,63.3039,73.0953,0.961416
30,5,118.658,66.367,66.367,100.803,1.06616
30,7,89.4711,32.7224,32.7224,68.2006,1.87722
30,24,2.94915,0.0802487,0.0802487,2.4631,1.18776
30,48,0.0202037,1.65637e-5,1.65637e-5,0.0226613,-0.652759
30,72,0.000202564,3.41882e-9,3.41882e-9,0.000208491,-0.171094
30,96,2.03581e-6,7.05661e-13,7.05661e-13,1.91818e-6,0.369106
30,97,123.144,92.9749,92.9749,100.266,1.3734
30,98,200.308,158.26,158.26,182.738,0.578695
30,101,309.537,165.917,165.917,252.006,1.37408
30,103,193.622,81.806,81.806,170.502,0.816189
30,120,8.3796,0.200622,0.200622,6.15775,2.17179
30,144,0.0619931,4.14093e-5,4.14093e-5,0.0566532,0.567324
30,168,0.000442987,8.54706e-9,8.54706e-9,0.000521227,-0.903494
30,192,4.96413e-6,1.76415e-12,1.76415e-12,4.79545e-6,0.211713
30,193,234.188,185.95,185.95,200.531,1.01023
30,194,404.636,316.519,316.519,365.477,0.644908
30,197,592.622,331.835,331.835,504.013,1.05819
30,199,405.349,163.612,163.612,341.003,1.13575
30,216,14.51,0.401244,0.401244,12.3155,1.07252
30,240,0.115384,8.28185e-5,8.28185e-5,0.113306,0.110359
30,264,0.000855977,1.70941e-8,1.70941e-8,0.00104245,-1.0767
30,288,9.78751e-6,3.52831e-12,3.52831e-12,9.5909e-6,0.123385
30,289,325.099,278.925,278.925,300.797,0.486295
30,290,606.122,474.779,474.779,548.215,0.635776
30,293,808.401,497.752,497.752,756.019,0.417037
30,295,651.401,245.418,245.418,511.505,1.6462
30,312,20.2578,0.601866,0.601866,18.4732,0.581434
30,336,0.178001,0.000124228,0.000124228,0.16996,0.284779
30,360,0.00150244,2.56412e-8,2.56412e-8,0.00156368,-0.235737
30,384,1.46227e-5,5.29246e-12,5.29246e-12,1.43864e-5,0.0988833
30,385,333.847,278.925,278.925,300.797,0.661334
30,386,624.256,474.779,474.779,548.215,0.834872
30,389,914.644,497.752,497.752,756.019,1.26289
30,391,542.734,245.418,245.418,511.505,0.367477
30,408,22.2084,0.601866,0.601866,18.4732,1.21701
30,432,0.194853,0.000124228,0.000124228,0.16996,0.88159
30,456,0.00166912,2.56412e-8,2.56412e-8,0.00156368,0.405842
30,480,1.4401e-5,5.29246e-12,5.29246e-12,1.43864e-5,0.00611594
30,481,292.872,278.925,278.925,300.797,-0.158582
30,482,659.016,474.779,474.779,548.215,1.21652
30,485,932.833,497.752,497.752,756.019,1.40769
30,487,619.013,245.418,245.418,511.505,1.26508
30,504,19.017,0.601866,0.601866,18.4732,0.177182
30,528,0.150775,0.000124228,0.000124228,0.16996,-0.679422
30,552,0.00142165,2.56412e-8,2.56412e-8,0.00156368,-0.546726
30,576,1.37221e-5,5.29246e-12,5.29246e-12,1.43864e-5,-0.277928
30,577,372.281,278.925,278.925,300.797,1.43041
30,578,591.667,474.779,474.779,548.215,0.477073
30,581,942.579,497.752,497.752,756.019,1.48528
30,583,610.094,245.418,245.418,511.505,1.16012
30,600,24.9854,0.601866,0.601866,18.4732,2.12181
30,624,0.174339,0.000124228,0.000124228,0.16996,0.155087
30,648,0.00155765,2.56412e-8,2.56412e-8,0.00156368,-0.0231977