id,time,y1,popPred_medianCOV,popPred,indivPred_SAEM,indWRes_SAEM
1,0,0,0,0,0,0
1,1,3.43489,3.70254,3.70254,3.38394,0.0944943
1,2,5.57171,6.18956,6.18956,5.25219,0.381777
1,5,4.40344,6.03344,6.03344,3.78358,1.02813
1,7,1.31708,2.72223,2.72223,1.15327,0.891378
1,24,4.79037e-5,0.00314045,0.00314045,4.74441e-5,0.0608048
1,48,2.58041e-11,2.23522e-7,2.23522e-7,3.05165e-11,-0.969084
1,72,1.5393e-17,1.59092e-11,1.59092e-11,1.96285e-17,-0.019075
1,96,1.06619e-23,1.13234e-15,1.13234e-15,1.26252e-23,-8.84214e-9
1,97,19.752,18.5127,18.5127,16.9197,1.05052
1,98,28.2723,30.9478,30.9478,26.261,0.480649
1,101,19.4511,30.1672,30.1672,18.9179,0.176869
1,103,6.35463,13.6112,13.6112,5.76637,0.640214
1,120,0.000205939,0.0157022,0.0157022,0.00023722,-0.827531
1,144,1.35703e-10,1.11761e-6,1.11761e-6,1.52582e-10,-0.694247
1,168,7.62009e-17,7.95459e-11,7.95459e-11,9.81424e-17,-0.0988157
1,192,5.30068e-23,5.66169e-15,5.66169e-15,6.31261e-23,-4.55732e-8
1,193,42.6499,37.0254,37.0254,33.8394,1.63394
1,194,59.5839,61.8956,61.8956,52.5219,0.843797
1,197,38.0669,60.3344,60.3344,37.8358,0.0383249
1,199,14.142,27.2223,27.2223,11.5327,1.41985
1,216,0.000536341,0.0314045,0.0314045,0.000474441,0.818787
1,240,3.05979e-10,2.23522e-6,2.23522e-6,3.05165e-10,0.0167558
1,264,1.76723e-16,1.59092e-10,1.59092e-10,1.96285e-16,-0.0881001
1,288,9.16442e-23,1.13234e-14,1.13234e-14,1.26252e-22,-1.5586e-7
1,289,41.4626,37.0254,37.0254,33.8394,1.41375
1,290,67.8207,61.8956,61.8956,52.5219,1.82799
1,293,43.1135,60.3344,60.3344,37.8358,0.875392
1,295,11.7031,27.2223,27.2223,11.5327,0.0926977
1,312,0.000533474,0.0314045,0.0314045,0.000474441,0.780863
1,336,3.07656e-10,2.23522e-6,2.23522e-6,3.05165e-10,0.0512402
1,360,1.5949e-16,1.59092e-10,1.59092e-10,1.96285e-16,-0.165711
1,384,1.11127e-22,1.13234e-14,1.13234e-14,1.26252e-22,-6.81196e-8
1,385,35.6526,37.0254,37.0254,33.8394,0.33628
1,386,62.1076,61.8956,61.8956,52.5219,1.14535
1,389,33.2195,60.3344,60.3344,37.8358,-0.765677
1,391,12.7631,27.2223,27.2223,11.5327,0.669527
1,408,0.000550135,0.0314045,0.0314045,0.000474441,1.00125
1,432,2.7223e-10,2.23522e-6,2.23522e-6,3.05165e-10,-0.67729
1,456,1.498e-16,1.59092e-10,1.59092e-10,1.96285e-16,-0.209351
1,480,1.01893e-22,1.13234e-14,1.13234e-14,1.26252e-22,-1.09703e-7
1,481,35.5951,37.0254,37.0254,33.8394,0.325615
1,482,61.6194,61.8956,61.8956,52.5219,1.08702
1,485,35.4878,60.3344,60.3344,37.8358,-0.389444
1,487,11.1424,27.2223,27.2223,11.5327,-0.21238
1,504,0.000471827,0.0314045,0.0314045,0.000474441,-0.0345748
1,528,2.55689e-10,2.23522e-6,2.23522e-6,3.05165e-10,-1.01746
1,552,1.87021e-16,1.59092e-10,1.59092e-10,1.96285e-16,-0.0417219
1,576,1.03704e-22,1.13234e-14,1.13234e-14,1.26252e-22,-1.01549e-7
1,577,35.6893,37.0254,37.0254,33.8394,0.343068
1,578,63.4585,61.8956,61.8956,52.5219,1.30676
1,581,46.8928,60.3344,60.3344,37.8358,1.50224
1,583,13.3061,27.2223,27.2223,11.5327,0.964969
1,600,0.000511639,0.0314045,0.0314045,0.000474441,0.492037
1,624,3.18718e-10,2.23522e-6,2.23522e-6,3.05165e-10,0.278724
1,648,1.56685e-16,1.59092e-10,1.59092e-10,1.96285e-16,-0.178341
2,0,0,0,0,0,0
2,1,3.68223,3.70254,3.70254,3.8407,-0.258933
2,2,7.68624,6.18956,6.18956,6.62959,1.00024
2,5,6.37129,6.03344,6.03344,7.35235,-0.837391
2,7,5.0402,2.72223,2.72223,3.87675,1.88337
2,24,0.0168285,0.00314045,0.00314045,0.01682,0.00320489
2,48,7.05015e-6,2.23522e-7,2.23522e-7,7.76834e-6,-0.580191
2,72,3.25185e-9,1.59092e-11,1.59092e-11,3.58783e-9,-0.587683
2,96,1.38433e-12,1.13234e-15,1.13234e-15,1.65705e-12,-1.03284
2,97,17.6406,18.5127,18.5127,19.2035,-0.510732
2,98,34.1896,30.9478,30.9478,33.1479,0.197215
2,101,41.3005,30.1672,30.1672,36.7618,0.774805
2,103,24.0308,13.6112,13.6112,19.3838,1.5045
2,120,0.0960113,0.0157022,0.0157022,0.0840998,0.888855
2,144,3.55113e-5,1.11761e-6,1.11761e-6,3.88417e-5,-0.538096
2,168,1.66772e-8,7.95459e-11,7.95459e-11,1.79391e-8,-0.441473
2,192,9.34593e-12,5.66169e-15,5.66169e-15,8.28524e-12,0.803411
2,193,45.8096,37.0254,37.0254,38.407,1.20957
2,194,66.0918,61.8956,61.8956,66.2959,-0.0193152
2,197,105.974,60.3344,60.3344,73.5235,2.76983
2,199,46.1878,27.2223,27.2223,38.7675,1.20118
2,216,0.200256,0.0314045,0.0314045,0.1682,1.19603
2,240,8.9923e-5,2.23522e-6,2.23522e-6,7.76834e-5,0.988772
2,264,3.64509e-8,1.59092e-10,1.59092e-10,3.58783e-8,0.100155
2,288,1.57745e-11,1.13234e-14,1.13234e-14,1.65705e-11,-0.301468
2,289,39.6709,37.0254,37.0254,38.407,0.206519
2,290,65.9438,61.8956,61.8956,66.2959,-0.0333277
2,293,104.54,60.3344,60.3344,73.5235,2.64742
2,295,41.1119,27.2223,27.2223,38.7675,0.3795
2,312,0.201344,0.0314045,0.0314045,0.1682,1.23662
2,336,8.89192e-5,2.23522e-6,2.23522e-6,7.76834e-5,0.907681
2,360,4.1377e-8,1.59092e-10,1.59092e-10,3.58783e-8,0.961806
2,384,1.85433e-11,1.13234e-14,1.13234e-14,1.65705e-11,0.747134
2,385,47.0957,37.0254,37.0254,38.407,1.41971
2,386,85.1347,61.8956,61.8956,66.2959,1.7833
2,389,74.4487,60.3344,60.3344,73.5235,0.0789704
2,391,46.9861,27.2223,27.2223,38.7675,1.33041
2,408,0.206944,0.0314045,0.0314045,0.1682,1.44558
2,432,8.29985e-5,2.23522e-6,2.23522e-6,7.76834e-5,0.429376
2,456,3.41528e-8,1.59092e-10,1.59092e-10,3.58783e-8,-0.301813
2,480,1.60409e-11,1.13234e-14,1.13234e-14,1.65705e-11,-0.200583
2,481,41.5817,37.0254,37.0254,38.407,0.518739
2,482,72.0929,61.8956,61.8956,66.2959,0.548758
2,485,93.6351,60.3344,60.3344,73.5235,1.71663
2,487,53.5362,27.2223,27.2223,38.7675,2.39072
2,504,0.152967,0.0314045,0.0314045,0.1682,-0.568336
2,528,6.81141e-5,2.23522e-6,2.23522e-6,7.76834e-5,-0.773052
2,552,3.19433e-8,1.59092e-10,1.59092e-10,3.58783e-8,-0.688285
2,576,1.61738e-11,1.13234e-14,1.13234e-14,1.65705e-11,-0.150221
2,577,40.0932,37.0254,37.0254,38.407,0.275522
2,578,78.8798,61.8956,61.8956,66.2959,1.19121
2,581,85.8571,60.3344,60.3344,73.5235,1.05274
2,583,42.1466,27.2223,27.2223,38.7675,0.546995
2,600,0.174392,0.0314045,0.0314045,0.1682,0.231033
2,624,7.03732e-5,2.23522e-6,2.23522e-6,7.76834e-5,-0.590551
2,648,3.80767e-8,1.59092e-10,1.59092e-10,3.58783e-8,0.384535
3,0,0,0,0,0,0
3,1,4.78428,3.70254,3.70254,3.95765,1.31078
3,2,6.54962,6.18956,6.18956,7.01841,-0.419171
3,5,9.34018,6.03344,6.03344,8.67433,0.481727
3,7,5.86782,2.72223,2.72223,5.1882,0.822062
3,24,0.0560613,0.00314045,0.00314045,0.0657138,-0.921803
3,48,0.000166398,2.23522e-7,2.23522e-7,0.00013773,1.30623
3,72,3.00763e-7,1.59092e-11,1.59092e-11,2.88671e-7,0.262881
3,96,5.25856e-10,1.13234e-15,1.13234e-15,6.05029e-10,-0.821222
3,97,21.5964,18.5127,18.5127,19.7883,0.573419
3,98,41.4883,30.9478,30.9478,35.092,1.14386
3,101,44.6154,30.1672,30.1672,43.3716,0.179966
3,103,27.8529,13.6112,13.6112,25.941,0.46253
3,120,0.359718,0.0157022,0.0157022,0.328569,0.594936
3,144,0.000714155,1.11761e-6,1.11761e-6,0.000688652,0.23241
3,168,1.56102e-6,7.95459e-11,7.95459e-11,1.44335e-6,0.511604
3,192,2.87209e-9,5.66169e-15,5.66169e-15,3.02515e-9,-0.317519
3,193,44.7281,37.0254,37.0254,39.5765,0.81688
3,194,77.2619,61.8956,61.8956,70.1841,0.632875
3,197,111.48,60.3344,60.3344,86.7433,1.7896
3,199,54.717,27.2223,27.2223,51.882,0.342916
3,216,0.755343,0.0314045,0.0314045,0.657138,0.937858
3,240,0.0014565,2.23522e-6,2.23522e-6,0.0013773,0.360858
3,264,2.85529e-6,1.59092e-10,1.59092e-10,2.88671e-6,-0.0683029
3,288,6.03531e-9,1.13234e-14,1.13234e-14,6.05029e-9,-0.015542
3,289,41.3123,37.0254,37.0254,39.5765,0.275232
3,290,80.2895,61.8956,61.8956,70.1841,0.903598
3,293,96.912,60.3344,60.3344,86.7433,0.735679
3,295,45.6844,27.2223,27.2223,51.882,-0.749667
3,312,0.7492,0.0314045,0.0314045,0.657138,0.879185
3,336,0.00164307,2.23522e-6,2.23522e-6,0.0013773,1.21095
3,360,2.46076e-6,1.59092e-10,1.59092e-10,2.88671e-6,-0.925997
3,384,6.44343e-9,1.13234e-14,1.13234e-14,6.05029e-9,0.407781
3,385,46.2634,37.0254,37.0254,39.5765,1.06033
3,386,91.4439,61.8956,61.8956,70.1841,1.90099
3,389,90.3624,60.3344,60.3344,86.7433,0.261835
3,391,62.8663,27.2223,27.2223,51.882,1.32865
3,408,0.673411,0.0314045,0.0314045,0.657138,0.155406
3,432,0.0013169,2.23522e-6,2.23522e-6,0.0013773,-0.275222
3,456,2.90086e-6,1.59092e-10,1.59092e-10,2.88671e-6,0.0307619
3,480,6.25192e-9,1.13234e-14,1.13234e-14,6.05029e-9,0.209132
3,481,46.7597,37.0254,37.0254,39.5765,1.13903
3,482,76.2796,61.8956,61.8956,70.1841,0.545041
3,485,111.217,60.3344,60.3344,86.7433,1.77062
3,487,57.0477,27.2223,27.2223,51.882,0.624843
3,504,0.773002,0.0314045,0.0314045,0.657138,1.1065
3,528,0.00123564,2.23522e-6,2.23522e-6,0.0013773,-0.645487
3,552,3.00833e-6,1.59092e-10,1.59092e-10,2.88671e-6,0.264409
3,576,5.08232e-9,1.13234e-14,1.13234e-14,6.05029e-9,-1.00403
3,577,43.6161,37.0254,37.0254,39.5765,0.640549
3,578,69.3381,61.8956,61.8956,70.1841,-0.0756449
3,581,133.626,60.3344,60.3344,86.7433,3.39185
3,583,51.6941,27.2223,27.2223,51.882,-0.022726
3,600,0.728896,0.0314045,0.0314045,0.657138,0.685287
3,624,0.00142701,2.23522e-6,2.23522e-6,0.0013773,0.226507
3,648,2.54953e-6,1.59092e-10,1.59092e-10,2.88671e-6,-0.733021
4,0,0,0,0,0,0
4,1,3.7552,3.70254,3.70254,3.63028,0.215938
4,2,8.01978,6.18956,6.18956,5.96761,2.15808
4,5,6.36821,6.03344,6.03344,5.43492,1.07766
4,7,2.70579,2.72223,2.72223,2.25296,1.26136
4,24,0.00132876,0.00314045,0.00314045,0.00126476,0.317567
4,48,3.54253e-8,2.23522e-7,2.23522e-7,3.25627e-8,0.551684
4,72,8.29999e-13,1.59092e-11,1.59092e-11,8.38366e-13,-0.0626291
4,96,1.79599e-17,1.13234e-15,1.13234e-15,2.15847e-17,-0.016325
4,97,20.0551,18.5127,18.5127,18.1514,0.658165
4,98,37.098,30.9478,30.9478,29.8381,1.52694
4,101,33.734,30.1672,30.1672,27.1746,1.5148
4,103,12.4566,13.6112,13.6112,11.2648,0.663961
4,120,0.00638164,0.0157022,0.0157022,0.0063238,0.0574058
4,144,1.79802e-7,1.11761e-6,1.11761e-6,1.62814e-7,0.654806
4,168,4.09334e-12,7.95459e-11,7.95459e-11,4.19183e-12,-0.147447
4,192,1.01133e-16,5.66169e-15,5.66169e-15,1.07924e-16,-0.0305841
4,193,41.6633,37.0254,37.0254,36.3028,0.926652
4,194,75.4335,61.8956,61.8956,59.6761,1.65707
4,197,66.0069,60.3344,60.3344,54.3492,1.34609
4,199,27.9135,27.2223,27.2223,22.5296,1.49971
4,216,0.0158112,0.0314045,0.0314045,0.0126476,1.56974
4,240,3.34443e-7,2.23522e-6,2.23522e-6,3.25627e-7,0.169907
4,264,7.13744e-12,1.59092e-10,1.59092e-10,8.38366e-12,-0.932861
4,288,2.15577e-16,1.13234e-14,1.13234e-14,2.15847e-16,-0.00121749
4,289,93.1244,74.0508,74.0508,72.6056,1.77353
4,290,120.363,123.791,123.791,119.352,0.053162
4,293,133.774,120.669,120.669,108.698,1.4477
4,295,44.9304,54.4447,54.4447,45.0591,-0.0179282
4,312,0.0284894,0.0628089,0.0628089,0.0252952,0.792477
4,336,6.44687e-7,4.47043e-6,4.47043e-6,6.51255e-7,-0.0632875
4,360,1.8384e-11,3.18184e-10,3.18184e-10,1.67673e-11,0.605096
4,384,4.02816e-16,2.26468e-14,2.26468e-14,4.31695e-16,-0.130056
4,385,89.6095,74.0508,74.0508,72.6056,1.46972
4,386,150.406,123.791,123.791,119.352,1.63284
4,389,97.2054,120.669,120.669,108.698,-0.663544
4,391,54.7354,54.4447,54.4447,45.0591,1.34767
4,408,0.0254405,0.0628089,0.0628089,0.0252952,0.0360499
4,432,5.87225e-7,4.47043e-6,4.47043e-6,6.51255e-7,-0.617006
4,456,1.67279e-11,3.18184e-10,3.18184e-10,1.67673e-11,-0.014768
4,480,3.96422e-16,2.26468e-14,2.26468e-14,4.31695e-16,-0.158854
4,481,83.8512,74.0508,74.0508,72.6056,0.972
4,482,146.118,123.791,123.791,119.352,1.40739
4,485,128.923,120.669,120.669,108.698,1.16767
4,487,46.6557,54.4447,54.4447,45.0591,0.222363
4,504,0.0274439,0.0628089,0.0628089,0.0252952,0.533076
4,528,7.08281e-7,4.47043e-6,4.47043e-6,6.51255e-7,0.549523
4,552,1.37754e-11,3.18184e-10,3.18184e-10,1.67673e-11,-1.11982
4,576,3.90087e-16,2.26468e-14,2.26468e-14,4.31695e-16,-0.187385
4,577,75.4883,74.0508,74.0508,72.6056,0.249161
4,578,146.479,123.791,123.791,119.352,1.42633
4,581,132.114,120.669,120.669,108.698,1.35188
4,583,47.8065,54.4447,54.4447,45.0591,0.382644
4,600,0.0283432,0.0628089,0.0628089,0.0252952,0.756211
4,624,7.1236e-7,4.47043e-6,4.47043e-6,6.51255e-7,0.588821
4,648,1.72593e-11,3.18184e-10,3.18184e-10,1.67673e-11,0.184145
5,0,0,0,0,0,0
5,1,4.57355,3.70254,3.70254,4.04781,0.815099
5,2,8.77539,6.18956,6.18956,7.32851,1.23901
5,5,12.7215,6.03344,6.03344,9.8414,1.83656
5,7,8.00896,2.72223,2.72223,6.46473,1.49906
5,24,0.190665,0.00314045,0.00314045,0.181655,0.311256
5,48,0.00112949,2.23522e-7,2.23522e-7,0.00117266,-0.231051
5,72,6.47209e-6,1.59092e-11,1.59092e-11,7.57003e-6,-0.9102
5,96,4.90989e-8,1.13234e-15,1.13234e-15,4.88678e-8,0.0296744
5,97,23.7599,18.5127,18.5127,20.239,1.09174
5,98,41.0587,30.9478,30.9478,36.6426,0.756339
5,101,58.5018,30.1672,30.1672,49.207,1.18541
5,103,37.4102,13.6112,13.6112,32.3237,0.987555
5,120,1.0692,0.0157022,0.0157022,0.908275,1.11189
5,144,0.00748646,1.11761e-6,1.11761e-6,0.00586331,1.7373
5,168,3.56943e-5,7.95459e-11,7.95459e-11,3.78502e-5,-0.357449
5,192,2.65056e-7,5.66169e-15,5.66169e-15,2.44339e-7,0.532091
5,193,41.2373,37.0254,37.0254,40.4781,0.117701
5,194,77.5635,61.8956,61.8956,73.2851,0.366373
5,197,110.851,60.3344,60.3344,98.414,0.793085
5,199,66.0854,27.2223,27.2223,64.6473,0.139602
5,216,1.99403,0.0314045,0.0314045,1.81655,0.613139
5,240,0.0137907,2.23522e-6,2.23522e-6,0.0117266,1.10464
5,264,7.67629e-5,1.59092e-10,1.59092e-10,7.57003e-5,0.0880904
5,288,4.75612e-7,1.13234e-14,1.13234e-14,4.88678e-7,-0.167792
5,289,78.6461,74.0508,74.0508,80.9562,-0.179076
5,290,159.222,123.791,123.791,146.57,0.541718
5,293,215.329,120.669,120.669,196.828,0.589886
5,295,118.763,54.4447,54.4447,129.295,-0.511193
5,312,3.21463,0.0628089,0.0628089,3.6331,-0.722844
5,336,0.0223872,4.47043e-6,4.47043e-6,0.0234532,-0.285257
5,360,0.000152586,3.18184e-10,3.18184e-10,0.000151401,0.0491515
5,384,7.50929e-7,2.26468e-14,2.26468e-14,9.77356e-7,-1.4539
5,385,84.7014,74.0508,74.0508,80.9562,0.29032
5,386,163.635,123.791,123.791,146.57,0.730643
5,389,214.813,120.669,120.669,196.828,0.573439
5,391,169.412,54.4447,54.4447,129.295,1.94717
5,408,3.70359,0.0628089,0.0628089,3.6331,0.121756
5,432,0.020977,4.47043e-6,4.47043e-6,0.0234532,-0.662597
5,456,0.000174674,3.18184e-10,3.18184e-10,0.000151401,0.964705
5,480,9.45219e-7,2.26468e-14,2.26468e-14,9.77356e-7,-0.206355
5,481,91.7424,74.0508,74.0508,80.9562,0.836135
5,482,161.825,123.791,123.791,146.57,0.653173
5,485,209.823,120.669,120.669,196.828,0.414342
5,487,137.619,54.4447,54.4447,129.295,0.404065
5,504,4.44498,0.0628089,0.0628089,3.6331,1.40239
5,528,0.0241526,4.47043e-6,4.47043e-6,0.0234532,0.187131
5,552,0.000174058,3.18184e-10,3.18184e-10,0.000151401,0.939175
5,576,8.26432e-7,2.26468e-14,2.26468e-14,9.77356e-7,-0.969087
5,577,92.4047,74.0508,74.0508,80.9562,0.887472
5,578,190.157,123.791,123.791,146.57,1.86625
5,581,220.052,120.669,120.669,196.828,0.740457
5,583,150.457,54.4447,54.4447,129.295,1.02719
5,600,3.45707,0.0628089,0.0628089,3.6331,-0.304067
5,624,0.0254173,4.47043e-6,4.47043e-6,0.0234532,0.52555
5,648,0.000163223,3.18184e-10,3.18184e-10,0.000151401,0.490029
6,0,0,0,0,0,0
6,1,3.88307,3.70254,3.70254,3.30844,1.08998
6,2,7.21693,6.18956,6.18956,5.04544,2.70095
6,5,3.4771,6.03344,6.03344,3.37914,0.181914
6,7,0.965913,2.72223,2.72223,0.931453,0.232175
6,24,1.56939e-5,0.00314045,0.00314045,1.62994e-5,-0.233104
6,48,3.01877e-12,2.23522e-7,2.23522e-7,3.13632e-12,-0.235216
6,72,5.81934e-19,1.59092e-11,1.59092e-11,6.0349e-19,-9.70798e-5
6,96,8.25844e-26,1.13234e-15,1.13234e-15,1.16123e-25,-1.51046e-10
6,97,20.4479,18.5127,18.5127,16.5422,1.4817
6,98,31.1089,30.9478,30.9478,25.2272,1.46316
6,101,20.4603,30.1672,30.1672,16.8957,1.32401
6,103,5.89938,13.6112,13.6112,4.65726,1.67375
6,120,9.37243e-5,0.0157022,0.0157022,8.14969e-5,0.941562
6,144,1.61619e-11,1.11761e-6,1.11761e-6,1.56816e-11,0.192216
6,168,2.43688e-18,7.95459e-11,7.95459e-11,3.01745e-18,-0.00261468
6,192,3.86433e-25,5.66169e-15,5.66169e-15,5.80617e-25,-8.74529e-10
6,193,37.4504,37.0254,37.0254,33.0844,0.828177
6,194,58.1176,61.8956,61.8956,50.4544,0.95316
6,197,34.7411,60.3344,60.3344,33.7914,0.176364
6,199,11.8844,27.2223,27.2223,9.31453,1.73145
6,216,0.000145459,0.0314045,0.0314045,0.000162994,-0.675129
6,240,2.81198e-11,2.23522e-6,2.23522e-6,3.13632e-11,-0.648993
6,264,4.13894e-18,1.59092e-10,1.59092e-10,6.0349e-18,-0.00853864
6,288,8.42204e-25,1.13234e-14,1.13234e-14,1.16123e-24,-1.43678e-9
6,289,82.333,74.0508,74.0508,66.1688,1.53306
6,290,113.228,123.791,123.791,100.909,0.766141
6,293,80.304,120.669,120.669,67.5829,1.18126
6,295,20.7038,54.4447,54.4447,18.6291,0.698915
6,312,0.000368627,0.0628089,0.0628089,0.000325988,0.820858
6,336,5.05821e-11,4.47043e-6,4.47043e-6,6.27264e-11,-1.21501
6,360,1.05712e-17,3.18184e-10,3.18184e-10,1.20698e-17,-0.00674892
6,384,1.59502e-24,2.26468e-14,2.26468e-14,2.32247e-24,-3.27613e-9
6,385,66.5716,74.0508,74.0508,66.1688,0.0382075
6,386,106.396,123.791,123.791,100.909,0.341241
6,389,72.7998,120.669,120.669,67.5829,0.484431
6,391,21.3314,54.4447,54.4447,18.6291,0.910349
6,408,0.000408643,0.0628089,0.0628089,0.000325988,1.59122
6,432,5.9325e-11,4.47043e-6,4.47043e-6,6.27264e-11,-0.340303
6,456,1.08419e-17,3.18184e-10,3.18184e-10,1.20698e-17,-0.00553011
6,480,1.92904e-24,2.26468e-14,2.26468e-14,2.32247e-24,-1.77184e-9
6,481,84.6785,74.0508,74.0508,66.1688,1.75552
6,482,101.336,123.791,123.791,100.909,0.0265727
6,485,87.7476,120.669,120.669,67.5829,1.87246
6,487,20.7893,54.4447,54.4447,18.6291,0.727742
6,504,0.000341553,0.0628089,0.0628089,0.000325988,0.299657
6,528,6.28816e-11,4.47043e-6,4.47043e-6,6.27264e-11,0.0155229
6,552,1.13381e-17,3.18184e-10,3.18184e-10,1.20698e-17,-0.00329541
6,576,1.94712e-24,2.26468e-14,2.26468e-14,2.32247e-24,-1.69041e-9
6,577,71.765,74.0508,74.0508,66.1688,0.530759
6,578,127.856,123.791,123.791,100.909,1.67586
6,581,71.3447,120.669,120.669,67.5829,0.349312
6,583,19.6421,54.4447,54.4447,18.6291,0.341258
6,600,0.000408533,0.0628089,0.0628089,0.000325988,1.5891
6,624,6.42798e-11,4.47043e-6,4.47043e-6,6.27264e-11,0.155413
6,648,1.26609e-17,3.18184e-10,3.18184e-10,1.20698e-17,0.0026621
7,0,0,0,0,0,0
7,1,4.17465,3.70254,3.70254,3.90789,0.428375
7,2,7.46244,6.18956,6.18956,6.85113,0.559953
7,5,10.1102,6.03344,6.03344,8.08686,1.57013
7,7,6.12086,2.72223,2.72223,4.58718,2.09821
7,24,0.0402971,0.00314045,0.00314045,0.0370299,0.553704
7,48,4.23634e-5,2.23522e-7,2.23522e-7,4.10902e-5,0.194461
7,72,4.54308e-8,1.59092e-11,1.59092e-11,4.55957e-8,-0.0227008
7,96,4.59588e-11,1.13234e-15,1.13234e-15,5.05953e-11,-0.575091
7,97,20.0399,18.5127,18.5127,19.5395,0.160719
7,98,38.16,30.9478,30.9478,34.2557,0.71528
7,101,40.9337,30.1672,30.1672,40.4343,0.0775044
7,103,27.8761,13.6112,13.6112,22.9359,1.35171
7,120,0.206003,0.0157022,0.0157022,0.185149,0.706834
7,144,0.000208816,1.11761e-6,1.11761e-6,0.000205451,0.102779
7,168,2.74942e-7,7.95459e-11,7.95459e-11,2.27979e-7,1.29277
7,192,2.77095e-10,5.66169e-15,5.66169e-15,2.52976e-10,0.598306
7,193,43.6275,37.0254,37.0254,39.0789,0.730452
7,194,81.0735,61.8956,61.8956,68.5113,1.15069
7,197,104.215,60.3344,60.3344,80.8686,1.81176
7,199,51.4616,27.2223,27.2223,45.8718,0.76473
7,216,0.386222,0.0314045,0.0314045,0.370299,0.269864
7,240,0.000454647,2.23522e-6,2.23522e-6,0.000410902,0.668108
7,264,4.38082e-7,1.59092e-10,1.59092e-10,4.55957e-7,-0.246019
7,288,3.88483e-10,1.13234e-14,1.13234e-14,5.05953e-10,-1.45705
7,289,107.437,92.5634,92.5634,97.6973,0.625605
7,290,187.664,154.739,154.739,171.278,0.600355
7,293,208.869,150.836,150.836,202.172,0.207898
7,295,121.586,68.0559,68.0559,114.679,0.37795
7,312,0.907054,0.0785112,0.0785112,0.925747,-0.126718
7,336,0.00107607,5.58804e-6,5.58804e-6,0.00102725,0.298232
7,360,1.23943e-6,3.97729e-10,3.97729e-10,1.13989e-6,0.547991
7,384,1.16129e-9,2.83084e-14,2.83084e-14,1.26488e-9,-0.513964
7,385,120.891,92.5634,92.5634,97.6973,1.48985
7,386,154.509,154.739,154.739,171.278,-0.614425
7,389,274.624,150.836,150.836,202.172,2.24901
7,391,124.568,68.0559,68.0559,114.679,0.54114
7,408,1.20184,0.0785112,0.0785112,0.925747,1.87164
7,432,0.00120693,5.58804e-6,5.58804e-6,0.00102725,1.09767
7,456,1.13905e-6,3.97729e-10,3.97729e-10,1.13989e-6,-0.00466605
7,480,1.20479e-9,2.83084e-14,2.83084e-14,1.26488e-9,-0.298127
7,481,99.4916,92.5634,92.5634,97.6973,0.115258
7,482,184.934,154.739,154.739,171.278,0.500356
7,485,244.431,150.836,150.836,202.172,1.31177
7,487,134.602,68.0559,68.0559,114.679,1.09023
7,504,0.914756,0.0785112,0.0785112,0.925747,-0.0745041
7,528,0.00107799,5.58804e-6,5.58804e-6,0.00102725,0.309932
7,552,9.96172e-7,3.97729e-10,3.97729e-10,1.13989e-6,-0.791248
7,576,1.1984e-9,2.83084e-14,2.83084e-14,1.26488e-9,-0.329819
7,577,102.831,92.5634,92.5634,97.6973,0.329738
7,578,196.213,154.739,154.739,171.278,0.913609
7,581,263.622,150.836,150.836,202.172,1.9075
7,583,154.527,68.0559,68.0559,114.679,2.1806
7,600,1.22135,0.0785112,0.0785112,0.925747,2.00388
7,624,0.00117905,5.58804e-6,5.58804e-6,0.00102725,0.927362
7,648,1.02613e-6,3.97729e-10,3.97729e-10,1.13989e-6,-0.626321
8,0,0,0,0,0,0
8,1,3.31179,3.70254,3.70254,3.49472,-0.328499
8,2,6.62403,6.18956,6.18956,5.56613,1.19275
8,5,5.13765,6.03344,6.03344,4.45823,0.956372
8,7,1.57741,2.72223,2.72223,1.56627,0.0446355
8,24,0.00019623,0.00314045,0.00314045,0.000215448,-0.559801
8,48,6.06595e-10,2.23522e-7,2.23522e-7,7.61696e-10,-1.27788
8,72,2.72402e-15,1.59092e-11,1.59092e-11,2.6929e-15,0.0725235
8,96,7.11401e-21,1.13234e-15,1.13234e-15,9.52048e-21,-1.08378e-5
8,97,20.3053,18.5127,18.5127,17.4736,1.01699
8,98,28.8609,30.9478,30.9478,27.8306,0.232314
8,101,24.2924,30.1672,30.1672,22.2912,0.563391
8,103,8.60083,13.6112,13.6112,7.83134,0.616629
8,120,0.00126545,0.0157022,0.0157022,0.00107724,1.09643
8,144,3.73247e-9,1.11761e-6,1.11761e-6,3.80848e-9,-0.125248
8,168,1.28786e-14,7.95459e-11,7.95459e-11,1.34645e-14,-0.273087
8,192,3.90194e-20,5.66169e-15,5.66169e-15,4.76024e-20,-3.86544e-5
8,193,37.3453,37.0254,37.0254,34.9472,0.430625
8,194,62.9471,61.8956,61.8956,55.6613,0.821449
8,197,52.3394,60.3344,60.3344,44.5823,1.09193
8,199,17.6348,27.2223,27.2223,15.6627,0.790183
8,216,0.00264651,0.0314045,0.0314045,0.00215448,1.43317
8,240,7.44353e-9,2.23522e-6,2.23522e-6,7.61696e-9,-0.142889
8,264,2.44046e-14,1.59092e-10,1.59092e-10,2.6929e-14,-0.588306
8,288,7.65162e-20,1.13234e-14,1.13234e-14,9.52048e-20,-8.41659e-5
8,289,118.064,92.5634,92.5634,87.3681,2.20485
8,290,175.262,154.739,154.739,139.153,1.62845
8,293,135.649,150.836,150.836,111.456,1.36223
8,295,44.8463,68.0559,68.0559,39.1567,0.911866
8,312,0.00589064,0.0785112,0.0785112,0.00538621,0.587724
8,336,1.89927e-8,5.58804e-6,5.58804e-6,1.90424e-8,-0.0163833
8,360,6.46567e-14,3.97729e-10,3.97729e-10,6.73225e-14,-0.248497
8,384,2.20663e-19,2.83084e-14,2.83084e-14,2.38012e-19,-7.81346e-5
8,385,95.8477,92.5634,92.5634,87.3681,0.609089
8,386,172.811,154.739,154.739,139.153,1.51791
8,389,135.257,150.836,150.836,111.456,1.34016
8,391,47.4531,68.0559,68.0559,39.1567,1.32966
8,408,0.00641714,0.0785112,0.0785112,0.00538621,1.20117
8,432,2.3498e-8,5.58804e-6,5.58804e-6,1.90424e-8,1.46839
8,456,6.51305e-14,3.97729e-10,3.97729e-10,6.73225e-14,-0.204339
8,480,1.98856e-19,2.83084e-14,2.83084e-14,2.38012e-19,-0.000176342
8,481,100.48,92.5634,92.5634,87.3681,0.941829
8,482,152.117,154.739,154.739,139.153,0.584661
8,485,138.347,150.836,150.836,111.456,1.51416
8,487,49.3721,68.0559,68.0559,39.1567,1.63722
8,504,0.00589836,0.0785112,0.0785112,0.00538621,0.596718
8,528,1.9622e-8,5.58804e-6,5.58804e-6,1.90424e-8,0.190995
8,552,5.29532e-14,3.97729e-10,3.97729e-10,6.73225e-14,-1.33947
8,576,2.06011e-19,2.83084e-14,2.83084e-14,2.38012e-19,-0.000144121
8,577,102.086,92.5634,92.5634,87.3681,1.05717
8,578,176.368,154.739,154.739,139.153,1.67836
8,581,124.282,150.836,150.836,111.456,0.722176
8,583,43.0763,68.0559,68.0559,39.1567,0.628193
8,600,0.00536828,0.0785112,0.0785112,0.00538621,-0.0208906
8,624,1.62572e-8,5.58804e-6,5.58804e-6,1.90424e-8,-0.917879
8,648,6.63637e-14,3.97729e-10,3.97729e-10,6.73225e-14,-0.0893837
9,0,0,0,0,0,0
9,1,4.42451,3.70254,3.70254,3.91254,0.821189
9,2,8.79742,6.18956,6.18956,6.86663,1.7646
9,5,10.2738,6.03344,6.03344,8.14009,1.64496
9,7,5.43088,2.72223,2.72223,4.64045,1.06895
9,24,0.0394264,0.00314045,0.00314045,0.0390816,0.0553656
9,48,4.06075e-5,2.23522e-7,2.23522e-7,4.60408e-5,-0.740593
9,72,5.86029e-8,1.59092e-11,1.59092e-11,5.42392e-8,0.504899
9,96,6.77545e-11,1.13234e-15,1.13234e-15,6.38974e-11,0.378821
9,97,28.5913,18.5127,18.5127,19.5627,2.89632
9,98,37.9087,30.9478,30.9478,34.3332,0.653556
9,101,43.322,30.1672,30.1672,40.7004,0.404217
9,103,25.9802,13.6112,13.6112,23.2022,0.751379
9,120,0.180542,0.0157022,0.0157022,0.195408,-0.477427
9,144,0.000226073,1.11761e-6,1.11761e-6,0.000230204,-0.112601
9,168,2.75677e-7,7.95459e-11,7.95459e-11,2.71196e-7,0.103686
9,192,2.53364e-10,5.66169e-15,5.66169e-15,3.19487e-10,-1.29884
9,193,43.2123,37.0254,37.0254,39.1254,0.655538
9,194,82.1377,61.8956,61.8956,68.6663,1.2312
9,197,108.56,60.3344,60.3344,81.4009,2.09382
9,199,44.8037,27.2223,27.2223,46.4045,-0.21649
9,216,0.439117,0.0314045,0.0314045,0.390816,0.775602
9,240,0.000520523,2.23522e-6,2.23522e-6,0.000460408,0.819404
9,264,6.31111e-7,1.59092e-10,1.59092e-10,5.42392e-7,1.02651
9,288,5.37326e-10,1.13234e-14,1.13234e-14,6.38974e-10,-0.998326
9,289,113.666,92.5634,92.5634,97.8135,1.01707
9,290,214.851,154.739,154.739,171.666,1.57873
9,293,201.091,150.836,150.836,203.502,-0.074352
9,295,121.094,68.0559,68.0559,116.011,0.274942
9,312,1.10639,0.0785112,0.0785112,0.97704,0.830852
9,336,0.00136556,5.58804e-6,5.58804e-6,0.00115102,1.16973
9,360,1.27517e-6,3.97729e-10,3.97729e-10,1.35598e-6,-0.374008
9,384,1.78707e-9,2.83084e-14,2.83084e-14,1.59744e-9,0.745002
9,385,112.955,92.5634,92.5634,97.8135,0.971445
9,386,160.034,154.739,154.739,171.666,-0.425236
9,389,238.716,150.836,150.836,203.502,1.08591
9,391,128.3,68.0559,68.0559,116.011,0.664781
9,408,1.20518,0.0785112,0.0785112,0.97704,1.46536
9,432,0.00137623,5.58804e-6,5.58804e-6,0.00115102,1.22791
9,456,1.40307e-6,3.97729e-10,3.97729e-10,1.35598e-6,0.217944
9,480,1.56679e-9,2.83084e-14,2.83084e-14,1.59744e-9,-0.120381
9,481,98.0958,92.5634,92.5634,97.8135,0.018115
9,482,196.382,154.739,154.739,171.666,0.903559
9,485,232.287,150.836,150.836,203.502,0.887665
9,487,152.178,68.0559,68.0559,116.011,1.95644
9,504,1.18734,0.0785112,0.0785112,0.97704,1.35076
9,528,0.00105624,5.58804e-6,5.58804e-6,0.00115102,-0.516733
9,552,9.78261e-7,3.97729e-10,3.97729e-10,1.35598e-6,-1.74812
9,576,1.42104e-9,2.83084e-14,2.83084e-14,1.59744e-9,-0.692994
9,577,138.179,92.5634,92.5634,97.8135,2.58979
9,578,200.572,154.739,154.739,171.666,1.05674
9,581,229.912,150.836,150.836,203.502,0.81442
9,583,126.991,68.0559,68.0559,116.011,0.593932
9,600,1.43697,0.0785112,0.0785112,0.97704,2.95415
9,624,0.00119861,5.58804e-6,5.58804e-6,0.00115102,0.259449
9,648,1.39028e-6,3.97729e-10,3.97729e-10,1.35598e-6,0.158759
10,0,0,0,0,0,0
10,1,20.641,18.5127,18.5127,17.0755,1.3104
10,2,28.7373,30.9478,30.9478,26.6962,0.479833
10,5,24.383,30.1672,30.1672,19.8157,1.44646
10,7,6.58516,13.6112,13.6112,6.2903,0.294177
10,24,0.000386313,0.0157022,0.0157022,0.000365419,0.358826
10,48,3.72291e-10,1.11761e-6,1.11761e-6,3.82583e-10,-0.168825
10,72,3.53585e-16,7.95459e-11,7.95459e-11,4.00553e-16,-0.211523
11,0,0,0,0,0,0
11,1,22.68,18.5127,18.5127,19.7694,0.923918
11,2,43.3239,30.9478,30.9478,35.0282,1.48624
11,5,54.8022,30.1672,30.1672,43.1424,1.69606
11,7,28.0066,13.6112,13.6112,25.7014,0.562878
11,24,0.413981,0.0157022,0.0157022,0.314704,1.97974
11,48,0.000693343,1.11761e-6,1.11761e-6,0.000628824,0.643895
11,72,1.10921e-6,7.95459e-11,7.95459e-11,1.25648e-6,-0.735569
11,96,2.01426e-9,5.66169e-15,5.66169e-15,2.51064e-9,-1.24075
11,97,47.709,37.0254,37.0254,39.5389,1.29677
11,98,75.2568,61.8956,61.8956,70.0565,0.465843
11,101,108.936,60.3344,60.3344,86.2849,1.64746
11,103,54.8735,27.2223,27.2223,51.4028,0.423724
11,120,0.743406,0.0314045,0.0314045,0.629407,1.13665
11,144,0.0011269,2.23522e-6,2.23522e-6,0.00125765,-0.652437
11,168,2.37013e-6,1.59092e-10,1.59092e-10,2.51297e-6,-0.35671
11,192,4.66573e-9,1.13234e-14,1.13234e-14,5.02128e-9,-0.444365
11,193,99.2599,92.5634,92.5634,98.8471,0.0262071
11,194,201.055,154.739,154.739,175.141,0.928532
11,197,236.652,150.836,150.836,215.712,0.609191
11,199,176.487,68.0559,68.0559,128.507,2.34311
11,216,1.7479,0.0785112,0.0785112,1.57352,0.695485
11,240,0.00285009,5.58804e-6,5.58804e-6,0.00314412,-0.586881
11,264,5.53526e-6,3.97729e-10,3.97729e-10,6.28242e-6,-0.746346
11,288,1.20859e-8,2.83084e-14,2.83084e-14,1.25532e-8,-0.233624
11,289,226.431,185.127,185.127,197.694,0.912233
11,290,457.82,309.478,309.478,350.282,1.92663
11,293,446.976,301.672,301.672,431.424,0.226216
11,295,296.285,136.112,136.112,257.014,0.958896
11,312,3.62352,0.157022,0.157022,3.14704,0.95017
11,336,0.00679759,1.11761e-5,1.11761e-5,0.00628824,0.508331
11,360,1.2759e-5,7.95459e-10,7.95459e-10,1.25648e-5,0.0969559
11,384,2.14987e-8,5.66169e-14,5.66169e-14,2.51064e-8,-0.901779
11,385,231.102,185.127,185.127,197.694,1.0605
11,386,403.712,309.478,309.478,350.282,0.95725
11,389,488.341,301.672,301.672,431.424,0.827919
11,391,276.739,136.112,136.112,257.014,0.481623
11,408,3.58281,0.157022,0.157022,3.14704,0.868991
11,432,0.00867529,1.11761e-5,1.11761e-5,0.00628824,2.38226
11,456,1.19124e-5,7.95459e-10,7.95459e-10,1.25648e-5,-0.325871
11,480,2.05089e-8,5.66169e-14,5.66169e-14,2.51064e-8,-1.14918
11,481,248.274,185.127,185.127,197.694,1.6056
11,482,433.52,309.478,309.478,350.282,1.49127
11,485,516.424,301.672,301.672,431.424,1.23643
11,487,248.04,136.112,136.112,257.014,-0.219115
11,504,3.28247,0.157022,0.157022,3.14704,0.270069
11,528,0.00783014,1.11761e-5,1.11761e-5,0.00628824,1.5388
11,552,1.3252e-5,7.95459e-10,7.95459e-10,1.25648e-5,0.343222
11,576,2.79916e-8,5.66169e-14,5.66169e-14,2.51064e-8,0.72119
11,577,223.921,185.127,185.127,197.694,0.832529
11,578,358.198,309.478,309.478,350.282,0.141817
11,581,429.567,301.672,301.672,431.424,-0.027014
11,583,267.394,136.112,136.112,257.014,0.253442
11,600,3.86907,0.157022,0.157022,3.14704,1.43983
11,624,0.00697716,1.11761e-5,1.11761e-5,0.00628824,0.687534
11,648,1.26118e-5,7.95459e-10,7.95459e-10,1.25648e-5,0.0234631
12,0,0,0,0,0,0
12,1,24.4267,18.5127,18.5127,19.5561,1.56298
12,2,44.1414,30.9478,30.9478,34.3112,1.79797
12,5,36.8596,30.1672,30.1672,40.6249,-0.581656
12,7,29.2008,13.6112,13.6112,23.1265,1.64832
12,24,0.193997,0.0157022,0.0157022,0.192447,0.050556
12,48,0.000206129,1.11761e-6,1.11761e-6,0.000222908,-0.472371
12,72,2.61755e-7,7.95459e-11,7.95459e-11,2.5819e-7,0.0866507
13,0,0,0,0,0,0
13,1,19.168,18.5127,18.5127,17.2302,0.705774
13,2,28.3736,30.9478,30.9478,27.1332,0.2869
13,5,27.0237,30.1672,30.1672,20.7459,1.89902
13,7,7.51157,13.6112,13.6112,6.85297,0.603119
13,24,0.000607149,0.0157022,0.0157022,0.000558369,0.548246
13,48,1.0538e-9,1.11761e-6,1.11761e-6,9.42488e-10,0.741154
13,72,1.35751e-15,7.95459e-11,7.95459e-11,1.59086e-15,-0.920496
13,96,2.45892e-21,5.66169e-15,5.66169e-15,2.68525e-21,-1.0193e-6
13,97,46.5952,37.0254,37.0254,34.4605,2.20987
13,98,58.0668,61.8956,61.8956,54.2663,0.4395
13,101,48.1566,60.3344,60.3344,41.4918,1.00805
13,103,12.617,27.2223,27.2223,13.7059,-0.498618
13,120,0.00136615,0.0314045,0.0314045,0.00111674,1.40158
13,144,1.7917e-9,2.23522e-6,2.23522e-6,1.88498e-9,-0.310559
13,168,2.90061e-15,1.59092e-10,1.59092e-10,3.18171e-15,-0.554446
13,192,4.90342e-21,1.13234e-14,1.13234e-14,5.37051e-21,-2.10358e-6
13,193,104.702,92.5634,92.5634,86.1511,1.35136
13,194,121.359,154.739,154.739,135.666,-0.661802
13,197,129.311,150.836,150.836,103.73,1.54769
13,199,41.0423,68.0559,68.0559,34.2648,1.24129
13,216,0.00371851,0.0785112,0.0785112,0.00279185,2.08298
13,240,4.3324e-9,5.58804e-6,5.58804e-6,4.71244e-9,-0.506111
13,264,7.46876e-15,3.97729e-10,3.97729e-10,7.95428e-15,-0.383054
13,288,1.23248e-20,2.83084e-14,2.83084e-14,1.34263e-20,-4.96044e-6
13,289,207.529,185.127,185.127,172.302,1.28303
13,290,309.216,309.478,309.478,271.332,0.876222
13,293,208.691,301.672,301.672,207.459,0.0372696
13,295,62.2706,136.112,136.112,68.5297,-0.573177
13,312,0.0056146,0.157022,0.157022,0.00558369,0.0347414
13,336,1.00326e-8,1.11761e-5,1.11761e-5,9.42488e-9,0.404633
13,360,1.77338e-14,7.95459e-10,7.95459e-10,1.59086e-14,0.720019
13,384,2.70699e-20,5.66169e-14,5.66169e-14,2.68525e-20,9.78914e-7
13,385,189.332,185.127,185.127,172.302,0.620262
13,386,307.565,309.478,309.478,271.332,0.83804
13,389,243.308,301.672,301.672,207.459,1.08442
13,391,69.8442,136.112,136.112,68.5297,0.120381
13,408,0.00603246,0.157022,0.157022,0.00558369,0.504383
13,432,9.2555e-9,1.11761e-5,1.11761e-5,9.42488e-9,-0.112786
13,456,1.78042e-14,7.95459e-10,7.95459e-10,1.59086e-14,0.747794
13,480,2.47276e-20,5.66169e-14,5.66169e-14,2.68525e-20,-9.57003e-6
13,481,228.466,185.127,185.127,172.302,2.04562
13,482,309.112,309.478,309.478,271.332,0.873827
13,485,226.496,301.672,301.672,207.459,0.575867
13,487,74.9846,136.112,136.112,68.5297,0.591109
13,504,0.00689037,0.157022,0.157022,0.00558369,1.4686
13,528,9.58203e-9,1.11761e-5,1.11761e-5,9.42488e-9,0.104633
13,552,1.35481e-14,7.95459e-10,7.95459e-10,1.59086e-14,-0.931171
13,576,2.7255e-20,5.66169e-14,5.66169e-14,2.68525e-20,1.8124e-6
13,577,200.395,185.127,185.127,172.302,1.02321
13,578,351.005,309.478,309.478,271.332,1.84276
13,581,248.899,301.672,301.672,207.459,1.25354
13,583,87.4889,136.112,136.112,68.5297,1.7362
13,600,0.00645621,0.157022,0.157022,0.00558369,0.980638
13,624,9.90662e-9,1.11761e-5,1.11761e-5,9.42488e-9,0.320768
13,648,1.43346e-14,7.95459e-10,7.95459e-10,1.59086e-14,-0.620899
14,0,0,0,0,0,0
14,1,16.7495,18.5127,18.5127,15.5079,0.502441
14,2,27.5972,30.9478,30.9478,22.5402,1.40796
14,5,13.4165,30.1672,30.1672,12.3232,0.556753
14,7,3.26978,13.6112,13.6112,2.53411,1.82185
14,24,3.83849e-6,0.0157022,0.0157022,3.67433e-6,0.280368
14,48,2.1417e-14,1.11761e-6,1.11761e-6,2.10079e-14,0.122197
14,72,1.05288e-22,7.95459e-11,7.95459e-11,1.20112e-22,-6.67637e-8
14,96,5.53821e-31,5.66169e-15,5.66169e-15,6.8674e-31,-5.98615e-16
14,97,34.2366,37.0254,37.0254,31.0157,0.651703
14,98,56.223,61.8956,61.8956,45.0805,1.55115
14,101,26.12,60.3344,60.3344,24.6465,0.375206
14,103,7.04565,27.2223,27.2223,5.06822,2.44852
14,120,5.96169e-6,0.0314045,0.0314045,7.34867e-6,-1.18445
14,144,4.21951e-14,2.23522e-6,2.23522e-6,4.20159e-14,0.0267766
14,168,2.78527e-22,1.59092e-10,1.59092e-10,2.40225e-22,1.72497e-7
14,192,1.15408e-30,1.13234e-14,1.13234e-14,1.37348e-30,-9.88072e-16
14,193,86.5621,92.5634,92.5634,77.5393,0.730261
14,194,126.178,154.739,154.739,112.701,0.750443
14,197,66.307,150.836,150.836,61.6162,0.477754
14,199,13.8051,68.0559,68.0559,12.6705,0.561951
14,216,2.0437e-5,0.0785112,0.0785112,1.83717e-5,0.705514
14,240,8.0326e-14,5.58804e-6,5.58804e-6,1.0504e-13,-1.47653
14,264,5.22798e-22,3.97729e-10,3.97729e-10,6.00562e-22,-3.50218e-7
14,288,2.55269e-30,2.83084e-14,2.83084e-14,3.4337e-30,-3.96774e-15
14,289,152.184,185.127,185.127,155.079,-0.117125
14,290,221.144,309.478,309.478,225.402,-0.11857
14,293,144.861,301.672,301.672,123.232,1.10142
14,295,25.2165,136.112,136.112,25.3411,-0.0308449
14,312,3.80861e-5,0.157022,0.157022,3.67433e-5,0.229334
14,336,1.98969e-13,1.11761e-5,1.11761e-5,2.10079e-13,-0.331902
14,360,9.62579e-22,7.95459e-10,7.95459e-10,1.20112e-21,-1.07431e-6
14,384,5.05051e-30,5.66169e-14,5.66169e-14,6.8674e-30,-8.18255e-15
14,385,190.327,185.127,185.127,155.079,1.42642
14,386,260.815,309.478,309.478,225.402,0.985966
14,389,149.198,301.672,301.672,123.232,1.32231
14,391,33.3219,136.112,136.112,25.3411,1.97641
14,408,3.48672e-5,0.157022,0.157022,3.67433e-5,-0.32043
14,432,1.94162e-13,1.11761e-5,1.11761e-5,2.10079e-13,-0.47548
14,456,9.89944e-22,7.95459e-10,7.95459e-10,1.20112e-21,-9.51073e-7
14,480,4.97998e-30,5.66169e-14,5.66169e-14,6.8674e-30,-8.50021e-15
14,481,164.654,185.127,185.127,155.079,0.38748
14,482,248.004,309.478,309.478,225.402,0.629263
14,485,156.07,301.672,301.672,123.232,1.67228
14,487,27.4866,136.112,136.112,25.3411,0.531322
14,504,4.26662e-5,0.157022,0.157022,3.67433e-5,1.0116
14,528,1.91461e-13,1.11761e-5,1.11761e-5,2.10079e-13,-0.556184
14,552,1.20338e-21,7.95459e-10,7.95459e-10,1.20112e-21,1.01661e-8
14,576,6.52011e-30,5.66169e-14,5.66169e-14,6.8674e-30,-1.56407e-15
14,577,168.802,185.127,185.127,155.079,0.555371
14,578,247.053,309.478,309.478,225.402,0.602809
14,581,144.12,301.672,301.672,123.232,1.0637
14,583,28.001,136.112,136.112,25.3411,0.65871
14,600,4.50704e-5,0.157022,0.157022,3.67433e-5,1.42223
14,624,2.25604e-13,1.11761e-5,1.11761e-5,2.10079e-13,0.463753
14,648,1.22755e-21,7.95459e-10,7.95459e-10,1.20112e-21,1.1901e-7
15,0,0,0,0,0,0
15,1,17.1701,18.5127,18.5127,16.5842,0.221732
15,2,31.9989,30.9478,30.9478,25.3408,1.64888
15,5,18.9064,30.1672,30.1672,17.1105,0.658684
15,7,5.35505,13.6112,13.6112,4.77029,0.769301
15,24,9.87801e-5,0.0157022,0.0157022,9.19277e-5,0.467797
15,48,1.87876e-11,1.11761e-6,1.11761e-6,2.02692e-11,-0.458718
15,72,3.68284e-18,7.95459e-11,7.95459e-11,4.46918e-18,-0.00354136
15,96,9.78685e-25,5.66169e-15,5.66169e-15,9.85413e-25,-3.03018e-11
15,97,35.747,37.0254,37.0254,33.1684,0.487896
15,98,60.1943,61.8956,61.8956,50.6816,1.1779
15,101,40.7202,60.3344,60.3344,34.2209,1.19187
15,103,9.3559,27.2223,27.2223,9.54057,-0.121474
15,120,0.000169454,0.0314045,0.0314045,0.000183855,-0.491577
15,144,4.10564e-11,2.23522e-6,2.23522e-6,4.05384e-11,0.0801874
15,168,7.93452e-18,1.59092e-10,1.59092e-10,8.93836e-18,-0.00452087
15,192,1.7749e-24,1.13234e-14,1.13234e-14,1.97083e-24,-8.82386e-10
15,193,89.0003,92.5634,92.5634,82.921,0.460095
15,194,138.108,154.739,154.739,126.704,0.564819
15,197,105.745,150.836,150.836,85.5523,1.48121
15,199,25.4712,68.0559,68.0559,23.8514,0.42618
15,216,0.000562165,0.0785112,0.0785112,0.000459638,1.39984
15,240,1.04391e-10,5.58804e-6,5.58804e-6,1.01346e-10,0.188548
15,264,1.99891e-17,3.97729e-10,3.97729e-10,2.23459e-17,-0.0106142
15,288,4.4807e-24,2.83084e-14,2.83084e-14,4.92707e-24,-2.01024e-9
15,289,155.178,185.127,185.127,165.842,-0.403538
15,290,274.127,309.478,309.478,253.408,0.513118
15,293,214.692,301.672,301.672,171.105,1.59867
15,295,52.8623,136.112,136.112,47.7029,0.67876
15,312,0.000875287,0.157022,0.157022,0.000919277,-0.300305
15,336,1.95644e-10,1.11761e-5,1.11761e-5,2.02692e-10,-0.218215
15,360,3.92497e-17,7.95459e-10,7.95459e-10,4.46918e-17,-0.0245088
15,384,7.57295e-24,5.66169e-14,5.66169e-14,9.85413e-24,-1.02735e-8
15,385,177.46,185.127,185.127,165.842,0.43963
15,386,330.681,309.478,309.478,253.408,1.91365
15,389,178.449,301.672,301.672,171.105,0.269365
15,391,55.4617,136.112,136.112,47.7029,1.02072
15,408,0.000957661,0.157022,0.157022,0.000919277,0.262037
15,432,1.94452e-10,1.11761e-5,1.11761e-5,2.02692e-10,-0.25514
15,456,3.94731e-17,7.95459e-10,7.95459e-10,4.46918e-17,-0.0235029
15,480,7.03882e-24,5.66169e-14,5.66169e-14,9.85413e-24,-1.2679e-8
15,481,219.777,185.127,185.127,165.842,2.04096
15,482,246.11,309.478,309.478,253.408,-0.180723
15,485,216.817,301.672,301.672,171.105,1.67658
15,487,53.9501,136.112,136.112,47.7029,0.821869
15,504,0.000932972,0.157022,0.157022,0.000919277,0.0934967
15,528,1.80968e-10,1.11761e-5,1.11761e-5,2.02692e-10,-0.672605
15,552,4.00392e-17,7.95459e-10,7.95459e-10,4.46918e-17,-0.0209533
15,576,8.06053e-24,5.66169e-14,5.66169e-14,9.85413e-24,-8.07767e-9
15,577,169.525,185.127,185.127,165.842,0.139385
15,578,341.013,309.478,309.478,253.408,2.16953
15,581,173.409,301.672,301.672,171.105,0.0845147
15,583,53.417,136.112,136.112,47.7029,0.751733
15,600,0.000985886,0.157022,0.157022,0.000919277,0.454721
15,624,2.148e-10,1.11761e-5,1.11761e-5,2.02692e-10,0.374865
15,648,3.85703e-17,7.95459e-10,7.95459e-10,4.46918e-17,-0.0275687
16,0,0,0,0,0,0
16,1,37.2337,37.0254,37.0254,37.2082,0.00429933
16,2,75.0156,61.8956,61.8956,62.466,1.26078
16,5,59.7776,60.3344,60.3344,61.9429,-0.219379
16,7,32.476,27.2223,27.2223,28.5434,0.864623
16,24,0.0445774,0.0314045,0.0314045,0.0393888,0.826689
16,48,3.71129e-6,2.23522e-6,2.23522e-6,3.61025e-6,0.175633
16,72,3.71473e-10,1.59092e-10,1.59092e-10,3.30904e-10,0.769394
16,96,2.99462e-14,1.13234e-14,1.13234e-14,3.03296e-14,-0.0793415
16,97,86.584,92.5634,92.5634,93.0205,-0.434242
16,98,176.902,154.739,154.739,156.165,0.833315
16,101,171.818,150.836,150.836,154.857,0.68734
16,103,94.299,68.0559,68.0559,71.3585,2.01751
16,120,0.115362,0.0785112,0.0785112,0.0984719,1.07642
16,144,9.50757e-6,5.58804e-6,5.58804e-6,9.02562e-6,0.335102
16,168,8.7943e-10,3.97729e-10,3.97729e-10,8.2726e-10,0.395767
16,192,6.96259e-14,2.83084e-14,2.83084e-14,7.5824e-14,-0.51299
16,193,195.268,185.127,185.127,186.041,0.311262
16,194,403.147,309.478,309.478,312.33,1.82478
16,197,438.634,301.672,301.672,309.715,2.61224
16,199,169.051,136.112,136.112,142.717,1.15797
16,216,0.201226,0.157022,0.157022,0.196944,0.136447
16,240,1.87361e-5,1.11761e-5,1.11761e-5,1.80512e-5,0.238094
16,264,1.86962e-9,7.95459e-10,7.95459e-10,1.65452e-9,0.815865
16,288,1.5361e-13,5.66169e-14,5.66169e-14,1.51648e-13,0.0811904
16,289,305.607,277.69,277.69,279.062,0.596951
16,290,531.664,464.217,464.217,468.495,0.846166
16,293,507.612,452.508,452.508,464.572,0.581402
16,295,277.703,204.168,204.168,214.075,1.86525
16,312,0.277178,0.235533,0.235533,0.295416,-0.387438
16,336,2.76241e-5,1.67641e-5,1.67641e-5,2.70769e-5,0.126839
16,360,2.2833e-9,1.19319e-9,1.19319e-9,2.48178e-9,-0.501882
16,384,2.02131e-13,8.49253e-14,8.49253e-14,2.27472e-13,-0.699111
16,385,313.288,277.69,277.69,279.062,0.769685
16,386,510.044,464.217,464.217,468.495,0.556563
16,389,532.071,452.508,452.508,464.572,0.911797
16,391,214.17,204.168,204.168,214.075,0.0027576
16,408,0.298218,0.235533,0.235533,0.295416,0.0595381
16,432,3.24012e-5,1.67641e-5,1.67641e-5,2.70769e-5,1.23403
16,456,2.11167e-9,1.19319e-9,1.19319e-9,2.48178e-9,-0.935886
16,480,2.23954e-13,8.49253e-14,8.49253e-14,2.27472e-13,-0.0970637
16,481,311.257,277.69,277.69,279.062,0.724017
16,482,468.628,464.217,464.217,468.495,0.00177554
16,485,570.819,452.508,452.508,464.572,1.43522
16,487,235.153,204.168,204.168,214.075,0.617897
16,504,0.321069,0.235533,0.235533,0.295416,0.544972
16,528,3.10037e-5,1.67641e-5,1.67641e-5,2.70769e-5,0.910127
16,552,2.52259e-9,1.19319e-9,1.19319e-9,2.48178e-9,0.103193
16,576,1.9774e-13,8.49253e-14,8.49253e-14,2.27472e-13,-0.820264
16,577,274.716,277.69,277.69,279.062,-0.097724
16,578,538.326,464.217,464.217,468.495,0.9354
16,581,541.945,452.508,452.508,464.572,1.04518
16,583,217.274,204.168,204.168,214.075,0.093753
16,600,0.336169,0.235533,0.235533,0.295416,0.86574
16,624,2.76053e-5,1.67641e-5,1.67641e-5,2.70769e-5,0.122485
16,648,2.37811e-9,1.19319e-9,1.19319e-9,2.48178e-9,-0.262143
17,0,0,0,0,0,0
17,1,49.5128,37.0254,37.0254,36.9446,2.13491
17,2,81.611,61.8956,61.8956,61.6446,2.03264
17,5,68.7261,60.3344,60.3344,59.6358,0.956604
17,7,33.5023,27.2223,27.2223,26.6564,1.61172
17,24,0.0296785,0.0314045,0.0314045,0.0283988,0.282787
17,48,1.93173e-6,2.23522e-6,2.23522e-6,1.80646e-6,0.435177
17,72,1.0399e-10,1.59092e-10,1.59092e-10,1.1491e-10,-0.596328
18,0,0,0,0,0,0
18,1,44.0156,37.0254,37.0254,37.1633,1.15711
18,2,73.3152,61.8956,61.8956,62.3256,1.10655
18,5,63.857,60.3344,60.3344,61.5443,0.235816
18,7,37.9638,27.2223,27.2223,28.2137,2.16873
18,24,0.0525505,0.0314045,0.0314045,0.0372626,2.57473
18,48,3.48757e-6,2.23522e-6,2.23522e-6,3.21024e-6,0.542144
18,72,2.71509e-10,1.59092e-10,1.59092e-10,2.76569e-10,-0.114797
18,96,1.87002e-14,1.13234e-14,1.13234e-14,2.38269e-14,-1.3503
18,97,104.501,92.5634,92.5634,92.9083,0.783037
18,98,180.015,154.739,154.739,155.814,0.974707
18,101,170.397,150.836,150.836,153.861,0.674453
18,103,51.7218,68.0559,68.0559,70.5343,-1.67379
18,120,0.111881,0.0785112,0.0785112,0.0931564,1.26144
18,144,9.16423e-6,5.58804e-6,5.58804e-6,8.02561e-6,0.890349
18,168,7.57574e-10,3.97729e-10,3.97729e-10,6.91421e-10,0.600425
18,192,5.48359e-14,2.83084e-14,2.83084e-14,5.95673e-14,-0.498472
18,193,212.319,185.127,185.127,185.817,0.895056
18,194,414.654,309.478,309.478,311.628,2.07476
18,197,285.713,301.672,301.672,307.722,-0.448851
18,199,167.146,136.112,136.112,141.069,1.16007
18,216,0.194753,0.157022,0.157022,0.186313,0.284307
18,240,1.63054e-5,1.11761e-5,1.11761e-5,1.60512e-5,0.0993807
18,264,1.50233e-9,7.95459e-10,7.95459e-10,1.38284e-9,0.542252
18,288,1.19814e-13,5.66169e-14,5.66169e-14,1.19135e-13,0.0357995
18,289,278.701,277.69,277.69,278.725,-0.000543905
18,290,541.203,464.217,464.217,467.442,0.990272
18,293,357.435,452.508,452.508,461.583,-1.41598
18,295,212.357,204.168,204.168,211.603,0.0223711
18,312,0.289371,0.235533,0.235533,0.279469,0.222345
18,336,2.26853e-5,1.67641e-5,1.67641e-5,2.40768e-5,-0.362705
18,360,1.79106e-9,1.19319e-9,1.19319e-9,2.07426e-9,-0.856832
18,384,1.49384e-13,8.49253e-14,8.49253e-14,1.78702e-13,-1.02957
18,385,280.89,277.69,277.69,278.725,0.0487569
18,386,592.985,464.217,464.217,467.442,1.68546
18,389,508.418,452.508,452.508,461.583,0.636775
18,391,283.11,204.168,204.168,211.603,2.12074
18,408,0.268582,0.235533,0.235533,0.279469,-0.244487
18,432,2.69766e-5,1.67641e-5,1.67641e-5,2.40768e-5,0.755815
18,456,2.21187e-9,1.19319e-9,1.19319e-9,2.07426e-9,0.416332
18,480,1.65412e-13,8.49253e-14,8.49253e-14,1.78702e-13,-0.466721
18,481,375.248,277.69,277.69,278.725,2.17326
18,482,508.156,464.217,464.217,467.442,0.546598
18,485,521.683,452.508,452.508,461.583,0.817113
18,487,244.425,204.168,204.168,211.603,0.973437
18,504,0.395081,0.235533,0.235533,0.279469,2.59611
18,528,3.05544e-5,1.67641e-5,1.67641e-5,2.40768e-5,1.68839
18,552,2.12115e-9,1.19319e-9,1.19319e-9,2.07426e-9,0.141837
18,576,1.75324e-13,8.49253e-14,8.49253e-14,1.78702e-13,-0.118629
18,577,321.686,277.69,277.69,278.725,0.967295
18,578,477.439,464.217,464.217,467.442,0.134206
18,581,483.375,452.508,452.508,461.583,0.296289
18,583,257.089,204.168,204.168,211.603,1.349
18,600,0.272772,0.235533,0.235533,0.279469,-0.150391
18,624,2.57903e-5,1.67641e-5,1.67641e-5,2.40768e-5,0.446629
18,648,1.98825e-9,1.19319e-9,1.19319e-9,2.07426e-9,-0.260221
19,0,0,0,0,0,0
19,1,49.4132,37.0254,37.0254,39.6232,1.55058
19,2,77.7292,61.8956,61.8956,70.3422,0.659034
19,5,117.875,60.3344,60.3344,87.3137,2.19656
19,7,71.4923,27.2223,27.2223,52.4807,2.2734
19,24,0.65653,0.0314045,0.0314045,0.693104,-0.33115
19,48,0.00157264,2.23522e-6,2.23522e-6,0.00154102,0.128774
19,72,4.17655e-6,1.59092e-10,1.59092e-10,3.42624e-6,1.3743
19,96,6.5958e-9,1.13234e-14,1.13234e-14,7.61776e-9,-0.841904
19,97,114.16,92.5634,92.5634,99.0579,0.95679
19,98,180.786,154.739,154.739,175.856,0.175932
19,101,245.321,150.836,150.836,218.284,0.777293
19,103,145.369,68.0559,68.0559,131.202,0.677622
19,120,2.05862,0.0785112,0.0785112,1.73276,1.1802
19,144,0.00400288,5.58804e-6,5.58804e-6,0.00385255,0.244883
19,168,8.65963e-6,3.97729e-10,3.97729e-10,8.5656e-6,0.0688917
19,192,1.72107e-8,2.83084e-14,2.83084e-14,1.90444e-8,-0.604264
19,193,237.323,185.127,185.127,198.116,1.24196
19,194,406.591,309.478,309.478,351.711,0.979232
19,197,478.777,301.672,301.672,436.568,0.606745
19,199,317.584,136.112,136.112,262.404,1.31968
19,216,3.30716,0.157022,0.157022,3.46552,-0.286774
19,240,0.00809919,1.11761e-5,1.11761e-5,0.00770509,0.320983
19,264,1.82835e-5,7.95459e-10,7.95459e-10,1.71312e-5,0.422105
19,288,3.98057e-8,5.66169e-14,5.66169e-14,3.80888e-8,0.282888
19,289,288.437,277.69,277.69,297.174,-0.184497
19,290,636.446,464.217,464.217,527.567,1.29517
19,293,746.314,452.508,452.508,654.853,0.876495
19,295,433.316,204.168,204.168,393.605,0.633142
19,312,4.53258,0.235533,0.235533,5.19828,-0.80367
19,336,0.011469,1.67641e-5,1.67641e-5,0.0115576,-0.0481201
19,360,2.25887e-5,1.19319e-9,1.19319e-9,2.56968e-5,-0.759046
19,384,4.98279e-8,8.49253e-14,8.49253e-14,5.71332e-8,-0.802425
19,385,330.795,277.69,277.69,297.174,0.710013
19,386,638.716,464.217,464.217,527.567,1.32217
19,389,627.631,452.508,452.508,654.853,-0.260874
19,391,449.921,204.168,204.168,393.605,0.897897
19,408,5.96367,0.235533,0.235533,5.19828,0.924021
19,432,0.0114744,1.67641e-5,1.67641e-5,0.0115576,-0.0451969
19,456,3.06675e-5,1.19319e-9,1.19319e-9,2.56968e-5,1.21394
19,480,5.32107e-8,8.49253e-14,8.49253e-14,5.71332e-8,-0.430859
19,481,347.205,277.69,277.69,297.174,1.05654
19,482,614.168,464.217,464.217,527.567,1.03016
19,485,663.188,452.508,452.508,654.853,0.0798776
19,487,475.079,204.168,204.168,393.605,1.29901
19,504,5.01643,0.235533,0.235533,5.19828,-0.219531
19,528,0.0109253,1.67641e-5,1.67641e-5,0.0115576,-0.343371
19,552,2.36443e-5,1.19319e-9,1.19319e-9,2.56968e-5,-0.501245
19,576,6.06237e-8,8.49253e-14,8.49253e-14,5.71332e-8,0.383401
19,577,321.616,277.69,277.69,297.174,0.516165
19,578,627.712,464.217,464.217,527.567,1.19127
19,581,733.98,452.508,452.508,654.853,0.758298
19,583,500.332,204.168,204.168,393.605,1.70164
19,600,6.92063,0.235533,0.235533,5.19828,2.07931
19,624,0.0116106,1.67641e-5,1.67641e-5,0.0115576,0.0287445
19,648,2.51507e-5,1.19319e-9,1.19319e-9,2.56968e-5,-0.133352
20,0,0,0,0,0,0
20,1,41.6585,37.0254,37.0254,39.732,0.304291
20,2,94.8137,61.8956,61.8956,70.7122,2.13897
20,5,95.9858,60.3344,60.3344,88.6585,0.518655
20,7,62.8506,27.2223,27.2223,53.9027,1.04176
20,24,1.07288,0.0314045,0.0314045,0.784649,2.30525
20,48,0.00227431,2.23522e-6,2.23522e-6,0.0020015,0.855384
20,72,4.95097e-6,1.59092e-10,1.59092e-10,5.10546e-6,-0.189902
20,96,1.49699e-8,1.13234e-14,1.13234e-14,1.30231e-8,0.938146
20,97,125.543,92.5634,92.5634,99.3299,1.65611
20,98,224.576,154.739,154.739,176.781,1.6967
20,101,276.949,150.836,150.836,221.646,1.56581
20,103,148.098,68.0559,68.0559,134.757,0.621284
20,120,2.06488,0.0785112,0.0785112,1.96162,0.330341
20,144,0.00465294,5.58804e-6,5.58804e-6,0.00500375,-0.439976
20,168,1.17148e-5,3.97729e-10,3.97729e-10,1.27637e-5,-0.515709
20,192,2.87986e-8,2.83084e-14,2.83084e-14,3.25578e-8,-0.724589
20,193,225.639,185.127,185.127,198.66,0.85228
20,194,415.257,309.478,309.478,353.561,1.09508
20,197,464.708,301.672,301.672,443.293,0.30317
20,199,308.776,136.112,136.112,269.513,0.914224
20,216,4.60004,0.157022,0.157022,3.92324,1.08261
20,240,0.00885063,1.11761e-5,1.11761e-5,0.0100075,-0.725456
20,264,2.33433e-5,7.95459e-10,7.95459e-10,2.55273e-5,-0.536918
20,288,5.54005e-8,5.66169e-14,5.66169e-14,6.51156e-8,-0.936302
20,289,318.531,277.69,277.69,297.99,0.432603
20,290,570.769,464.217,464.217,530.342,0.478378
20,293,756.678,452.508,452.508,664.939,0.865819
20,295,490.536,204.168,204.168,404.27,1.33913
20,312,7.25459,0.235533,0.235533,5.88487,1.46068
20,336,0.0166528,1.67641e-5,1.67641e-5,0.0150112,0.686258
20,360,3.71494e-5,1.19319e-9,1.19319e-9,3.8291e-5,-0.187094
20,384,1.01318e-7,8.49253e-14,8.49253e-14,9.76733e-8,0.234173
20,385,358.059,277.69,277.69,297.99,1.26505
20,386,638.608,464.217,464.217,530.342,1.28113
20,389,829.631,452.508,452.508,664.939,1.55435
20,391,381.79,204.168,204.168,404.27,-0.348968
20,408,5.51788,0.235533,0.235533,5.88487,-0.391352
20,432,0.0168164,1.67641e-5,1.67641e-5,0.0150112,0.754676
20,456,3.91305e-5,1.19319e-9,1.19319e-9,3.8291e-5,0.137592
20,480,9.99158e-8,8.49253e-14,8.49253e-14,9.76733e-8,0.14408
20,481,303.026,277.69,277.69,297.99,0.106053
20,482,534.128,464.217,464.217,530.342,0.0448045
20,485,695.603,452.508,452.508,664.939,0.289408
20,487,352.226,204.168,204.168,404.27,-0.807899
20,504,6.6329,0.235533,0.235533,5.88487,0.797703
20,528,0.0145314,1.67641e-5,1.67641e-5,0.0150112,-0.200589
20,552,3.30404e-5,1.19319e-9,1.19319e-9,3.8291e-5,-0.860534
20,576,9.62228e-8,8.49253e-14,8.49253e-14,9.76733e-8,-0.0931991
20,577,316.671,277.69,277.69,297.99,0.39342
20,578,550.421,464.217,464.217,530.342,0.237595
20,581,784.682,452.508,452.508,664.939,1.13012
20,583,481.24,204.168,204.168,404.27,1.19483
20,600,6.34894,0.235533,0.235533,5.88487,0.494884
20,624,0.0160752,1.67641e-5,1.67641e-5,0.0150112,0.444805
20,648,4.00626e-5,1.19319e-9,1.19319e-9,3.8291e-5,0.290357
21,0,0,0,0,0,0
21,1,38.3202,37.0254,37.0254,33.2306,0.961185
21,2,60.8149,61.8956,61.8956,50.8502,1.22979
21,5,42.9821,60.3344,60.3344,34.5421,1.5334
21,7,8.94491,27.2223,27.2223,9.71108,-0.495121
21,24,0.00023224,0.0314045,0.0314045,0.000200947,0.97731
21,48,5.25574e-11,2.23522e-6,2.23522e-6,4.89905e-11,0.45692
21,72,9.74215e-18,1.59092e-10,1.59092e-10,1.19438e-17,-0.00991538
21,96,2.16175e-24,1.13234e-14,1.13234e-14,2.91188e-24,-3.3783e-9
21,97,84.4377,92.5634,92.5634,83.0764,0.102832
21,98,171.41,154.739,154.739,127.126,2.18613
21,101,112.544,150.836,150.836,86.3551,1.90321
21,103,25.6483,68.0559,68.0559,24.2777,0.354284
21,120,0.000550657,0.0785112,0.0785112,0.000502367,0.603243
21,144,1.24861e-10,5.58804e-6,5.58804e-6,1.22476e-10,0.122205
21,168,2.52703e-17,3.97729e-10,3.97729e-10,2.98595e-17,-0.0206682
21,192,5.85928e-24,2.83084e-14,2.83084e-14,7.2797e-24,-6.39702e-9
21,193,200.311,185.127,185.127,166.153,1.29015
21,194,274.376,309.478,309.478,254.251,0.496752
21,197,207.531,301.672,301.672,172.71,1.26524
21,199,62.8545,136.112,136.112,48.5554,1.84812
21,216,0.000989719,0.157022,0.157022,0.00100473,-0.0937808
21,240,2.38655e-10,1.11761e-5,1.11761e-5,2.44952e-10,-0.161334
21,264,5.50294e-17,7.95459e-10,7.95459e-10,5.9719e-17,-0.0211204
21,288,1.32097e-23,5.66169e-14,5.66169e-14,1.45594e-23,-6.07862e-9
21,289,294.905,277.69,277.69,249.229,1.15013
21,290,419.759,464.217,464.217,381.377,0.631585
21,293,343.7,452.508,452.508,259.065,2.0502
21,295,94.8009,204.168,204.168,72.8331,1.89284
21,312,0.00157438,0.235533,0.235533,0.0015071,0.28014
21,336,3.17337e-10,1.67641e-5,1.67641e-5,3.67429e-10,-0.855562
21,360,6.66071e-17,1.19319e-9,1.19319e-9,8.95785e-17,-0.103454
21,384,1.50553e-23,8.49253e-14,8.49253e-14,2.18391e-23,-3.05516e-8
21,385,289.891,277.69,277.69,249.229,1.02387
21,386,486.269,464.217,464.217,381.377,1.72602
21,389,309.053,452.508,452.508,259.065,1.21091
21,391,87.7919,204.168,204.168,72.8331,1.28892
21,408,0.0017512,0.235533,0.235533,0.0015071,1.01644
21,432,2.99495e-10,1.67641e-5,1.67641e-5,3.67429e-10,-1.1603
21,456,8.23024e-17,1.19319e-9,1.19319e-9,8.95785e-17,-0.0327687
21,480,2.00059e-23,8.49253e-14,8.49253e-14,2.18391e-23,-8.25624e-9
21,481,258.103,277.69,277.69,249.229,0.223442
21,482,438.405,464.217,464.217,381.377,0.938409
21,485,356.848,452.508,452.508,259.065,2.36869
21,487,75.3962,204.168,204.168,72.8331,0.220849
21,504,0.00140655,0.235533,0.235533,0.0015071,-0.418692
21,528,2.90672e-10,1.67641e-5,1.67641e-5,3.67429e-10,-1.311
21,552,9.24358e-17,1.19319e-9,1.19319e-9,8.95785e-17,0.0128681
21,576,1.849e-23,8.49253e-14,8.49253e-14,2.18391e-23,-1.50829e-8
21,577,274.252,277.69,277.69,249.229,0.63007
21,578,441.501,464.217,464.217,381.377,0.989356
21,581,267.865,452.508,452.508,259.065,0.213152
21,583,78.6476,204.168,204.168,72.8331,0.501002
21,600,0.00173733,0.235533,0.235533,0.0015071,0.958691
21,624,3.51469e-10,1.67641e-5,1.67641e-5,3.67429e-10,-0.272592
21,648,7.09251e-17,1.19319e-9,1.19319e-9,8.95785e-17,-0.0840076
22,0,0,0,0,0,0
22,1,39.3604,37.0254,37.0254,33.761,1.04084
22,2,55.6192,61.8956,61.8956,52.3046,0.397691
22,5,42.6937,60.3344,60.3344,37.3961,0.889003
22,7,13.3481,27.2223,27.2223,11.282,1.14925
22,24,0.000512869,0.0314045,0.0314045,0.000425245,1.29313
22,48,2.69091e-10,2.23522e-6,2.23522e-6,2.4174e-10,0.710025
22,72,1.26595e-16,1.59092e-10,1.59092e-10,1.37423e-16,-0.0487654
22,96,8.00202e-23,1.13234e-14,1.13234e-14,7.81211e-23,8.5529e-9
22,97,82.4175,92.5634,92.5634,84.4025,-0.147588
22,98,149.836,154.739,154.739,130.762,0.915425
22,101,123.778,150.836,150.836,93.4903,2.03306
22,103,36.0233,68.0559,68.0559,28.205,1.73958
22,120,0.00107773,0.0785112,0.0785112,0.00106311,0.0862671
22,144,6.3886e-10,5.58804e-6,5.58804e-6,6.0435e-10,0.358354
22,168,3.679e-16,3.97729e-10,3.97729e-10,3.43557e-16,0.109632
22,192,1.86251e-22,2.83084e-14,2.83084e-14,1.95303e-22,-4.07675e-8
22,193,185.507,185.127,185.127,168.805,0.620914
22,194,270.558,309.478,309.478,261.523,0.2168
22,197,253.95,301.672,301.672,186.981,2.24768
22,199,71.8355,136.112,136.112,56.41,1.71609
22,216,0.00263682,0.157022,0.157022,0.00212622,1.50704
22,240,1.3636e-9,1.11761e-5,1.11761e-5,1.2087e-9,0.804269
22,264,7.1237e-16,7.95459e-10,7.95459e-10,6.87114e-16,0.113743
22,288,3.69903e-22,5.66169e-14,5.66169e-14,3.90606e-22,-9.32365e-8
22,289,379.861,370.254,370.254,337.61,0.785385
22,290,680.719,618.956,618.956,523.046,1.8918
22,293,482.394,603.344,603.344,373.961,1.81967
22,295,130.894,272.223,272.223,112.82,1.00537
22,312,0.00428623,0.314045,0.314045,0.00425245,0.0498655
22,336,2.38701e-9,2.23522e-5,2.23522e-5,2.4174e-9,-0.0788891
22,360,9.44732e-16,1.59092e-9,1.59092e-9,1.37423e-15,-1.93427
22,384,6.94316e-22,1.13234e-13,1.13234e-13,7.81211e-22,-3.9134e-7
22,385,345.418,370.254,370.254,337.61,0.145141
22,386,655.542,618.956,618.956,523.046,1.58972
22,389,506.833,603.344,603.344,373.961,2.22979
22,391,147.634,272.223,272.223,112.82,1.93651
22,408,0.00494627,0.314045,0.314045,0.00425245,1.02392
22,432,2.22213e-9,2.23522e-5,2.23522e-5,2.4174e-9,-0.506937
22,456,1.20729e-15,1.59092e-9,1.59092e-9,1.37423e-15,-0.751814
22,480,8.7953e-22,1.13234e-13,1.13234e-13,7.81211e-22,4.4279e-7
22,481,323.609,370.254,370.254,337.61,-0.260261
22,482,554.056,618.956,618.956,523.046,0.37206
22,485,482.463,603.344,603.344,373.961,1.82081
22,487,129.881,272.223,272.223,112.82,0.949018
22,504,0.00420931,0.314045,0.314045,0.00425245,-0.0636519
22,528,2.12833e-9,2.23522e-5,2.23522e-5,2.4174e-9,-0.750432
22,552,1.35697e-15,1.59092e-9,1.59092e-9,1.37423e-15,-0.0777169
22,576,6.46017e-22,1.13234e-13,1.13234e-13,7.81211e-22,-6.08862e-7
22,577,502.351,370.254,370.254,337.61,3.06227
22,578,611.233,618.956,618.956,523.046,1.05808
22,581,444.449,603.344,603.344,373.961,1.18289
22,583,110.433,272.223,272.223,112.82,-0.132769
22,600,0.00478739,0.314045,0.314045,0.00425245,0.78946
22,624,2.31015e-9,2.23522e-5,2.23522e-5,2.4174e-9,-0.278425
22,648,1.39147e-15,1.59092e-9,1.59092e-9,1.37423e-15,0.077658
23,0,0,0,0,0,0
23,1,44.4492,37.0254,37.0254,39.1846,0.843155
23,2,76.0068,61.8956,61.8956,68.8642,0.650909
23,5,81.3167,60.3344,60.3344,82.0841,-0.0586726
23,7,59.0129,27.2223,27.2223,47.0918,1.58866
23,24,0.441763,0.0314045,0.0314045,0.418577,0.347613
23,48,0.000521059,2.23522e-6,2.23522e-6,0.000532117,-0.130416
23,72,5.18747e-7,1.59092e-10,1.59092e-10,6.76455e-7,-1.46309
23,96,7.66963e-10,1.13234e-14,1.13234e-14,8.59945e-10,-0.678551
23,97,106.463,92.5634,92.5634,97.9615,0.544623
23,98,198.583,154.739,154.739,172.161,0.963171
23,101,266.957,150.836,150.836,205.21,1.8883
23,103,121.01,68.0559,68.0559,117.729,0.17486
23,120,1.42749,0.0785112,0.0785112,1.04644,2.28516
23,144,0.00138229,5.58804e-6,5.58804e-6,0.00133029,0.245296
23,168,1.52259e-6,3.97729e-10,3.97729e-10,1.69114e-6,-0.625446
23,192,2.16193e-9,2.83084e-14,2.83084e-14,2.14986e-9,0.0352279
23,193,188.816,185.127,185.127,195.923,-0.227647
23,194,376.265,309.478,309.478,344.321,0.582205
23,197,478.169,301.672,301.672,410.42,1.03593
23,199,272.755,136.112,136.112,235.459,0.994044
23,216,2.34753,0.157022,0.157022,2.09289,0.76355
23,240,0.00236251,1.11761e-5,1.11761e-5,0.00266059,-0.703076
23,264,3.38485e-6,7.95459e-10,7.95459e-10,3.38228e-6,0.00477345
23,288,4.27534e-9,5.66169e-14,5.66169e-14,4.29972e-9,-0.0355921
23,289,395.963,370.254,370.254,391.846,0.0659334
23,290,833.665,618.956,618.956,688.642,1.3216
23,293,951.861,603.344,603.344,820.841,1.00169
23,295,475.388,272.223,272.223,470.918,0.0595784
23,312,4.3232,0.314045,0.314045,4.18577,0.206041
23,336,0.00593633,2.23522e-5,2.23522e-5,0.00532117,0.725503
23,360,7.32506e-6,1.59092e-9,1.59092e-9,6.76455e-6,0.520002
23,384,7.94887e-9,1.13234e-13,1.13234e-13,8.59945e-9,-0.47477
23,385,500.157,370.254,370.254,391.846,1.73466
23,386,793.129,618.956,618.956,688.642,0.952191
23,389,899.234,603.344,603.344,820.841,0.599344
23,391,578.005,272.223,272.223,470.918,1.42708
23,408,5.11105,0.314045,0.314045,4.18577,1.38725
23,432,0.00452294,2.23522e-5,2.23522e-5,0.00532117,-0.941409
23,456,7.176e-6,1.59092e-9,1.59092e-9,6.76455e-6,0.381709
23,480,8.68247e-9,1.13234e-13,1.13234e-13,8.59945e-9,0.0605872
23,481,509.326,370.254,370.254,391.846,1.8815
23,482,801.043,618.956,618.956,688.642,1.02431
23,485,929.604,603.344,603.344,820.841,0.831534
23,487,499.211,272.223,272.223,470.918,0.377052
23,504,4.47432,0.314045,0.314045,4.18577,0.432612
23,528,0.00534926,2.23522e-5,2.23522e-5,0.00532117,0.0331219
23,552,6.8705e-6,1.59092e-9,1.59092e-9,6.76455e-6,0.0982935
23,576,7.4963e-9,1.13234e-13,1.13234e-13,8.59945e-9,-0.805043
23,577,410.66,370.254,370.254,391.846,0.301317
23,578,798.714,618.956,618.956,688.642,1.00309
23,581,871.165,603.344,603.344,820.841,0.384748
23,583,516.184,272.223,272.223,470.918,0.603244
23,600,3.98036,0.314045,0.314045,4.18577,-0.307966
23,624,0.00607042,2.23522e-5,2.23522e-5,0.00532117,0.883643
23,648,7.91921e-6,1.59092e-9,1.59092e-9,6.76455e-6,1.0712
24,0,0,0,0,0,0
24,1,43.3265,37.0254,37.0254,40.105,0.504086
24,2,66.4262,61.8956,61.8956,71.9909,-0.485085
24,5,97.4554,60.3344,60.3344,93.4174,0.271261
24,7,61.7392,27.2223,27.2223,59.0508,0.28571
24,24,1.28083,0.0314045,0.0314045,1.19676,0.440842
24,48,0.00438429,2.23522e-6,2.23522e-6,0.00487062,-0.626609
24,72,1.49226e-5,1.59092e-10,1.59092e-10,1.98225e-5,-1.55126
25,0,0,0,0,0,0
25,1,45.0265,37.0254,37.0254,39.6746,0.846555
25,2,82.2,61.8956,61.8956,70.5168,1.03974
25,5,103.772,60.3344,60.3344,87.9464,1.12926
25,7,61.0182,27.2223,27.2223,53.1479,0.929306
25,24,0.63519,0.0314045,0.0314045,0.734964,-0.851938
25,48,0.00197119,2.23522e-6,2.23522e-6,0.00174375,0.818527
25,72,3.78393e-6,1.59092e-10,1.59092e-10,4.13717e-6,-0.535815
26,0,0,0,0,0,0
26,1,41.6166,37.0254,37.0254,35.4472,1.09223
26,2,64.3842,61.8956,61.8956,57.1197,0.798133
26,5,59.282,60.3344,60.3344,47.9776,1.47865
26,7,20.8223,27.2223,27.2223,17.9345,1.01048
26,24,0.00494572,0.0314045,0.0314045,0.00418047,1.14878
26,48,3.37366e-8,2.23522e-6,2.23522e-6,3.112e-8,0.527649
26,72,2.09171e-13,1.59092e-10,1.59092e-10,2.31662e-13,-0.609261
26,96,1.47328e-18,1.13234e-14,1.13234e-14,1.72453e-18,-0.00113152
26,97,110.954,92.5634,92.5634,88.6181,1.58175
26,98,184.468,154.739,154.739,142.799,1.83123
26,101,138.477,150.836,150.836,119.944,0.969699
26,103,48.7765,68.0559,68.0559,44.8363,0.55151
26,120,0.0113261,0.0785112,0.0785112,0.0104512,0.525369
26,144,8.53539e-8,5.58804e-6,5.58804e-6,7.78001e-8,0.609321
26,168,4.98937e-13,3.97729e-10,3.97729e-10,5.79155e-13,-0.869228
26,192,4.25624e-18,2.83084e-14,2.83084e-14,4.31131e-18,-0.000248031
26,193,214.507,185.127,185.127,177.236,1.3197
26,194,327.139,309.478,309.478,285.598,0.912787
26,197,291.642,301.672,301.672,239.888,1.35392
26,199,112.099,136.112,136.112,89.6725,1.56952
26,216,0.0227663,0.157022,0.157022,0.0209023,0.559625
26,240,1.50725e-7,1.11761e-5,1.11761e-5,1.556e-7,-0.196631
26,264,1.21989e-12,7.95459e-10,7.95459e-10,1.15831e-12,0.333627
26,288,7.00736e-18,5.66169e-14,5.66169e-14,8.62263e-18,-0.00727452
26,289,413.934,370.254,370.254,354.472,1.05272
26,290,719.863,618.956,618.956,571.197,1.63337
26,293,624.032,603.344,603.344,479.776,1.88692
26,295,194.989,272.223,272.223,179.345,0.547425
26,312,0.0419997,0.314045,0.314045,0.0418047,0.0292711
26,336,2.53184e-7,2.23522e-5,2.23522e-5,3.112e-7,-1.16995
26,360,2.42435e-12,1.59092e-9,1.59092e-9,2.31662e-12,0.291834
26,384,1.51509e-17,1.13234e-13,1.13234e-13,1.72453e-17,-0.00943212
26,385,382.88,370.254,370.254,354.472,0.502939
26,386,629.627,618.956,618.956,571.197,0.641962
26,389,493.791,603.344,603.344,479.776,0.183321
26,391,190.949,272.223,272.223,179.345,0.406057
26,408,0.0486109,0.314045,0.314045,0.0418047,1.02173
26,432,3.21144e-7,2.23522e-5,2.23522e-5,3.112e-7,0.200518
26,456,2.39163e-12,1.59092e-9,1.59092e-9,2.31662e-12,0.203192
26,480,1.35485e-17,1.13234e-13,1.13234e-13,1.72453e-17,-0.0166487
26,481,397.153,370.254,370.254,354.472,0.755626
26,482,707.133,618.956,618.956,571.197,1.4935
26,485,544.107,603.344,603.344,479.776,0.841479
26,487,205.532,272.223,272.223,179.345,0.916338
26,504,0.0403352,0.314045,0.314045,0.0418047,-0.220604
26,528,3.3844e-7,2.23522e-5,2.23522e-5,3.112e-7,0.549323
26,552,2.43315e-12,1.59092e-9,1.59092e-9,2.31662e-12,0.315672
26,576,1.37317e-17,1.13234e-13,1.13234e-13,1.72453e-17,-0.0158235
26,577,376.944,370.254,370.254,354.472,0.397833
26,578,559.718,618.956,618.956,571.197,-0.126113
26,581,559.439,603.344,603.344,479.776,1.04202
26,583,203.904,272.223,272.223,179.345,0.859356
26,600,0.0415953,0.314045,0.314045,0.0418047,-0.0314328
26,624,2.6194e-7,2.23522e-5,2.23522e-5,3.112e-7,-0.993365
26,648,2.23357e-12,1.59092e-9,1.59092e-9,2.31662e-12,-0.224977
27,0,0,0,0,0,0
27,1,47.4497,37.0254,37.0254,38.039,1.55256
27,2,83.7716,61.8956,61.8956,65.1035,1.7995
27,5,83.1011,60.3344,60.3344,69.7698,1.19912
27,7,31.7677,27.2223,27.2223,35.3193,-0.631055
27,24,0.136029,0.0314045,0.0314045,0.108378,1.60111
27,48,2.83752e-5,2.23522e-6,2.23522e-6,3.06958e-5,-0.474432
27,72,9.46315e-9,1.59092e-10,1.59092e-10,8.6939e-9,0.555272
27,96,2.67769e-12,1.13234e-14,1.13234e-14,2.46236e-12,0.548795
27,97,94.6167,92.5634,92.5634,95.0974,-0.0317254
27,98,178.84,154.739,154.739,162.759,0.620066
27,101,234.47,150.836,150.836,174.424,2.16039
27,103,96.4677,68.0559,68.0559,88.2982,0.580631
27,120,0.282613,0.0785112,0.0785112,0.270945,0.270242
27,144,7.8445e-5,5.58804e-6,5.58804e-6,7.67394e-5,0.139482
27,168,2.35986e-8,3.97729e-10,3.97729e-10,2.17348e-8,0.538158
27,192,5.15425e-12,2.83084e-14,2.83084e-14,6.1559e-12,-1.02112
27,193,209.852,185.127,185.127,190.195,0.648596
27,194,393.765,309.478,309.478,325.518,1.31573
27,197,336.891,301.672,301.672,348.849,-0.215111
27,199,198.55,136.112,136.112,176.596,0.780138
27,216,0.561148,0.157022,0.157022,0.541891,0.223019
27,240,0.000186825,1.11761e-5,1.11761e-5,0.000153479,1.36352
27,264,3.96817e-8,7.95459e-10,7.95459e-10,4.34695e-8,-0.546841
27,288,1.26295e-11,5.66169e-14,5.66169e-14,1.23118e-11,0.161939
27,289,367.603,370.254,370.254,380.39,-0.210948
27,290,831.679,618.956,618.956,651.035,1.74131
27,293,809.674,603.344,603.344,697.698,1.0072
27,295,413.883,272.223,272.223,353.193,1.07836
27,312,1.07345,0.314045,0.314045,1.08378,-0.0598073
27,336,0.00033742,2.23522e-5,2.23522e-5,0.000306958,0.6228
27,360,8.5231e-8,1.59092e-9,1.59092e-9,8.6939e-8,-0.123289
27,384,2.09093e-11,1.13234e-13,1.13234e-13,2.46236e-11,-0.946637
27,385,447.735,370.254,370.254,380.39,1.11105
27,386,659.328,618.956,618.956,651.035,0.0799391
27,389,713.548,603.344,603.344,697.698,0.14257
27,391,403.342,272.223,272.223,353.193,0.891057
27,408,1.0322,0.314045,0.314045,1.08378,-0.29866
27,432,0.000339128,2.23522e-5,2.23522e-5,0.000306958,0.657707
27,456,8.80613e-8,1.59092e-9,1.59092e-9,8.6939e-8,0.0810091
27,480,2.50132e-11,1.13234e-13,1.13234e-13,2.46236e-11,0.0993037
27,481,380.818,370.254,370.254,380.39,0.00706967
27,482,649.14,618.956,618.956,651.035,-0.01827
27,485,671.89,603.344,603.344,697.698,-0.232138
27,487,412.441,272.223,272.223,353.193,1.05273
27,504,1.27436,0.314045,0.314045,1.08378,1.10353
27,528,0.000349767,2.23522e-5,2.23522e-5,0.000306958,0.875221
27,552,8.27778e-8,1.59092e-9,1.59092e-9,8.6939e-8,-0.300377
27,576,2.19053e-11,1.13234e-13,1.13234e-13,2.46236e-11,-0.692791
27,577,458.47,370.254,370.254,380.39,1.28816
27,578,617.254,618.956,618.956,651.035,-0.325635
27,581,798.453,603.344,603.344,697.698,0.906269
27,583,385.479,272.223,272.223,353.193,0.573661
27,600,1.17188,0.314045,0.314045,1.08378,0.510115
27,624,0.000342222,2.23522e-5,2.23522e-5,0.000306958,0.72097
27,648,9.13383e-8,1.59092e-9,1.59092e-9,8.6939e-8,0.317558
28,0,0,0,0,0,0
28,1,31.2707,37.0254,37.0254,32.0977,-0.161694
28,2,55.6517,61.8956,61.8956,47.8386,1.02495
28,5,34.0791,60.3344,60.3344,29.1024,1.07317
28,7,6.99193,27.2223,27.2223,6.99906,-0.0063896
28,24,4.26801e-5,0.0314045,0.0314045,3.84129e-5,0.697146
28,48,1.64897e-12,2.23522e-6,2.23522e-6,1.43814e-12,0.920009
28,72,5.82078e-20,1.59092e-10,1.59092e-10,5.38425e-20,1.96596e-5
28,96,2.29171e-27,1.13234e-14,1.13234e-14,2.01581e-27,1.24257e-12
28,97,92.5621,92.5634,92.5634,80.2443,0.963337
28,98,152.711,154.739,154.739,119.596,1.73761
28,101,89.0108,150.836,150.836,72.7561,1.40206
28,103,22.483,68.0559,68.0559,17.4977,1.78801
28,120,0.000115235,0.0785112,0.0785112,9.60323e-5,1.25489
28,144,4.27237e-12,5.58804e-6,5.58804e-6,3.59535e-12,1.18172
28,168,1.50595e-19,3.97729e-10,3.97729e-10,1.34606e-19,7.20048e-5
28,192,4.74913e-27,2.83084e-14,2.83084e-14,5.03952e-27,-1.30781e-12
28,193,170.747,185.127,185.127,160.489,0.401158
28,194,252.092,309.478,309.478,239.193,0.338426
28,197,148.32,301.672,301.672,145.512,0.121103
28,199,38.4161,136.112,136.112,34.9953,0.613438
28,216,0.000207056,0.157022,0.157022,0.000192065,0.489821
28,240,6.64441e-12,1.11761e-5,1.11761e-5,7.1907e-12,-0.476771
28,264,2.82919e-19,7.95459e-10,7.95459e-10,2.69213e-19,6.17274e-5
28,288,8.48342e-27,5.66169e-14,5.66169e-14,1.0079e-26,-7.18605e-12
28,289,330.722,370.254,370.254,320.977,0.190533
28,290,660.024,618.956,618.956,478.386,2.38279
28,293,302.35,603.344,603.344,291.024,0.244219
28,295,84.1533,272.223,272.223,69.9906,1.26988
28,312,0.000396783,0.314045,0.314045,0.000384129,0.206734
28,336,1.36429e-11,2.23522e-5,2.23522e-5,1.43814e-11,-0.322254
28,360,5.88917e-19,1.59092e-9,1.59092e-9,5.38425e-19,0.000227395
28,384,1.45684e-26,1.13234e-13,1.13234e-13,2.01581e-26,-2.51737e-11
28,385,325.307,370.254,370.254,320.977,0.0846535
28,386,486.55,618.956,618.956,478.386,0.107096
28,389,316.027,603.344,603.344,291.024,0.539152
28,391,78.1545,272.223,272.223,69.9906,0.732005
28,408,0.00039883,0.314045,0.314045,0.000384129,0.240164
28,432,1.38406e-11,2.23522e-5,2.23522e-5,1.43814e-11,-0.236002
28,456,5.07971e-19,1.59092e-9,1.59092e-9,5.38425e-19,-0.000137153
28,480,1.80158e-26,1.13234e-13,1.13234e-13,2.01581e-26,-9.64808e-12
28,481,393.259,370.254,370.254,320.977,1.41323
28,482,600.699,618.956,618.956,478.386,1.60455
28,485,372.228,603.344,603.344,291.024,1.75107
28,487,71.3732,272.223,272.223,69.9906,0.123965
28,504,0.000384362,0.314045,0.314045,0.000384129,0.00380595
28,528,1.27185e-11,2.23522e-5,2.23522e-5,1.43814e-11,-0.725653
28,552,5.68575e-19,1.59092e-9,1.59092e-9,5.38425e-19,0.000135784
28,576,1.94464e-26,1.13234e-13,1.13234e-13,2.01581e-26,-3.20516e-12
28,577,403.662,370.254,370.254,320.977,1.61662
28,578,562.186,618.956,618.956,478.386,1.09931
28,581,380.382,603.344,603.344,291.024,1.92689
28,583,75.7474,272.223,272.223,69.9906,0.516181
28,600,0.000374204,0.314045,0.314045,0.000384129,-0.16216
28,624,1.13529e-11,2.23522e-5,2.23522e-5,1.43814e-11,-1.32157
28,648,4.50488e-19,1.59092e-9,1.59092e-9,5.38425e-19,-0.000396034
29,0,0,0,0,0,0
29,1,53.2639,37.0254,37.0254,39.2312,2.24474
29,2,76.4742,61.8956,61.8956,69.0203,0.677744
29,5,96.9303,60.3344,60.3344,82.6257,1.08647
29,7,43.7463,27.2223,27.2223,47.6394,-0.512834
29,24,0.497008,0.0314045,0.0314045,0.441772,0.784661
29,48,0.000595579,2.23522e-6,2.23522e-6,0.000596222,-0.00676969
29,72,7.93432e-7,1.59092e-10,1.59092e-10,8.04671e-7,-0.087653
30,0,0,0,0,0,0
30,1,29.0491,37.0254,37.0254,29.7665,-0.151249
30,2,49.1273,61.8956,61.8956,42.0366,1.05856
30,5,23.0981,60.3344,60.3344,20.2723,0.874773
30,7,4.29184,27.2223,27.2223,3.44463,1.54351
30,24,1.06672e-6,0.0314045,0.0314045,9.86682e-7,0.509055
30,48,6.30147e-16,2.23522e-6,2.23522e-6,5.71545e-16,0.263921
30,72,2.43e-25,1.59092e-10,1.59092e-10,3.31073e-25,-3.96644e-10
30,96,1.46427e-34,1.13234e-14,1.13234e-14,1.91777e-34,-2.04237e-19
30,97,104.375,92.5634,92.5634,74.4163,2.52649
30,98,89.2014,154.739,154.739,105.092,-0.948893
30,101,53.1597,150.836,150.836,50.6807,0.306959
30,103,8.80436,68.0559,68.0559,8.61157,0.140496
30,120,2.30034e-6,0.0785112,0.0785112,2.46671e-6,-0.423255
30,144,1.43134e-15,5.58804e-6,5.58804e-6,1.42886e-15,0.0108777
30,168,7.53082e-25,3.97729e-10,3.97729e-10,8.27682e-25,-3.35969e-10
30,192,3.28618e-34,2.83084e-14,2.83084e-14,4.79442e-34,-6.79251e-19
30,193,182.458,185.127,185.127,148.833,1.41785
30,194,228.32,309.478,309.478,210.183,0.541522
30,197,136.803,301.672,301.672,101.361,2.19429
30,199,20.9773,136.112,136.112,17.2231,1.36793
30,216,4.95826e-6,0.157022,0.157022,4.93341e-6,0.031606
30,240,2.56954e-15,1.11761e-5,1.11761e-5,2.85772e-15,-0.632848
30,264,1.44349e-24,7.95459e-10,7.95459e-10,1.65536e-24,-9.54196e-10
30,288,6.5388e-34,5.66169e-14,5.66169e-14,9.58885e-34,-1.37362e-18
30,289,322.312,370.254,370.254,297.665,0.519634
30,290,460.94,618.956,618.956,420.366,0.605733
30,293,226.599,603.344,603.344,202.723,0.73913
30,295,34.3472,272.223,272.223,34.4463,-0.0180429
30,312,9.37531e-6,0.314045,0.314045,9.86682e-6,-0.312618
30,336,5.88588e-15,2.23522e-5,2.23522e-5,5.71545e-15,0.187135
30,360,2.85478e-24,1.59092e-9,1.59092e-9,3.31073e-24,-2.05338e-9
30,384,1.52085e-33,1.13234e-13,1.13234e-13,1.91777e-33,-1.78755e-18
30,385,388.3,370.254,370.254,297.665,1.91085
30,386,502.287,618.956,618.956,420.366,1.22299
30,389,227.832,603.344,603.344,202.723,0.777288
30,391,36.4514,272.223,272.223,34.4463,0.365309
30,408,1.14065e-5,0.314045,0.314045,9.86682e-6,0.979287
30,432,5.10865e-15,2.23522e-5,2.23522e-5,5.71545e-15,-0.666275
30,456,2.63157e-24,1.59092e-9,1.59092e-9,3.31073e-24,-3.05864e-9
30,480,1.33632e-33,1.13234e-13,1.13234e-13,1.91777e-33,-2.61862e-18
30,481,341.691,370.254,370.254,297.665,0.928182
30,482,462.188,618.956,618.956,420.366,0.624356
30,485,245.398,603.344,603.344,202.723,1.32109
30,487,41.5674,272.223,272.223,34.4463,1.29737
30,504,9.96922e-6,0.314045,0.314045,9.86682e-6,0.0651293
30,528,5.68348e-15,2.23522e-5,2.23522e-5,5.71545e-15,-0.0350973
30,552,2.79485e-24,1.59092e-9,1.59092e-9,3.31073e-24,-2.32332e-9
30,576,1.62971e-33,1.13234e-13,1.13234e-13,1.91777e-33,-1.29729e-18
30,577,336.782,370.254,370.254,297.665,0.824702
30,578,425.532,618.956,618.956,420.366,0.0771161
30,581,256.456,603.344,603.344,202.723,1.66341
30,583,35.5879,272.223,272.223,34.4463,0.20799
30,600,1.13981e-5,0.314045,0.314045,9.86682e-6,0.973935
30,624,5.49313e-15,2.23522e-5,2.23522e-5,5.71545e-15,-0.244105
30,648,3.03003e-24,1.59092e-9,1.59092e-9,3.31073e-24,-1.26412e-9