id,time,y2,popPred_medianCOV,popPred,indivPred_SAEM,indWRes_SAEM
1,0,0,0,0,0,0
1,1,81.5674,102.244,102.244,69.7161,0.99068
1,2,102.066,181.306,181.306,113.03,-0.565302
1,5,125.907,214.483,214.483,121.939,0.189631
1,7,93.8082,173.168,173.168,93.7969,0.00070155
1,24,4.53316,10.3214,10.3214,4.7797,-0.300601
1,48,0.0568182,0.154933,0.154933,0.0654503,-0.768611
1,72,0.000630119,0.0023253,0.0023253,0.000896559,-1.7319
1,96,2.74592e-5,3.48352e-5,3.48352e-5,1.18152e-5,7.71628
1,97,11.3624,14.0427,14.0427,9.93336,0.838387
1,98,35.6855,44.4962,44.4962,29.9417,1.11796
1,101,91.9127,142.084,142.084,84.0142,0.547892
1,103,71.685,143.061,143.061,76.2712,-0.35042
1,120,4.04454,11.207,11.207,4.35211,-0.411858
1,144,0.0573935,0.166494,0.166494,0.059203,-0.178116
1,168,0.000561915,0.0024291,0.0024291,0.000805321,-1.76142
1,192,1.30988e-5,3.56926e-5,3.56926e-5,1.10452e-5,1.08354
1,193,15.5475,17.8319,17.8319,12.9766,1.15457
1,194,45.0148,56.5097,56.5097,39.1332,0.875899
1,197,117.465,183.547,183.547,111.383,0.318216
1,199,108.801,186.378,186.378,101.993,0.389034
1,216,5.0592,14.9965,14.9965,5.85709,-0.793894
1,240,0.0689818,0.226491,0.226491,0.0788369,-0.728508
1,264,0.000717098,0.0033772,0.0033772,0.00105906,-1.88175
1,288,9.73808e-6,5.02846e-5,5.02846e-5,1.43362e-5,-1.86915
1,289,9.62664,13.5627,13.5627,9.9552,-0.192338
1,290,30.1317,43.0428,43.0428,30.0777,0.0104719
1,293,102.127,141.297,141.297,87.4629,0.977055
1,295,81.1628,145.315,145.315,80.672,0.0354604
1,312,4.42299,11.9802,11.9802,4.69247,-0.334681
1,336,0.0505686,0.18,0.18,0.0637043,-1.20167
1,360,0.000665689,0.00266707,0.00266707,0.000864693,-1.34122
1,384,8.74298e-6,3.9462e-5,3.9462e-5,1.16883e-5,-1.46853
1,385,9.21343,11.8662,11.8662,8.73204,0.321279
1,386,30.1552,37.6744,37.6744,26.3963,0.82989
1,389,78.5107,124.72,124.72,76.6319,0.142882
1,391,82.9275,128.518,128.518,70.9939,0.979614
1,408,4.21138,10.7071,10.7071,4.13929,0.101486
1,432,0.0520883,0.161949,0.161949,0.0567852,-0.482028
1,456,0.000598537,0.00241485,0.00241485,0.000774622,-1.32476
1,480,7.12173e-6,3.5866e-5,3.5866e-5,1.13164e-5,-2.16019
1,481,7.02353,10.8789,10.8789,8.02138,-0.724968
1,482,24.3837,34.5465,34.5465,24.2541,0.0311345
1,485,79.2124,114.102,114.102,71.0762,0.667111
1,487,66.1815,117.836,117.836,65.8732,0.0272804
1,504,3.57828,9.90042,9.90042,3.83506,-0.390196
1,528,0.0420051,0.149805,0.149805,0.0522993,-1.14709
1,552,0.000606801,0.00223419,0.00223419,0.000712872,-0.867141
1,576,1.11667e-5,3.32158e-5,3.32158e-5,9.80191e-6,0.811433
1,577,7.79858,10.2161,10.2161,7.53881,0.200809
1,578,24.6997,32.4454,32.4454,22.7983,0.48603
1,581,72.8638,107.834,107.834,66.4925,0.558411
1,583,66.7861,111.351,111.351,61.5749,0.493223
1,600,3.4639,9.3442,9.3442,3.61864,-0.249207
1,624,0.0352418,0.142768,0.142768,0.0501272,-1.73057
1,648,0.000511715,0.00214938,0.00214938,0.000693422,-1.52713
2,0,0,0,0,0,0
2,1,73.2563,102.244,102.244,69.4021,0.323637
2,2,90.8162,181.306,181.306,98.9828,-0.480821
2,5,105.34,214.483,214.483,108.706,-0.180458
2,7,98.2697,173.168,173.168,88.7876,0.622378
2,24,5.75335,10.3214,10.3214,5.15563,0.675638
2,48,0.0766374,0.154933,0.154933,0.0612823,1.46022
2,72,0.000559683,0.0023253,0.0023253,0.000702026,-1.18164
2,96,7.82792e-6,3.48352e-5,3.48352e-5,7.87371e-6,-0.033895
2,97,8.61685,14.0427,14.0427,8.24449,0.263212
2,98,24.0525,44.4962,44.4962,26.5794,-0.554038
2,101,83.9045,142.084,142.084,89.3091,-0.352669
2,103,81.9818,143.061,143.061,93.6056,-0.72368
2,120,8.6299,11.207,11.207,8.08416,0.393417
2,144,0.11108,0.166494,0.166494,0.0991669,0.700121
2,168,0.000903143,0.0024291,0.0024291,0.00113558,-1.19287
2,192,1.21659e-5,3.56926e-5,3.56926e-5,1.29522e-5,-0.353782
2,193,13.6592,17.8319,17.8319,11.2716,1.23444
2,194,31.0677,56.5097,56.5097,36.3462,-0.846351
2,197,142.587,183.547,183.547,123.931,0.877323
2,199,111.852,186.378,186.378,131.645,-0.876234
2,216,10.7593,14.9965,14.9965,11.888,-0.553329
2,240,0.141436,0.226491,0.226491,0.146684,-0.208485
2,264,0.00143694,0.0033772,0.0033772,0.0016735,-0.823813
2,288,1.87133e-5,5.02846e-5,5.02846e-5,1.89368e-5,-0.0687806
2,289,9.59116,13.5627,13.5627,9.39688,0.120491
2,290,33.9023,43.0428,43.0428,30.334,0.685553
2,293,99.0095,141.297,141.297,104.455,-0.303827
2,295,117.369,145.315,145.315,111.919,0.283813
2,312,12.8256,11.9802,11.9802,10.4195,1.34574
2,336,0.150209,0.18,0.18,0.128657,0.976271
2,360,0.00147377,0.00266707,0.00266707,0.00144761,0.105312
2,384,2.3425e-5,3.9462e-5,3.9462e-5,1.62825e-5,2.55642
2,385,10.9548,11.8662,11.8662,8.68871,1.51993
2,386,26.5511,37.6744,37.6744,28.0555,-0.312485
2,389,104.927,124.72,124.72,96.8791,0.484143
2,391,100.179,128.518,128.518,104.176,-0.223633
2,408,12.7494,10.7071,10.7071,9.79307,1.75927
2,432,0.120204,0.161949,0.161949,0.121594,-0.0666326
2,456,0.00132284,0.00241485,0.00241485,0.00138735,-0.270991
2,480,1.6447e-5,3.5866e-5,3.5866e-5,1.57288e-5,0.266089
2,481,9.50917,10.8789,10.8789,8.29375,0.854039
2,482,24.7426,34.5465,34.5465,26.7832,-0.444018
2,485,91.5151,114.102,114.102,92.7653,-0.0785389
2,487,105.877,117.836,117.836,99.7981,0.354969
2,504,8.21124,9.90042,9.90042,9.45294,-0.765511
2,528,0.111124,0.149805,0.149805,0.117404,-0.311735
2,552,0.00125932,0.00223419,0.00223419,0.00133777,-0.341762
2,576,1.30427e-5,3.32158e-5,3.32158e-5,1.50955e-5,-0.792485
2,577,7.91397,10.2161,10.2161,8.03633,-0.088736
2,578,28.5389,32.4454,32.4454,25.9535,0.580524
2,581,88.7104,107.834,107.834,90.0998,-0.0898728
2,583,96.2672,111.351,111.351,96.9295,-0.0398234
2,600,10.8682,9.3442,9.3442,9.1878,1.06587
2,624,0.120254,0.142768,0.142768,0.11414,0.31221
2,648,0.00142055,0.00214938,0.00214938,0.00130151,0.533028
3,0,0,0,0,0,0
3,1,158.683,102.244,102.244,140.695,0.745097
3,2,314.834,181.306,181.306,277.834,0.776099
3,5,289.679,214.483,214.483,356.656,-1.0944
3,7,281.165,173.168,173.168,296.104,-0.294014
3,24,18.7121,10.3214,10.3214,18.6616,0.0157701
3,48,0.225515,0.154933,0.154933,0.231118,-0.141285
3,72,0.0022937,0.0023253,0.0023253,0.00257036,-0.627263
3,96,3.84365e-5,3.48352e-5,3.48352e-5,2.75717e-5,2.29646
3,97,21.872,14.0427,14.0427,20.6783,0.336399
3,98,64.2239,44.4962,44.4962,67.7261,-0.301367
3,101,266.171,142.084,142.084,237.515,0.70311
3,103,255.072,143.061,143.061,257.319,-0.0508862
3,120,28.1928,11.207,11.207,27.5981,0.125571
3,144,0.45755,0.166494,0.166494,0.385165,1.09523
3,168,0.00422498,0.0024291,0.0024291,0.00441935,-0.256319
3,192,3.9129e-5,3.56926e-5,3.56926e-5,4.82792e-5,-1.10451
3,193,25.1032,17.8319,17.8319,24.6785,0.100279
3,194,85.133,56.5097,56.5097,80.8327,0.310037
3,197,260.507,183.547,183.547,286.57,-0.530013
3,199,259.875,186.378,186.378,315.494,-1.02738
3,216,34.6156,14.9965,14.9965,36.1096,-0.24112
3,240,0.52636,0.226491,0.226491,0.512822,0.153842
3,264,0.00500354,0.0033772,0.0033772,0.00590027,-0.885708
3,288,6.61763e-5,5.02846e-5,5.02846e-5,6.44324e-5,0.157737
3,289,22.1848,13.5627,13.5627,18.3811,1.20597
3,290,63.7044,43.0428,43.0428,60.2805,0.331011
3,293,259.295,141.297,141.297,216.541,1.15065
3,295,253.42,145.315,145.315,241.495,0.287778
3,312,27.8067,11.9802,11.9802,29.3007,-0.297141
3,336,0.40617,0.18,0.18,0.423136,-0.233663
3,360,0.00570894,0.00266707,0.00266707,0.00488795,0.978837
3,384,5.30855e-5,3.9462e-5,3.9462e-5,5.34893e-5,-0.043995
3,385,17.241,11.8662,11.8662,15.9309,0.479249
3,386,55.32,37.6744,37.6744,52.2624,0.340943
3,389,194.052,124.72,124.72,188.515,0.171169
3,391,221.785,128.518,128.518,210.958,0.299083
3,408,30.2107,10.7071,10.7071,26.0946,0.919266
3,432,0.392393,0.161949,0.161949,0.379809,0.193088
3,456,0.00413699,0.00241485,0.00241485,0.00438049,-0.323944
3,480,4.01658e-5,3.5866e-5,3.5866e-5,4.76135e-5,-0.911579
3,481,15.2521,10.8789,10.8789,14.5204,0.293684
3,482,50.9461,34.5465,34.5465,47.6424,0.404116
3,485,183.491,114.102,114.102,172.538,0.369948
3,487,200.813,117.836,117.836,193.278,0.227176
3,504,24.5028,9.90042,9.90042,24.0928,0.0991739
3,528,0.274117,0.149805,0.149805,0.351349,-1.28104
3,552,0.00437256,0.00223419,0.00223419,0.00405688,0.45348
3,576,4.47554e-5,3.32158e-5,3.32158e-5,4.40669e-5,0.0910419
3,577,14.795,10.2161,10.2161,13.5743,0.52407
3,578,49.58,32.4454,32.4454,44.5424,0.659104
3,581,171.173,107.834,107.834,161.42,0.352099
3,583,147.705,111.351,111.351,181.029,-1.0728
3,600,20.3397,9.3442,9.3442,22.7045,-0.606985
3,624,0.357446,0.142768,0.142768,0.328924,0.505334
3,648,0.00434866,0.00214938,0.00214938,0.00378369,0.870181
4,0,0,0,0,0,0
4,1,109.012,102.244,102.244,107.467,0.0837813
4,2,220.672,181.306,181.306,196.259,0.72493
4,5,244.007,214.483,214.483,236.777,0.177956
4,7,191.785,173.168,173.168,191.807,-0.000639932
4,24,12.7914,10.3214,10.3214,12.6184,0.0798999
4,48,0.219583,0.154933,0.154933,0.227462,-0.201859
4,72,0.00482647,0.0023253,0.0023253,0.00408934,1.05049
4,96,7.21456e-5,3.48352e-5,3.48352e-5,7.37983e-5,-0.130515
4,97,15.1247,14.0427,14.0427,15.2397,-0.0439662
4,98,51.0397,44.4962,44.4962,47.9153,0.380006
4,101,136.362,142.084,142.084,150.401,-0.543989
4,103,154.107,143.061,143.061,149.576,0.176539
4,120,13.525,11.207,11.207,12.3002,0.580281
4,144,0.201388,0.166494,0.166494,0.225274,-0.617912
4,168,0.00427499,0.0024291,0.0024291,0.00410907,0.235316
4,192,9.33707e-5,3.56926e-5,3.56926e-5,7.47493e-5,1.4518
4,193,18.6379,17.8319,17.8319,19.5049,-0.259058
4,194,67.0723,56.5097,56.5097,61.3277,0.545885
4,197,196.375,183.547,183.547,194.97,0.0419891
4,199,192.237,186.378,186.378,195.236,-0.0895181
4,216,16.1055,14.9965,14.9965,16.2524,-0.0526695
4,240,0.307833,0.226491,0.226491,0.301054,0.131229
4,264,0.00544102,0.0033772,0.0033772,0.00554971,-0.114142
4,288,0.000103297,5.02846e-5,5.02846e-5,0.00010205,0.0712029
4,289,29.0298,25.5467,25.5467,27.8311,0.251008
4,290,89.4595,80.805,80.805,87.3484,0.140845
4,293,255.197,262.188,262.188,279.073,-0.498579
4,295,302.845,267.399,267.399,280.79,0.457755
4,312,22.0372,21.7976,21.7976,23.685,-0.40545
4,336,0.402396,0.329379,0.329379,0.434037,-0.424845
4,360,0.00700735,0.00490973,0.00490973,0.00791949,-0.671221
4,384,0.000142177,7.30531e-5,7.30531e-5,0.000144436,-0.0911428
4,385,25.5436,20.58,20.58,22.219,0.872004
4,386,73.1093,65.1672,65.1672,69.8147,0.275015
4,389,235.558,213.648,213.648,224.305,0.292352
4,391,270.888,220.234,220.234,227.833,1.1013
4,408,19.1817,18.3575,18.3575,19.503,-0.0960042
4,432,0.369821,0.277709,0.277709,0.353692,0.265767
4,456,0.00749668,0.00414199,0.00414199,0.00636236,1.03901
4,480,0.000128526,6.17282e-5,6.17282e-5,0.000114944,0.688608
4,481,22.3458,18.4507,18.4507,19.8154,0.744189
4,482,52.5619,58.4442,58.4442,62.2844,-0.9097
4,485,213.092,192.224,192.224,201.222,0.343765
4,487,200.658,198.727,198.727,204.89,-0.120367
4,504,17.5342,16.6783,16.6783,17.6343,-0.0330693
4,528,0.356618,0.252535,0.252535,0.321309,0.640425
4,552,0.00648312,0.00376333,0.00376333,0.00583171,0.650972
4,576,7.88529e-5,5.58917e-5,5.58917e-5,0.000105667,-1.47884
4,577,22.0099,17.1936,17.1936,18.3868,1.14836
4,578,64.7947,54.471,54.471,57.8036,0.704836
4,581,164.32,180.021,180.021,188.17,-0.738661
4,583,206.732,186.058,186.058,191.438,0.465581
4,600,14.5598,15.5376,15.5376,16.5291,-0.694353
4,624,0.323232,0.233955,0.233955,0.305654,0.335148
4,648,0.00652184,0.00344431,0.00344431,0.00562299,0.931576
5,0,0,0,0,0,0
5,1,152.771,102.244,102.244,143.376,0.381895
5,2,429.555,181.306,181.306,418.111,0.159514
5,5,888.727,214.483,214.483,848.15,0.27881
5,7,851.853,173.168,173.168,769.648,0.622459
5,24,70.2907,10.3214,10.3214,72.9741,-0.214293
5,48,1.65806,0.154933,0.154933,1.54407,0.430218
5,72,0.026385,0.0023253,0.0023253,0.0284912,-0.430805
5,96,0.000553106,3.48352e-5,3.48352e-5,0.000494947,0.684799
5,97,49.4869,14.0427,14.0427,45.9708,0.445734
5,98,194.641,44.4962,44.4962,153.44,1.56483
5,101,729.321,142.084,142.084,567.121,1.66677
5,103,629.917,143.061,143.061,646.743,-0.151617
5,120,110.387,11.207,11.207,105.652,0.261184
5,144,2.95154,0.166494,0.166494,2.58983,0.813942
5,168,0.0419064,0.0024291,0.0024291,0.0496317,-0.907105
5,192,0.00095475,3.56926e-5,3.56926e-5,0.000867719,0.584516
5,193,48.8371,17.8319,17.8319,49.4498,-0.072212
5,194,155.21,56.5097,56.5097,165.051,-0.347485
5,197,711.982,183.547,183.547,619.323,0.871903
5,199,631.784,186.378,186.378,717.966,-0.69954
5,216,146.483,14.9965,14.9965,127.439,0.870873
5,240,3.12622,0.226491,0.226491,3.23806,-0.201285
5,264,0.0627608,0.0033772,0.0033772,0.0633916,-0.0579899
5,288,0.00114861,5.02846e-5,5.02846e-5,0.0011291,0.1007
5,289,64.0889,25.5467,25.5467,64.9044,-0.0732254
5,290,202.251,80.805,80.805,216.068,-0.372689
5,293,775.693,262.188,262.188,813.254,-0.269164
5,295,1006.79,267.399,267.399,946.45,0.371522
5,312,187.736,21.7976,21.7976,172.931,0.498937
5,336,4.51702,0.329379,0.329379,4.44469,0.0948374
5,360,0.0938637,0.00490973,0.00490973,0.0873293,0.436061
5,384,0.00153224,7.30531e-5,7.30531e-5,0.00155904,-0.10019
5,385,55.5424,20.58,20.58,48.0674,0.906291
5,386,139.618,65.1672,65.1672,160.146,-0.747038
5,389,604.005,213.648,213.648,606.186,-0.0209658
5,391,736.475,220.234,220.234,712.64,0.194911
5,408,152.393,18.3575,18.3575,137.985,0.608522
5,432,4.43945,0.277709,0.277709,3.63935,1.28122
5,456,0.058212,0.00414199,0.00414199,0.0725803,-1.15369
5,480,0.00133397,6.17282e-5,6.17282e-5,0.00130414,0.133301
5,481,34.091,18.4507,18.4507,40.927,-0.97341
5,482,126.629,58.4442,58.4442,136.391,-0.417122
5,485,512.71,192.224,192.224,517.606,-0.0551248
5,487,706.701,198.727,198.727,611.062,0.912116
5,504,119.182,16.6783,16.6783,121.011,-0.0880904
5,528,3.16206,0.252535,0.252535,3.21707,-0.0996523
5,552,0.0752978,0.00376333,0.00376333,0.063779,1.05253
5,576,0.00118799,5.58917e-5,5.58917e-5,0.00114096,0.240226
5,577,34.9038,17.1936,17.1936,36.6778,-0.281862
5,578,127.666,54.471,54.471,122.246,0.258384
5,581,464.504,180.021,180.021,464.573,-0.000868901
5,583,586.712,186.058,186.058,549.311,0.396797
5,600,109.949,15.5376,15.5376,109.925,0.00127704
5,624,3.02333,0.233955,0.233955,2.92247,0.201125
5,648,0.0533022,0.00344431,0.00344431,0.0581705,-0.487727
6,0,0,0,0,0,0
6,1,50.5504,102.244,102.244,43.8205,0.895026
6,2,59.5643,181.306,181.306,58.186,0.138053
6,5,59.5666,214.483,214.483,59.8895,-0.0314207
6,7,46.0978,173.168,173.168,47.2158,-0.138001
6,24,3.19004,10.3214,10.3214,3.2242,-0.0617544
6,48,0.0797031,0.154933,0.154933,0.0691741,0.887044
6,72,0.0012568,0.0023253,0.0023253,0.00147972,-0.877945
6,96,2.62491e-5,3.48352e-5,3.48352e-5,3.15526e-5,-0.979558
6,97,6.15804,14.0427,14.0427,5.76805,0.39403
6,98,17.5576,44.4962,44.4962,17.3228,0.0789863
6,101,47.2034,142.084,142.084,49.6024,-0.281847
6,103,41.3586,143.061,143.061,45.4728,-0.527275
6,120,3.51959,11.207,11.207,3.38685,0.228412
6,144,0.0687751,0.166494,0.166494,0.0713802,-0.212691
6,168,0.00170341,0.0024291,0.0024291,0.00150509,0.767931
6,192,2.87363e-5,3.56926e-5,3.56926e-5,3.1563e-5,-0.521922
6,193,6.30417,17.8319,17.8319,8.50432,-1.5077
6,194,25.3208,56.5097,56.5097,25.55,-0.0522823
6,197,81.7674,183.547,183.547,72.9808,0.701638
6,199,75.0773,186.378,186.378,67.4034,0.663488
6,216,4.97697,14.9965,14.9965,5.04094,-0.0739557
6,240,0.105531,0.226491,0.226491,0.104918,0.0340368
6,264,0.00211403,0.0033772,0.0033772,0.0021796,-0.175325
6,288,4.99447e-5,5.02846e-5,5.02846e-5,4.5498e-5,0.569575
6,289,12.268,25.5467,25.5467,13.7667,-0.634429
6,290,41.5156,80.805,80.805,41.3087,0.0291983
6,293,119.224,262.188,262.188,118.78,0.0217834
6,295,116.384,267.399,267.399,110.252,0.324108
6,312,8.7407,21.7976,21.7976,8.26584,0.334794
6,336,0.199388,0.329379,0.329379,0.175086,0.808864
6,360,0.00379664,0.00490973,0.00490973,0.00367912,0.186146
6,384,8.03718e-5,7.30531e-5,7.30531e-5,7.6677e-5,0.280818
6,385,12.7301,20.58,20.58,12.4097,0.150461
6,386,39.2652,65.1672,65.1672,37.2692,0.312116
6,389,100.822,213.648,213.648,107.701,-0.372215
6,391,97.732,220.234,220.234,100.302,-0.149324
6,408,8.80336,18.3575,18.3575,7.56962,0.949842
6,432,0.141704,0.277709,0.277709,0.160406,-0.679454
6,456,0.00372895,0.00414199,0.00414199,0.00339686,0.569753
6,480,7.95643e-5,6.17282e-5,6.17282e-5,7.1854e-5,0.625353
6,481,13.0302,18.4507,18.4507,11.8561,0.577155
6,482,41.0481,58.4442,58.4442,35.6147,0.889085
6,485,117.943,192.224,192.224,103.094,0.839413
6,487,92.5553,198.727,198.727,96.1791,-0.219575
6,504,7.50337,16.6783,16.6783,7.27344,0.18423
6,528,0.168906,0.252535,0.252535,0.153246,0.595517
6,552,0.002822,0.00376333,0.00376333,0.00323042,-0.736802
6,576,5.93405e-5,5.58917e-5,5.58917e-5,6.79718e-5,-0.740033
6,577,14.6394,17.1936,17.1936,11.5435,1.56294
6,578,34.1755,54.471,54.471,34.6793,-0.0846497
6,581,100.255,180.021,180.021,100.475,-0.0127955
6,583,95.1555,186.058,186.058,93.7913,0.0847676
6,600,7.81591,15.5376,15.5376,7.06368,0.620609
6,624,0.152117,0.233955,0.233955,0.148421,0.145132
6,648,0.00354576,0.00344431,0.00344431,0.00313581,0.761856
7,0,0,0,0,0,0
7,1,111.936,102.244,102.244,112.606,-0.0346755
7,2,261.478,181.306,181.306,319.529,-1.05876
7,5,565.851,214.483,214.483,619.384,-0.503694
7,7,546.117,173.168,173.168,553.704,-0.0798542
7,24,55.962,10.3214,10.3214,51.5376,0.500302
7,48,1.27066,0.154933,0.154933,1.20571,0.313922
7,72,0.0278803,0.0023253,0.0023253,0.0272784,0.128595
7,96,0.0006153,3.48352e-5,3.48352e-5,0.00061582,-0.00491529
7,97,30.7847,14.0427,14.0427,35.0678,-0.711799
7,98,126.879,44.4962,44.4962,115.228,0.58929
7,101,362.11,142.084,142.084,409.658,-0.676415
7,103,415.177,143.061,143.061,449.517,-0.445193
7,120,52.375,11.207,11.207,60.8666,-0.813034
7,144,1.38702,0.166494,0.166494,1.47286,-0.339666
7,168,0.0377828,0.0024291,0.0024291,0.0332309,0.798284
7,192,0.000733799,3.56926e-5,3.56926e-5,0.000744666,-0.0850406
7,193,39.5204,17.8319,17.8319,39.1962,0.0482053
7,194,136.223,56.5097,56.5097,128.794,0.33615
7,197,561.283,183.547,183.547,462.559,1.24382
7,199,503.438,186.378,186.378,515.034,-0.131211
7,216,73.0455,14.9965,14.9965,73.346,-0.0238784
7,240,1.3352,0.226491,0.226491,1.8036,-1.51351
7,264,0.0459879,0.0033772,0.0033772,0.0408955,0.725681
7,288,0.000970531,5.02846e-5,5.02846e-5,0.000922026,0.306581
7,289,78.5856,31.3038,31.3038,63.5885,1.37445
7,290,236.154,98.8558,98.8558,208.095,0.785782
7,293,825.406,322.184,322.184,747.48,0.607552
7,295,959.523,327.098,327.098,831.373,0.898307
7,312,108.485,26.4529,26.4529,119.149,-0.521616
7,336,2.51669,0.402742,0.402742,2.93458,-0.829885
7,360,0.0581184,0.00605313,0.00605313,0.0665313,-0.736927
7,384,0.00143653,9.09541e-5,9.09541e-5,0.00149953,-0.244837
7,385,45.9335,24.3934,24.3934,45.025,0.117596
7,386,158.832,77.1483,77.1483,147.53,0.446461
7,389,534.218,251.822,251.822,532.749,0.0160645
7,391,606.413,259.832,259.832,601.225,0.0502887
7,408,107.076,21.6711,21.6711,90.473,1.06945
7,432,2.57577,0.32773,0.32773,2.22132,0.929903
7,456,0.0519995,0.00488669,0.00488669,0.0501796,0.211364
7,480,0.00122857,7.27869e-5,7.27869e-5,0.00112507,0.536108
7,481,34.107,21.7806,21.7806,38.0111,-0.598562
7,482,142.428,68.9115,68.9115,124.59,0.834359
7,485,524.752,226.046,226.046,451.565,0.944527
7,487,536.686,233.854,233.854,511.426,0.287843
7,504,88.4932,19.6658,19.6658,78.2809,0.760273
7,528,2.24323,0.298911,0.298911,1.90915,1.01978
7,552,0.0493307,0.00445107,0.00445107,0.0423461,0.961241
7,576,0.000939958,6.59797e-5,6.59797e-5,0.00093184,0.0507649
7,577,38.5139,20.2918,20.2918,33.9676,0.78
7,578,102.265,64.2121,64.2121,111.354,-0.475678
7,581,379.573,211.261,211.261,405.322,-0.370215
7,583,460.733,218.797,218.797,459.858,0.0110836
7,600,81.1808,18.3746,18.3746,71.0906,0.827166
7,624,1.76381,0.276232,0.276232,1.77484,-0.0361916
7,648,0.039124,0.00409412,0.00409412,0.0402652,-0.165169
8,0,0,0,0,0,0
8,1,51.4027,102.244,102.244,57.2167,-0.59218
8,2,85.7962,181.306,181.306,86.3348,-0.0363548
8,5,86.5705,214.483,214.483,89.0783,-0.164072
8,7,68.7564,173.168,173.168,67.3842,0.11867
8,24,2.15065,10.3214,10.3214,2.57243,-0.955513
8,48,0.0154582,0.154933,0.154933,0.0222939,-1.78689
8,72,9.35106e-5,0.0023253,0.0023253,0.000193185,-3.00685
8,96,3.14226e-6,3.48352e-5,3.48352e-5,1.74916e-6,4.64148
8,97,9.20729,14.0427,14.0427,7.90771,0.957758
8,98,30.805,44.4962,44.4962,24.0701,1.63063
8,101,86.116,142.084,142.084,68.7673,1.47024
8,103,62.1701,143.061,143.061,62.7906,-0.057596
8,120,2.45999,11.207,11.207,2.84286,-0.784869
8,144,0.0154083,0.166494,0.166494,0.0248301,-2.21135
8,168,0.000123719,0.0024291,0.0024291,0.000216516,-2.49774
8,192,1.24024e-6,3.56926e-5,3.56926e-5,1.81757e-6,-1.8511
8,193,10.0135,17.8319,17.8319,10.2963,-0.160056
8,194,40.4004,56.5097,56.5097,31.3661,1.67856
8,197,99.7594,183.547,183.547,91.4423,0.530066
8,199,102.579,186.378,186.378,84.3207,1.26187
8,216,3.429,14.9965,14.9965,3.87386,-0.669239
8,240,0.0229702,0.226491,0.226491,0.0335988,-1.84355
8,264,0.000166434,0.0033772,0.0033772,0.000291216,-2.49712
8,288,2.32285e-6,5.02846e-5,5.02846e-5,2.20818e-6,0.302627
8,289,21.6643,31.3038,31.3038,18.5418,0.981415
8,290,66.502,98.8558,98.8558,56.3188,1.05374
8,293,204.104,322.184,322.184,162.669,1.48444
8,295,137.534,327.098,327.098,150.815,-0.513221
8,312,6.25643,26.4529,26.4529,6.94706,-0.57936
8,336,0.0331181,0.402742,0.402742,0.0598443,-2.60265
8,360,0.000280847,0.00605313,0.00605313,0.000515169,-2.65073
8,384,2.09652e-6,9.09541e-5,9.09541e-5,4.50155e-6,-3.11358
8,385,15.4378,24.3934,24.3934,14.9353,0.196055
8,386,44.8594,77.1483,77.1483,45.4499,-0.075706
8,389,124.369,251.822,251.822,135.004,-0.459103
8,391,131.649,259.832,259.832,126.062,0.25828
8,408,5.05383,21.6711,21.6711,5.87321,-0.813034
8,432,0.0338178,0.32773,0.32773,0.0507672,-1.94568
8,456,0.000269584,0.00488669,0.00488669,0.000428996,-2.16556
8,480,1.86001e-6,7.27869e-5,7.27869e-5,3.46066e-6,-2.6955
8,481,14.5242,21.7806,21.7806,13.5645,0.412306
8,482,53.7223,68.9115,68.9115,41.2984,1.75318
8,485,131.549,226.046,226.046,121.706,0.471326
8,487,123.639,233.854,233.854,114.269,0.477906
8,504,4.86072,19.6658,19.6658,5.40778,-0.589553
8,528,0.035854,0.298911,0.298911,0.0475322,-1.43183
8,552,0.00023714,0.00445107,0.00445107,0.000415851,-2.50447
8,576,8.38067e-6,6.59797e-5,6.59797e-5,3.7012e-6,7.36811
8,577,12.4527,20.2918,20.2918,12.7989,-0.15761
8,578,42.6891,64.2121,64.2121,38.9754,0.555283
8,581,105.618,211.261,211.261,115.395,-0.493736
8,583,115.14,218.797,218.797,108.34,0.365732
8,600,4.16488,18.3746,18.3746,5.14008,-1.10567
8,624,0.0294016,0.276232,0.276232,0.0446026,-1.98616
8,648,0.000190674,0.00409412,0.00409412,0.000386729,-2.95442
9,0,0,0,0,0,0
9,1,125.474,102.244,102.244,130.895,-0.241315
9,2,265.252,181.306,181.306,295.856,-0.602834
9,5,429.36,214.483,214.483,439.125,-0.129601
9,7,362.266,173.168,173.168,386.47,-0.364981
9,24,32.4825,10.3214,10.3214,42.7158,-1.39614
9,48,1.51479,0.154933,0.154933,1.37871,0.57519
9,72,0.0362388,0.0023253,0.0023253,0.0434968,-0.972433
9,96,0.00167274,3.48352e-5,3.48352e-5,0.00137114,1.28189
9,97,20.5446,14.0427,14.0427,19.8223,0.21234
9,98,65.6804,44.4962,44.4962,65.5527,0.0113493
9,101,231.709,142.084,142.084,239.633,-0.192704
9,103,250.051,143.061,143.061,269.803,-0.426647
9,120,43.9564,11.207,11.207,45.3705,-0.181644
9,144,1.30169,0.166494,0.166494,1.51455,-0.819073
9,168,0.0459253,0.0024291,0.0024291,0.0475912,-0.204002
9,192,0.00160999,3.56926e-5,3.56926e-5,0.00148956,0.47118
9,193,26.7882,17.8319,17.8319,24.5735,0.525208
9,194,92.9574,56.5097,56.5097,81.2181,0.842347
9,197,329.455,183.547,183.547,297.621,0.623335
9,199,352.853,186.378,186.378,338.451,0.24799
9,216,48.8811,14.9965,14.9965,59.0748,-1.00561
9,240,1.88218,0.226491,0.226491,2.0013,-0.346876
9,264,0.0620458,0.0033772,0.0033772,0.0637054,-0.151814
9,288,0.00201536,5.02846e-5,5.02846e-5,0.00202068,-0.0153438
9,289,43.2655,31.3038,31.3038,42.1248,0.157809
9,290,130.305,98.8558,98.8558,138.664,-0.351334
9,293,580.65,322.184,322.184,506.092,0.858557
9,295,703.86,327.098,327.098,576.379,1.28896
9,312,112.686,26.4529,26.4529,101.209,0.660839
9,336,4.15269,0.402742,0.402742,3.41892,1.25076
9,360,0.0977562,0.00605313,0.00605313,0.107997,-0.552634
9,384,0.00392861,9.09541e-5,9.09541e-5,0.00340146,0.903184
9,385,26.2946,24.3934,24.3934,31.8005,-1.00902
9,386,101.831,77.1483,77.1483,104.781,-0.16412
9,389,409.127,251.822,251.822,386.541,0.34053
9,391,520.482,259.832,259.832,444.472,0.996609
9,408,80.1634,21.6711,21.6711,81.269,-0.0792768
9,432,2.40719,0.32773,0.32773,2.77325,-0.769258
9,456,0.0964094,0.00488669,0.00488669,0.0883894,0.528784
9,480,0.00254487,7.27869e-5,7.27869e-5,0.00280442,-0.539368
9,481,27.5751,21.7806,21.7806,27.8446,-0.0564196
9,482,102.907,68.9115,68.9115,91.7714,0.707171
9,485,391.479,226.046,226.046,339.722,0.887863
9,487,499.605,233.854,233.854,391.675,1.6059
9,504,69.7887,19.6658,19.6658,72.5186,-0.219378
9,528,2.2867,0.298911,0.298911,2.47973,-0.453665
9,552,0.0744208,0.00445107,0.00445107,0.0790584,-0.341864
9,576,0.00283203,6.59797e-5,6.59797e-5,0.00250858,0.751406
9,577,24.831,20.2918,20.2918,25.5774,-0.170068
9,578,83.7891,64.2121,64.2121,84.3094,-0.0359697
9,581,316.44,211.261,211.261,312.483,0.0738005
9,583,355.724,218.797,218.797,360.757,-0.0813019
9,600,65.0552,18.3746,18.3746,67.2302,-0.188535
9,624,2.2742,0.276232,0.276232,2.29069,-0.04196
9,648,0.0749788,0.00409412,0.00409412,0.0723969,0.207841
10,0,0,0,0,0,0
10,1,697.88,294.797,294.797,626.742,0.661479
10,2,1553.26,430.196,430.196,1638.6,-0.303512
10,5,2572.64,470.563,470.563,2719.42,-0.314552
10,7,2258.96,380.161,380.161,2187.99,0.189025
10,24,125.635,22.9904,22.9904,120.377,0.254537
10,48,1.80974,0.344504,0.344504,1.77977,0.0981383
10,72,0.0278074,0.00513867,0.00513867,0.0263392,0.324852
11,0,0,0,0,0,0
11,1,93.258,294.797,294.797,118.102,-1.22594
11,2,130.76,430.196,430.196,157.455,-0.988039
11,5,211.368,470.563,470.563,190.586,0.635485
11,7,182.38,380.161,380.161,168.722,0.471728
11,24,18.8854,22.9904,22.9904,17.2729,0.544062
11,48,0.37464,0.344504,0.344504,0.389056,-0.215948
11,72,0.00814122,0.00513867,0.00513867,0.00801574,0.0912281
11,96,0.000162498,7.64315e-5,7.64315e-5,0.000163434,-0.0333544
11,97,7.19901,15.0443,15.0443,7.59112,-0.301028
11,98,24.6539,47.7241,47.7241,25.103,-0.104259
11,101,100.248,155.775,155.775,92.654,0.477682
11,103,121.158,159.668,159.668,106.062,0.8295
11,120,19.3553,13.0425,13.0425,17.1128,0.763688
11,144,0.411446,0.194847,0.194847,0.407956,0.049854
11,168,0.00906364,0.00285834,0.00285834,0.00836788,0.484564
11,192,0.000172446,4.2123e-5,4.2123e-5,0.000168108,0.15037
11,193,16.752,29.0256,29.0256,15.6759,0.400047
11,194,47.2958,91.7138,91.7138,51.6273,-0.488946
11,197,196.524,297.134,297.134,189.911,0.202952
11,199,211.857,303.757,303.757,217.775,-0.158383
11,216,37.7105,24.8995,24.8995,35.6148,0.342929
11,240,0.796794,0.376308,0.376308,0.85203,-0.377811
11,264,0.0177315,0.00561154,0.00561154,0.017501,0.0767592
11,288,0.000368537,8.35967e-5,8.35967e-5,0.000352211,0.27014
11,289,29.1359,44.489,44.489,26.907,0.482738
11,290,95.4778,139.847,139.847,88.0761,0.489753
11,293,297.588,452.603,452.603,322.128,-0.443962
11,295,400.311,465.31,465.31,370.849,0.462983
11,312,59.7095,38.6344,38.6344,62.0512,-0.219926
11,336,1.54205,0.584281,0.584281,1.49312,0.190984
11,360,0.0319209,0.00871289,0.00871289,0.0306274,0.246117
11,384,0.000564571,0.000129939,0.000129939,0.000614541,-0.473869
11,385,28.6125,37.808,37.808,25.5527,0.697828
11,386,89.81,118.947,118.947,83.6633,0.428162
11,389,354.991,387.147,387.147,305.668,0.940381
11,391,362.728,401.232,401.232,353.278,0.155884
11,408,64.7812,33.7483,33.7483,59.9093,0.473924
11,432,1.57009,0.506625,0.506625,1.44377,0.509884
11,456,0.0278173,0.00747476,0.00747476,0.0296479,-0.35982
11,480,0.000593722,0.000110514,0.000110514,0.000595753,-0.0198659
11,481,24.7841,34.8605,34.8605,25.0296,-0.0571483
11,482,84.7275,109.704,109.704,81.9553,0.197127
11,485,329.764,359.027,359.027,299.611,0.586515
11,487,338.689,372.589,372.589,346.512,-0.13158
11,504,56.9534,31.5715,31.5715,58.9604,-0.198379
11,528,1.48524,0.477915,0.477915,1.42177,0.260163
11,552,0.0246308,0.00712706,0.00712706,0.0292273,-0.916504
11,576,0.000645772,0.000106177,0.000106177,0.000588257,0.569791
11,577,30.019,33.1134,33.1134,24.7467,1.24161
11,578,78.2356,104.22,104.22,81.0312,-0.201057
11,581,345.596,342.22,342.22,296.301,0.969547
11,583,330.955,355.234,355.234,342.781,-0.201058
11,600,62.4456,30.2517,30.2517,58.4144,0.402182
11,624,1.51489,0.458184,0.458184,1.41029,0.432207
11,648,0.0282753,0.00682904,0.00682904,0.0289548,-0.136773
12,0,0,0,0,0,0
12,1,323.212,294.797,294.797,361.245,-0.613562
12,2,494.626,430.196,430.196,576.641,-0.828876
12,5,799.967,470.563,470.563,703.309,0.80093
12,7,728.464,380.161,380.161,612.819,1.09976
12,24,64.6569,22.9904,22.9904,68.8306,-0.353383
12,48,2.04345,0.344504,0.344504,2.22857,-0.484091
12,72,0.0792879,0.00513867,0.00513867,0.070286,0.746399
13,0,0,0,0,0,0
13,1,294.652,294.797,294.797,293.679,0.0193138
13,2,424.627,430.196,430.196,437.361,-0.16968
13,5,559.926,470.563,470.563,467.892,1.14632
13,7,354.491,380.161,380.161,369.667,-0.23925
13,24,23.2632,22.9904,22.9904,23.4541,-0.047439
13,48,0.441485,0.344504,0.344504,0.429553,0.161878
13,72,0.00895296,0.00513867,0.00513867,0.00784645,0.821833
13,96,0.000181636,7.64315e-5,7.64315e-5,0.000144265,1.50967
13,97,16.5781,15.0443,15.0443,15.5816,0.372719
13,98,48.0765,47.7241,47.7241,47.7233,0.0431289
13,101,129.463,155.775,155.775,142.949,-0.549787
13,103,142.941,159.668,159.668,136.472,0.276245
13,120,8.07141,13.0425,13.0425,10.0481,-1.14646
13,144,0.174249,0.194847,0.194847,0.186346,-0.378342
13,168,0.00361841,0.00285834,0.00285834,0.00345791,0.270509
13,192,7.43059e-5,4.2123e-5,4.2123e-5,6.43132e-5,0.905496
13,193,35.0652,29.0256,29.0256,30.3057,0.915244
13,194,83.0372,91.7138,91.7138,92.4861,-0.595392
13,197,237.628,297.134,297.134,274.356,-0.780174
13,199,287.362,303.757,303.757,261.582,0.57436
13,216,17.9884,24.8995,24.8995,19.2804,-0.390519
13,240,0.344742,0.376308,0.376308,0.362938,-0.292189
13,264,0.00604868,0.00561154,0.00561154,0.00682301,-0.661387
13,288,0.000129514,8.35967e-5,8.35967e-5,0.000127981,0.0698035
13,289,45.5507,44.489,44.489,46.0578,-0.0641702
13,290,143.808,139.847,139.847,139.938,0.161184
13,293,415.428,452.603,452.603,418.173,-0.0382542
13,295,482.557,465.31,465.31,399.27,1.21566
13,312,31.1904,38.6344,38.6344,29.524,0.328939
13,336,0.491444,0.584281,0.584281,0.552707,-0.645962
13,360,0.00937891,0.00871289,0.00871289,0.0103436,-0.543533
13,384,0.000183533,0.000129939,0.000129939,0.000193572,-0.302256
13,385,34.3927,37.808,37.808,38.3512,-0.601534
13,386,117.549,118.947,118.947,116.647,0.0450687
13,389,351.872,387.147,387.147,349.128,0.0457998
13,391,317.188,401.232,401.232,336.038,-0.326895
13,408,26.2535,33.7483,33.7483,25.0812,0.27239
13,432,0.501211,0.506625,0.506625,0.462551,0.487088
13,456,0.00937329,0.00747476,0.00747476,0.00851472,0.587635
13,480,0.000152748,0.000110514,0.000110514,0.000157189,-0.164637
13,481,44.644,34.8605,34.8605,34.8741,1.63263
13,482,111.909,109.704,109.704,106.108,0.318633
13,485,336.893,359.027,359.027,319.678,0.313826
13,487,365.54,372.589,372.589,308.041,1.08782
13,504,25.5122,31.5715,31.5715,23.0899,0.611397
13,528,0.475466,0.477915,0.477915,0.430187,0.613394
13,552,0.00874297,0.00712706,0.00712706,0.0080154,0.528997
13,576,0.000145679,0.000106177,0.000106177,0.000149274,-0.140334
13,577,29.9471,33.1134,33.1134,32.7759,-0.502995
13,578,107.985,104.22,104.22,99.7409,0.481725
13,581,343.415,342.22,342.22,300.145,0.840144
13,583,288.188,355.234,355.234,289.73,-0.0310101
13,600,22.5808,30.2517,30.2517,21.7225,0.230245
13,624,0.335013,0.458184,0.458184,0.401772,-0.968354
13,648,0.00849725,0.00682904,0.00682904,0.0074232,0.843211
14,0,0,0,0,0,0
14,1,339.53,294.797,294.797,330.822,0.153399
14,2,383.712,430.196,430.196,469.529,-1.06515
14,5,402.686,470.563,470.563,476.347,-0.901195
14,7,375.452,380.161,380.161,367.849,0.120457
14,24,25.1424,22.9904,22.9904,24.6529,0.115713
14,48,0.56365,0.344504,0.344504,0.524152,0.439155
14,72,0.0116365,0.00513867,0.00513867,0.0111751,0.240665
14,96,0.00019805,7.64315e-5,7.64315e-5,0.000238386,-0.986084
14,97,18.1366,15.0443,15.0443,18.1903,-0.0172024
14,98,54.1447,47.7241,47.7241,52.9844,0.127626
14,101,161.817,155.775,155.775,141.751,0.824998
14,103,124.654,159.668,159.668,124.934,-0.0130551
14,120,8.2388,13.0425,13.0425,8.90835,-0.438015
14,144,0.185927,0.194847,0.194847,0.192997,-0.21351
14,168,0.00350915,0.00285834,0.00285834,0.00417562,-0.930167
14,192,9.16668e-5,4.2123e-5,4.2123e-5,9.02279e-5,0.0929337
14,193,37.5037,29.0256,29.0256,36.0256,0.239104
14,194,103.022,91.7138,91.7138,104.609,-0.0883828
14,197,287.282,297.134,297.134,280.443,0.142122
14,199,232.227,303.757,303.757,246.086,-0.328203
14,216,18.1398,24.8995,24.8995,17.527,0.203766
14,240,0.400655,0.376308,0.376308,0.378623,0.339118
14,264,0.00853057,0.00561154,0.00561154,0.00817925,0.25032
14,288,0.000198905,8.35967e-5,8.35967e-5,0.000176655,0.734018
14,289,58.8123,44.489,44.489,55.4274,0.355892
14,290,187.339,139.847,139.847,160.389,0.979216
14,293,500.332,452.603,452.603,425.768,1.02061
14,295,445.084,465.31,465.31,375.426,1.08131
14,312,27.5396,38.6344,38.6344,26.6768,0.188486
14,336,0.568936,0.584281,0.584281,0.564532,0.045471
14,360,0.0113214,0.00871289,0.00871289,0.0119223,-0.293708
14,384,0.00029525,0.000129939,0.000129939,0.000252872,0.976662
14,385,52.3604,37.808,37.808,46.4645,0.739495
14,386,161.158,118.947,118.947,134.618,1.14897
14,389,331.263,387.147,387.147,360.812,-0.477265
14,391,345.297,401.232,401.232,319.613,0.468309
14,408,25.929,33.7483,33.7483,22.8562,0.783496
14,432,0.518853,0.506625,0.506625,0.494044,0.292644
14,456,0.0117791,0.00747476,0.00747476,0.0106688,0.606473
14,480,0.000252286,0.000110514,0.000110514,0.000230257,0.557539
14,481,44.3637,34.8605,34.8605,42.3253,0.280667
14,482,129.702,109.704,109.704,122.675,0.333849
14,485,334.916,359.027,359.027,331.508,0.059914
14,487,255.354,372.589,372.589,293.617,-0.759445
14,504,24.4065,31.5715,31.5715,21.0584,0.926553
14,528,0.39543,0.477915,0.477915,0.458539,-0.80208
14,552,0.00940692,0.00712706,0.00712706,0.00997298,-0.330784
14,576,0.000247036,0.000106177,0.000106177,0.000216372,0.825889
14,577,40.3377,33.1134,33.1134,39.8085,0.0774683
14,578,129.707,104.22,104.22,115.402,0.722357
14,581,316.392,342.22,342.22,314.65,0.0322589
14,583,275.375,355.234,355.234,278.577,-0.0669843
14,600,20.2504,30.2517,30.2517,19.9829,0.0779966
14,624,0.466322,0.458184,0.458184,0.434044,0.433396
14,648,0.00929637,0.00682904,0.00682904,0.0094099,-0.0703091
15,0,0,0,0,0,0
15,1,112.756,294.797,294.797,122.125,-0.44707
15,2,119.342,430.196,430.196,156.416,-1.38133
15,5,117.671,470.563,470.563,155.101,-1.40642
15,7,105.862,380.161,380.161,118.289,-0.612227
15,24,4.94034,22.9904,22.9904,5.33016,-0.426213
15,48,0.0528028,0.344504,0.344504,0.0620492,-0.868432
15,72,0.000500574,0.00513867,0.00513867,0.000715083,-1.7482
15,96,6.72788e-6,7.64315e-5,7.64315e-5,7.84363e-6,-0.828994
15,97,8.42315,15.0443,15.0443,7.96846,0.332539
15,98,26.6434,47.7241,47.7241,23.7636,0.706244
15,101,65.9113,155.775,155.775,66.844,-0.0813164
15,103,63.1608,159.668,159.668,59.8608,0.321271
15,120,3.48614,13.0425,13.0425,3.0108,0.920079
15,144,0.0413377,0.194847,0.194847,0.0353957,0.978337
15,168,0.00036135,0.00285834,0.00285834,0.000415293,-0.756972
15,192,5.90499e-6,4.2123e-5,4.2123e-5,4.79484e-6,1.3493
15,193,18.9862,29.0256,29.0256,15.9916,1.09129
15,194,55.5224,91.7138,91.7138,47.5426,0.978157
15,197,130.05,297.134,297.134,131.913,-0.0823113
15,199,152.028,303.757,303.757,118.382,1.65632
15,216,6.08092,24.8995,24.8995,5.96393,0.114323
15,240,0.069075,0.376308,0.376308,0.0702158,-0.0946814
15,264,0.000775234,0.00561154,0.00561154,0.000824816,-0.35032
15,288,1.01256e-5,8.35967e-5,8.35967e-5,9.71055e-6,0.249105
15,289,32.5841,44.489,44.489,25.9072,1.50195
15,290,94.1569,139.847,139.847,76.7298,1.32362
15,293,273.091,452.603,452.603,213.236,1.63586
15,295,224.07,465.31,465.31,192.156,0.967927
15,312,8.5488,38.6344,38.6344,9.72,-0.702207
15,336,0.128254,0.584281,0.584281,0.112699,0.804379
15,360,0.00142807,0.00871289,0.00871289,0.00130747,0.537564
15,384,2.23697e-5,0.000129939,0.000129939,1.50133e-5,2.85555
15,385,28.7756,37.808,37.808,23.2294,1.39141
15,386,74.606,118.947,118.947,68.8648,0.485851
15,389,212.846,387.147,387.147,193.855,0.570898
15,391,215.799,401.232,401.232,175.292,1.34669
15,408,9.0012,33.7483,33.7483,8.89435,0.0700135
15,432,0.106309,0.506625,0.506625,0.103753,0.143624
15,456,0.00133012,0.00747476,0.00747476,0.00120994,0.578861
15,480,1.72165e-5,0.000110514,0.000110514,1.40346e-5,1.32123
15,481,28.3286,34.8605,34.8605,22.0781,1.6499
15,482,83.4572,109.704,109.704,65.4698,1.60114
15,485,214.879,359.027,359.027,183.9,0.981721
15,487,246.091,372.589,372.589,166.636,2.77876
15,504,9.7087,31.5715,31.5715,8.49996,0.828738
15,528,0.105133,0.477915,0.477915,0.100161,0.289285
15,552,0.000947853,0.00712706,0.00712706,0.00117687,-1.13409
15,576,1.3149e-5,0.000106177,0.000106177,1.37514e-5,-0.25529
15,577,21.5863,33.1134,33.1134,21.4162,0.0462891
15,578,80.9945,104.22,104.22,63.515,1.60382
15,581,191.385,342.22,342.22,178.94,0.405317
15,583,172.582,355.234,355.234,162.129,0.375732
15,600,10.3201,30.2517,30.2517,8.20752,1.50006
15,624,0.107698,0.458184,0.458184,0.0943696,0.823092
15,648,0.00121604,0.00682904,0.00682904,0.00108598,0.697946
16,0,0,0,0,0,0
16,1,502.185,440.566,440.566,426.601,1.03255
16,2,528.944,610.297,610.297,582.605,-0.536772
16,5,548.029,658.744,658.744,603.777,-0.538092
16,7,487.657,534.394,534.394,471.874,0.194929
16,24,19.5314,32.6081,32.6081,18.7075,0.256677
16,48,0.11434,0.493157,0.493157,0.139168,-1.03971
16,72,0.000860843,0.00733779,0.00733779,0.0010197,-0.907911
16,96,5.80481e-6,0.000110349,0.000110349,6.91341e-6,-0.934511
16,97,32.2344,28.4417,28.4417,29.6502,0.507928
16,98,107.335,89.8811,89.8811,92.9677,0.900628
16,101,280.234,292.786,292.786,296.591,-0.321392
16,103,290.32,299.709,299.709,293.563,-0.0643684
16,120,11.7416,24.5958,24.5958,16.3661,-1.64672
16,144,0.100464,0.371969,0.371969,0.124638,-1.13032
16,168,0.000759867,0.00555084,0.00555084,0.000917124,-0.999275
16,192,1.17266e-5,8.28231e-5,8.28231e-5,6.38491e-6,4.87561
16,193,50.1641,44.0866,44.0866,44.9401,0.677439
16,194,128.228,138.59,138.59,140.178,-0.496829
16,197,439.784,448.649,448.649,440.314,-0.00700807
16,199,441.764,461.488,461.488,440.685,0.0142699
16,216,24.0073,38.3763,38.3763,24.964,-0.223353
16,240,0.161923,0.580215,0.580215,0.188629,-0.825102
16,264,0.00111727,0.00865099,0.00865099,0.00137819,-1.10329
16,288,8.34527e-6,0.000129019,0.000129019,1.00897e-5,-1.00758
16,289,48.2325,54.2369,54.2369,54.5828,-0.678015
16,290,178.937,169.713,169.713,169.48,0.325201
16,293,551.265,547.094,547.094,531.853,0.212705
16,295,642.523,567.076,567.076,535.879,1.15977
16,312,29.9921,47.8778,47.8778,31.1617,-0.218744
16,336,0.252519,0.723416,0.723416,0.235849,0.41191
16,360,0.00130451,0.0108277,0.0108277,0.00172475,-1.41995
16,384,1.48607e-5,0.000161903,0.000161903,1.26655e-5,1.01003
16,385,54.8381,48.8512,48.8512,48.7889,0.722556
16,386,162.946,152.931,152.931,151.576,0.437164
16,389,527.266,498.964,498.964,478.074,0.599659
16,391,628.92,517.88,517.88,484.473,1.73755
16,408,32.2196,44.011,44.011,28.514,0.757364
16,432,0.215069,0.668981,0.668981,0.21796,-0.0772942
16,456,0.00126898,0.00996183,0.00996183,0.00160945,-1.2328
16,480,1.28521e-5,0.000148282,0.000148282,1.17645e-5,0.538769
16,481,53.4291,46.1008,46.1008,45.8526,0.962959
16,482,150.374,144.346,144.346,142.483,0.322726
16,485,497.337,469.593,469.593,452.455,0.578099
16,487,545.788,488.486,488.486,458.636,1.10742
16,504,26.9721,41.3543,41.3543,27.187,-0.0460625
16,528,0.198532,0.62364,0.62364,0.205453,-0.196327
16,552,0.00129942,0.00927962,0.00927962,0.00152,-0.845699
16,576,9.69476e-6,0.000137744,0.000137744,1.12911e-5,-0.823947
16,577,44.6203,44.3895,44.3895,44.0178,0.0797734
16,578,172.54,139,139,136.796,1.52275
16,581,459.245,450.797,450.797,433.625,0.344325
16,583,378.088,470.146,470.146,440.271,-0.8231
16,600,23.3755,40.3058,40.3058,26.132,-0.61475
16,624,0.154868,0.616004,0.616004,0.199715,-1.30863
16,648,0.00125003,0.00926858,0.00926858,0.0014736,-0.884191
17,0,0,0,0,0,0
17,1,1010.91,440.566,440.566,1038.14,-0.152906
17,2,2013.7,610.297,610.297,2073.97,-0.169358
17,5,3321.25,658.744,658.744,2702.47,1.33438
17,7,2094.85,534.394,534.394,2259.74,-0.425242
17,24,166.479,32.6081,32.6081,189.471,-0.707197
17,48,3.9092,0.493157,0.493157,4.78325,-1.06492
17,72,0.14392,0.00733779,0.00733779,0.120518,1.13163
18,0,0,0,0,0,0
18,1,130.267,440.566,440.566,172.598,-1.4293
18,2,153.4,610.297,610.297,228.234,-1.91082
18,5,206.148,658.744,658.744,248.578,-0.994737
18,7,202.23,534.394,534.394,203.732,-0.0429698
18,24,11.5122,32.6081,32.6081,12.3645,-0.40173
18,48,0.168775,0.493157,0.493157,0.162191,0.236574
18,72,0.00229858,0.00733779,0.00733779,0.00212013,0.490507
18,96,2.4323e-5,0.000110349,0.000110349,2.76561e-5,-0.702347
18,97,13.6207,28.4417,28.4417,12.7052,0.419922
18,98,52.2493,89.8811,89.8811,40.2031,1.7462
18,101,121.456,292.786,292.786,131.195,-0.432609
18,103,162.679,299.709,299.709,134.912,1.19943
18,120,12.3787,24.5958,24.5958,10.9326,0.770814
18,144,0.200779,0.371969,0.371969,0.155249,1.70911
18,168,0.00251186,0.00555084,0.00555084,0.0021687,0.922133
18,192,2.35369e-5,8.28231e-5,8.28231e-5,3.0268e-5,-1.29599
18,193,24.2552,44.0866,44.0866,20.2757,1.14384
18,194,76.5828,138.59,138.59,63.8272,1.16465
18,197,257.052,448.649,448.649,207.09,1.40599
18,199,249.764,461.488,461.488,214.263,0.965595
18,216,21.3238,38.3763,38.3763,17.7078,1.19004
18,240,0.27681,0.580215,0.580215,0.253304,0.540799
18,264,0.00399365,0.00865099,0.00865099,0.00355875,0.712189
18,288,7.27181e-5,0.000129019,0.000129019,4.99086e-5,2.66343
18,289,28.9592,54.2369,54.2369,25.909,0.686109
18,290,100.788,169.713,169.713,81.1785,1.40776
18,293,386.078,547.094,547.094,263.525,2.7102
18,295,410.65,567.076,567.076,274.079,2.90393
18,312,26.5729,47.8778,47.8778,22.9065,0.932786
18,336,0.467885,0.723416,0.723416,0.325406,2.55169
18,360,0.0052408,0.0108277,0.0108277,0.00454753,0.888438
18,384,0.000100612,0.000161903,0.000161903,6.33988e-5,3.4207
18,385,29.9997,48.8512,48.8512,24.0909,1.4294
18,386,110.308,152.931,152.931,75.5094,2.68575
18,389,348.559,498.964,498.964,246.025,2.4288
18,391,365.87,517.88,517.88,256.599,2.48173
18,408,33.035,44.011,44.011,21.6387,3.06926
18,432,0.369551,0.668981,0.668981,0.307667,1.17221
18,456,0.00604063,0.00996183,0.00996183,0.00429147,2.37533
18,480,0.000100663,0.000148282,0.000148282,5.97322e-5,3.99336
18,481,32.5699,46.1008,46.1008,23.1991,2.35401
18,482,101.08,144.346,144.346,72.7235,2.27236
18,485,325.604,469.593,469.593,237.01,2.17841
18,487,348.206,488.486,488.486,247.506,2.37107
18,504,26.6839,41.3543,41.3543,20.983,1.58334
18,528,0.361293,0.62364,0.62364,0.30058,1.17712
18,552,0.00469596,0.00927962,0.00927962,0.00422185,0.654443
18,576,6.83365e-5,0.000137744,0.000137744,5.91911e-5,0.90042
18,577,28.7369,44.3895,44.3895,22.6574,1.56371
18,578,112.925,139,139,71.03,3.43737
18,581,348.203,450.797,450.797,231.533,2.93662
18,583,317.465,470.146,470.146,241.967,1.81836
18,600,24.1922,40.3058,40.3058,20.5106,1.04609
18,624,0.353913,0.616004,0.616004,0.296567,1.12687
18,648,0.00578204,0.00926858,0.00926858,0.00420724,2.18137
19,0,0,0,0,0,0
19,1,287.262,440.566,440.566,300.759,-0.26153
19,2,452.663,610.297,610.297,411.699,0.579864
19,5,470.507,658.744,658.744,494.723,-0.285264
19,7,510.468,534.394,534.394,441.89,0.90443
19,24,57.3823,32.6081,32.6081,53.8974,0.376811
19,48,1.99806,0.493157,0.493157,1.69401,1.046
19,72,0.0485126,0.00733779,0.00733779,0.0496582,-0.134434
19,96,0.00158135,0.000110349,0.000110349,0.00144541,0.5481
19,97,19.9723,28.4417,28.4417,19.5424,0.128191
19,98,73.4236,89.8811,89.8811,64.7622,0.779412
19,101,242.503,292.786,292.786,243.232,-0.0174576
19,103,287.166,299.709,299.709,283.1,0.0837059
19,120,45.8649,24.5958,24.5958,55.528,-1.01416
19,144,2.06853,0.371969,0.371969,1.83941,0.725927
19,168,0.0421791,0.00555084,0.00555084,0.0539951,-1.27532
19,192,0.00151325,8.28231e-5,8.28231e-5,0.00156279,-0.184761
19,193,35.7896,44.0866,44.0866,31.7752,0.736256
19,194,107.93,138.59,138.59,104.658,0.182174
19,197,465.915,448.649,448.649,390.819,1.11981
19,199,447.346,461.488,461.488,456.597,-0.118081
19,216,79.4919,38.3763,38.3763,91.8493,-0.784066
19,240,2.89875,0.580215,0.580215,3.07543,-0.334782
19,264,0.105649,0.00865099,0.00865099,0.0907301,0.958239
19,288,0.00279648,0.000129019,0.000129019,0.00264122,0.342589
19,289,38.541,54.2369,54.2369,41.5184,-0.41792
19,290,105.048,169.713,169.713,135.972,-1.32541
19,293,467.448,547.094,547.094,502.898,-0.410803
19,295,531.141,567.076,567.076,590.935,-0.589684
19,312,128.591,47.8778,47.8778,121.891,0.320324
19,336,4.54063,0.723416,0.723416,4.09928,0.627439
19,360,0.116456,0.0108277,0.0108277,0.120975,-0.217649
19,384,0.00364768,0.000161903,0.000161903,0.00352048,0.210563
19,385,38.3216,48.8512,48.8512,39.2864,-0.143126
19,386,121.914,152.931,152.931,128.683,-0.306554
19,389,514.165,498.964,498.964,474.806,0.483081
19,391,596.803,517.88,517.88,560.04,0.382548
19,408,139.607,44.011,44.011,116.631,1.14809
19,432,3.40976,0.668981,0.668981,3.94214,-0.787027
19,456,0.0948877,0.00996183,0.00996183,0.11706,-1.10383
19,480,0.00348196,0.000148282,0.000148282,0.00340094,0.138823
19,481,46.7622,46.1008,46.1008,38.2206,1.30241
19,482,132.018,144.346,144.346,125.2,0.317388
19,485,431.976,469.593,469.593,462.266,-0.381855
19,487,553.223,488.486,488.486,545.599,0.0814306
19,504,97.5071,41.3543,41.3543,114.009,-0.843541
19,528,3.82232,0.62364,0.62364,3.84383,-0.0326131
19,552,0.124064,0.00927962,0.00927962,0.113536,0.540421
19,576,0.0037356,0.000137744,0.000137744,0.00330683,0.755623
19,577,32.7673,44.3895,44.3895,37.5845,-0.746942
19,578,150.474,139,139,123.119,1.29478
19,581,496.238,450.797,450.797,454.68,0.532662
19,583,563.794,470.146,470.146,536.829,0.292725
19,600,101.3,40.3058,40.3058,112.259,-0.568923
19,624,3.56789,0.616004,0.616004,3.76559,-0.305965
19,648,0.106528,0.00926858,0.00926858,0.110662,-0.217717
20,0,0,0,0,0,0
20,1,418.208,440.566,440.566,458.191,-0.508551
20,2,513.709,610.297,610.297,614.916,-0.959167
20,5,690.517,658.744,658.744,665.321,0.220695
20,7,337.673,534.394,534.394,545.706,-2.22165
20,24,16.431,32.6081,32.6081,29.5618,-2.58858
20,48,0.0890732,0.493157,0.493157,0.247875,-3.73358
20,72,0.000404234,0.00733779,0.00733779,0.0018166,-4.53096
20,96,3.87447e-6,0.000110349,0.000110349,1.22202e-5,-3.98004
20,97,40.425,28.4417,28.4417,32.0303,1.52736
20,98,107.338,89.8811,89.8811,103.84,0.196332
20,101,448.87,292.786,292.786,362.741,1.38375
20,103,419.921,299.709,299.709,393.13,0.397155
20,120,24.1184,24.5958,24.5958,38.0876,-2.13743
20,144,0.190266,0.371969,0.371969,0.381214,-2.9191
20,168,0.000836004,0.00555084,0.00555084,0.00284713,-4.11655
20,192,5.00891e-6,8.28231e-5,8.28231e-5,1.89613e-5,-4.28827
20,193,66.7605,44.0866,44.0866,48.9213,2.12509
20,194,189.513,138.59,138.59,157.655,1.17764
20,197,560.765,448.649,448.649,546.335,0.15392
20,199,617.395,461.488,461.488,597.721,0.191822
20,216,50.9182,38.3763,38.3763,60.5608,-0.927901
20,240,0.22096,0.580215,0.580215,0.61485,-3.73343
20,264,0.00102863,0.00865099,0.00865099,0.0046098,-4.52736
20,288,6.57151e-6,0.000129019,0.000129019,3.08314e-5,-4.58561
20,289,78.4581,54.2369,54.2369,61.171,1.64695
20,290,220.238,169.713,169.713,196.037,0.719454
20,293,763.576,547.094,547.094,673.033,0.78401
20,295,744.124,567.076,567.076,743.578,0.00427841
20,312,61.9242,47.8778,47.8778,78.4459,-1.2274
20,336,0.2353,0.723416,0.723416,0.802519,-4.11905
20,360,0.00182415,0.0108277,0.0108277,0.00599538,-4.05461
20,384,0.000102078,0.000161903,0.000161903,3.96976e-5,9.15775
20,385,86.4579,48.8512,48.8512,56.2713,3.12628
20,386,196.776,152.931,152.931,180.399,0.529045
20,389,824.699,498.964,498.964,622.222,1.89642
20,391,761.891,517.88,517.88,689.711,0.609887
20,408,54.2359,44.011,44.011,74.5151,-1.58602
20,432,0.288273,0.668981,0.668981,0.763522,-3.62745
20,456,0.0021204,0.00996183,0.00996183,0.00567382,-3.64983
20,480,9.79194e-6,0.000148282,0.000148282,3.74247e-5,-4.30296
20,481,53.3089,46.1008,46.1008,53.8941,-0.0632698
20,482,203.157,144.346,144.346,172.799,1.02382
20,485,618.028,469.593,469.593,597.293,0.202317
20,487,803.933,488.486,488.486,662.782,1.24112
20,504,57.6284,41.3543,41.3543,72.0313,-1.16528
20,528,0.324764,0.62364,0.62364,0.740837,-3.27302
20,552,0.00152513,0.00927962,0.00927962,0.00554364,-4.22446
20,576,7.39933e-6,0.000137744,0.000137744,3.65892e-5,-4.64923
20,577,78.9267,44.3895,44.3895,52.4556,2.94091
20,578,223.303,139,139,168.197,1.90932
20,581,674.682,450.797,450.797,582.194,0.92581
20,583,816.472,470.146,470.146,646.18,1.53582
20,600,47.9877,40.3058,40.3058,69.9076,-1.82732
20,624,0.325843,0.616004,0.616004,0.727959,-3.21919
20,648,0.00174176,0.00926858,0.00926858,0.00550785,-3.98483
21,0,0,0,0,0,0
21,1,276.617,440.566,440.566,251.077,0.592814
21,2,312.09,610.297,610.297,318.863,-0.123793
21,5,341.077,658.744,658.744,313.652,0.509572
21,7,224.122,534.394,534.394,236.569,-0.306625
21,24,8.98943,32.6081,32.6081,9.62861,-0.386864
21,48,0.0766491,0.493157,0.493157,0.0989375,-1.31286
21,72,0.000715461,0.00733779,0.00733779,0.00101042,-1.70124
21,96,6.8097e-6,0.000110349,0.000110349,1.03536e-5,-1.99476
21,97,19.7097,28.4417,28.4417,20.8057,-0.307002
21,98,76.482,89.8811,89.8811,61.7387,1.39167
21,101,170.116,292.786,292.786,171.527,-0.0479635
21,103,157.746,299.709,299.709,152.215,0.211769
21,120,6.89802,24.5958,24.5958,6.76821,0.111777
21,144,0.0607844,0.371969,0.371969,0.065177,-0.392763
21,168,0.000611241,0.00555084,0.00555084,0.000630631,-0.179192
21,192,1.18549e-5,8.28231e-5,8.28231e-5,6.64481e-6,4.5695
21,193,30.277,44.0866,44.0866,33.1544,-0.505781
21,194,97.1564,138.59,138.59,97.9974,-0.0500096
21,197,274.691,448.649,448.649,270.14,0.0981743
21,199,253.999,461.488,461.488,240.603,0.324467
21,216,12.3728,38.3763,38.3763,10.7999,0.848751
21,240,0.105003,0.580215,0.580215,0.105965,-0.0528983
21,264,0.000998059,0.00865099,0.00865099,0.00103746,-0.221318
21,288,7.77894e-6,0.000129019,0.000129019,1.00847e-5,-1.33245
21,289,43.3995,54.2369,54.2369,41.9276,0.204589
21,290,159.244,169.713,169.713,123.518,1.68562
21,293,349.206,547.094,547.094,341.601,0.12973
21,295,308.423,567.076,567.076,306.298,0.0404196
21,312,13.5636,47.8778,47.8778,13.8503,-0.120624
21,336,0.118632,0.723416,0.723416,0.135257,-0.7163
21,360,0.000937396,0.0108277,0.0108277,0.0013204,-1.69044
21,384,1.01777e-5,0.000161903,0.000161903,1.28039e-5,-1.19533
21,385,42.001,48.8512,48.8512,38.5533,0.521157
21,386,122.715,152.931,152.931,113.646,0.465075
21,389,315.79,498.964,498.964,314.697,0.020251
21,391,308.998,517.88,517.88,283.253,0.529681
21,408,12.6554,44.011,44.011,12.8098,-0.0702103
21,432,0.0992563,0.668981,0.668981,0.123681,-1.15089
21,456,0.00102147,0.00996183,0.00996183,0.00119406,-0.842354
21,480,1.07758e-5,0.000148282,0.000148282,1.15199e-5,-0.376433
21,481,36.231,46.1008,46.1008,36.8632,-0.0999522
21,482,101.681,144.346,144.346,108.688,-0.375719
21,485,356.086,469.593,469.593,301.444,1.05638
21,487,225,488.486,488.486,271.634,-1.00052
21,504,12.3527,41.3543,41.3543,12.3485,0.00195238
21,528,0.117569,0.62364,0.62364,0.121191,-0.174189
21,552,0.000979722,0.00927962,0.00927962,0.00118654,-1.01581
21,576,1.25398e-5,0.000137744,0.000137744,1.15935e-5,0.475681
21,577,44.5781,44.3895,44.3895,35.8199,1.42493
21,578,109.45,139,139,105.623,0.211161
21,581,353.736,450.797,450.797,293.276,1.20142
21,583,295.473,470.146,470.146,264.395,0.685021
21,600,14.0928,40.3058,40.3058,11.9833,1.02592
21,624,0.118028,0.616004,0.616004,0.113929,0.209679
21,648,0.000963473,0.00926858,0.00926858,0.00108239,-0.640255
22,0,0,0,0,0,0
22,1,390.586,440.566,440.566,364.403,0.418729
22,2,469.286,610.297,610.297,476.811,-0.0919702
22,5,490.899,658.744,658.744,492.879,-0.0234178
22,7,425.555,534.394,534.394,388.832,0.550393
22,24,22.9357,32.6081,32.6081,24.2883,-0.324533
22,48,0.424065,0.493157,0.493157,0.450331,-0.339914
22,72,0.00589367,0.00733779,0.00733779,0.00833609,-1.70749
22,96,0.000143344,0.000110349,0.000110349,0.000156597,-0.493196
22,97,30.8221,28.4417,28.4417,26.7126,0.896552
22,98,91.1512,89.8811,89.8811,80.6821,0.756194
22,101,217.634,292.786,292.786,234.142,-0.410867
22,103,211.632,299.709,299.709,219.172,-0.200488
22,120,15.0674,24.5958,24.5958,15.2846,-0.0828153
22,144,0.294471,0.371969,0.371969,0.277823,0.349202
22,168,0.00548426,0.00555084,0.00555084,0.00505741,0.491862
22,192,0.000102252,8.28231e-5,8.28231e-5,9.28723e-5,0.588567
22,193,45.9826,44.0866,44.0866,42.927,0.41484
22,194,125.933,138.59,138.59,129.108,-0.143337
22,197,396.852,448.649,448.649,373.658,0.361732
22,199,311.816,461.488,461.488,350.972,-0.650178
22,216,29.5016,38.3763,38.3763,24.6389,1.15016
22,240,0.448219,0.580215,0.580215,0.450047,-0.0236684
22,264,0.00891791,0.00865099,0.00865099,0.00821058,0.50205
22,288,0.000147454,0.000129019,0.000129019,0.00014966,-0.0858906
22,289,62.5116,70.1068,70.1068,70.2004,-0.638296
22,290,215.905,218.244,218.244,209.483,0.178659
22,293,666.754,701.481,701.481,613.048,0.510539
22,295,544.661,726.043,726.043,575.97,-0.31679
22,312,38.6398,61.2422,61.2422,40.6583,-0.289325
22,336,0.637962,0.924405,0.924405,0.735583,-0.773419
22,360,0.0129916,0.0137242,0.0137242,0.0133061,-0.137741
22,384,0.000253643,0.000203832,0.000203832,0.000240959,0.306765
22,385,73.1169,61.869,61.869,63.3167,0.902029
22,386,221.597,192.73,192.73,189.083,1.00211
22,389,610.852,619.843,619.843,549.623,0.649232
22,391,491.845,645.39,645.39,520.723,-0.323193
22,408,42.6753,55.1644,55.1644,36.818,0.927129
22,432,0.578486,0.829758,0.829758,0.664251,-0.752452
22,456,0.0137626,0.0122976,0.0122976,0.0119982,0.856989
22,480,0.000224253,0.000181918,0.000181918,0.00021644,0.210377
22,481,59.3266,58.1899,58.1899,60.2739,-0.0916
22,482,174.614,181.308,181.308,180.038,-0.175574
22,485,537.484,584.189,584.189,523.611,0.154406
22,487,482.468,609.984,609.984,496.852,-0.168713
22,504,35.2759,52.3333,52.3333,35.3361,-0.00992983
22,528,0.675972,0.786833,0.786833,0.64581,0.272185
22,552,0.0126591,0.0116511,0.0116511,0.0117907,0.429223
22,576,0.00022253,0.000172086,0.000172086,0.000214933,0.206003
22,577,62.7251,56.0147,56.0147,58.4886,0.422116
22,578,181.305,174.547,174.547,174.723,0.219544
22,581,580.942,563.009,563.009,510.925,0.798636
22,583,536.518,588.322,588.322,484.46,0.626225
22,600,38.3709,50.7557,50.7557,34.4917,0.655429
22,624,0.610095,0.771933,0.771933,0.626702,-0.154424
22,648,0.0127793,0.0114956,0.0114956,0.0113673,0.723893
23,0,0,0,0,0,0
23,1,73.6077,440.566,440.566,71.6915,0.155769
23,2,81.9089,610.297,610.297,94.3673,-0.769379
23,5,122.31,658.744,658.744,126.817,-0.20715
23,7,105.741,534.394,534.394,113.616,-0.403938
23,24,5.30576,32.6081,32.6081,7.02105,-1.42376
23,48,0.0420061,0.493157,0.493157,0.0500937,-0.940891
23,72,0.000218241,0.00733779,0.00733779,0.000297849,-1.55763
23,96,2.63087e-6,0.000110349,0.000110349,2.11476e-6,1.42226
23,97,14.4868,28.4417,28.4417,13.1057,0.614133
23,98,34.6043,89.8811,89.8811,42.1621,-1.04466
23,101,154.668,292.786,292.786,144.274,0.419872
23,103,198.33,299.709,299.709,154.792,1.63914
23,120,11.0181,24.5958,24.5958,12.9122,-0.854865
23,144,0.0794598,0.371969,0.371969,0.100867,-1.23685
23,168,0.000505336,0.00555084,0.00555084,0.000604593,-0.95675
23,192,5.78078e-6,8.28231e-5,8.28231e-5,3.43499e-6,3.97982
23,193,24.1801,44.0866,44.0866,23.1886,0.249191
23,194,79.6042,138.59,138.59,74.1649,0.427414
23,197,264.189,448.649,448.649,251.896,0.284398
23,199,295.245,461.488,461.488,272.219,0.492954
23,216,24.5183,38.3763,38.3763,23.2682,0.313112
23,240,0.146616,0.580215,0.580215,0.182339,-1.14176
23,264,0.00093881,0.00865099,0.00865099,0.00109428,-0.827962
23,288,4.96941e-6,0.000129019,0.000129019,6.09411e-6,-1.07555
23,289,52.1531,70.1068,70.1068,42.1202,1.38816
23,290,133.69,218.244,218.244,133.191,0.0218502
23,293,517.14,701.481,701.481,447.011,0.914286
23,295,473.567,726.043,726.043,484.747,-0.134406
23,312,40.3646,61.2422,61.2422,42.6386,-0.310803
23,336,0.286533,0.924405,0.924405,0.339046,-0.902626
23,360,0.00157158,0.0137242,0.0137242,0.00204789,-1.35547
23,384,9.76039e-6,0.000203832,0.000203832,1.11354e-5,-0.719632
23,385,42.7393,61.869,61.869,41.6355,0.154502
23,386,144.215,192.73,192.73,131.67,0.555253
23,389,461.983,619.843,619.843,442.045,0.262868
23,391,443.206,645.39,645.39,479.85,-0.445045
23,408,34.4867,55.1644,55.1644,42.3539,-1.08251
23,432,0.266941,0.829758,0.829758,0.336657,-1.20682
23,456,0.00190781,0.0122976,0.0122976,0.00203831,-0.373112
23,480,1.93666e-5,0.000181918,0.000181918,1.12958e-5,4.16389
23,481,41.5351,58.1899,58.1899,41.4622,0.0102355
23,482,135.225,181.308,181.308,131.125,0.182199
23,485,438.193,584.189,584.189,440.239,-0.0270792
23,487,493.844,609.984,609.984,478.007,0.193083
23,504,45.7885,52.3333,52.3333,42.2309,0.490931
23,528,0.315504,0.786833,0.786833,0.335765,-0.351657
23,552,0.00186884,0.0116511,0.0116511,0.00203298,-0.470533
23,576,9.02916e-6,0.000172086,0.000172086,1.12661e-5,-1.15715
23,577,41.378,56.0147,56.0147,41.3729,0.000714158
23,578,129.949,174.547,174.547,130.843,-0.0398521
23,581,505.199,563.009,563.009,439.294,0.874295
23,583,569.613,588.322,588.322,477.03,1.13107
23,600,42.3702,50.7557,50.7557,42.1613,0.0288676
23,624,0.281115,0.771933,0.771933,0.335249,-0.941042
23,648,0.00176446,0.0114956,0.0114956,0.00202989,-0.762039
24,0,0,0,0,0,0
24,1,900.826,440.566,440.566,907.18,-0.0408201
24,2,1648.76,610.297,610.297,1702.75,-0.184793
24,5,1726.28,658.744,658.744,2107.59,-1.05436
24,7,1534.98,534.394,534.394,1739.73,-0.68588
24,24,121.088,32.6081,32.6081,105.832,0.840113
24,48,2.01189,0.493157,0.493157,1.22726,3.72592
24,72,0.0272716,0.00733779,0.00733779,0.0121947,7.20512
25,0,0,0,0,0,0
25,1,613.007,440.566,440.566,720.372,-0.868575
25,2,1076,610.297,610.297,1307.27,-1.03103
25,5,1279.95,658.744,658.744,1558.76,-1.04239
25,7,1069.32,534.394,534.394,1258.72,-0.876903
25,24,59.0059,32.6081,32.6081,63.3524,-0.399833
25,48,0.643418,0.493157,0.493157,0.545704,1.04352
25,72,0.00421006,0.00733779,0.00733779,0.00401815,0.278328
26,0,0,0,0,0,0
26,1,328.731,440.566,440.566,328.687,0.000784144
26,2,467.204,610.297,610.297,437.492,0.395794
26,5,461.694,658.744,658.744,464.469,-0.0348136
26,7,399.144,534.394,534.394,373.844,0.394398
26,24,23.3521,32.6081,32.6081,23.7447,-0.0963464
26,48,0.374919,0.493157,0.493157,0.412597,-0.532178
26,72,0.00695147,0.00733779,0.00733779,0.00715703,-0.167385
26,96,0.000144317,0.000110349,0.000110349,0.000118086,1.29453
26,97,21.1456,28.4417,28.4417,23.0684,-0.485744
26,98,82.7944,89.8811,89.8811,71.4107,0.929014
26,101,225.243,292.786,292.786,220.098,0.136226
26,103,200.866,299.709,299.709,215.935,-0.406678
26,120,19.4854,24.5958,24.5958,16.5605,1.02927
26,144,0.323481,0.371969,0.371969,0.291532,0.638664
26,168,0.00459042,0.00555084,0.00555084,0.00512599,-0.608892
26,192,9.72472e-5,8.28231e-5,8.28231e-5,8.99812e-5,0.470596
26,193,41.1395,44.0866,44.0866,36.7741,0.691799
26,194,108.453,138.59,138.59,113.302,-0.249401
26,197,326.593,448.649,448.649,347.87,-0.356456
26,199,305.567,461.488,461.488,343.236,-0.639579
26,216,26.561,38.3763,38.3763,26.4251,0.0299717
26,240,0.618457,0.580215,0.580215,0.457252,2.05459
26,264,0.00901701,0.00865099,0.00865099,0.00796492,0.769792
26,288,0.000159089,0.000129019,0.000129019,0.000139401,0.823084
26,289,59.2852,70.1068,70.1068,59.9299,-0.0627003
26,290,191.031,218.244,218.244,183.024,0.254969
26,293,545.488,701.481,701.481,558.576,-0.136549
26,295,494.739,726.043,726.043,553.236,-0.616201
26,312,53.6999,61.2422,61.2422,43.1619,1.42285
26,336,0.817586,0.924405,0.924405,0.761997,0.425141
26,360,0.0130311,0.0137242,0.0137242,0.0133875,-0.155132
26,384,0.000223321,0.000203832,0.000203832,0.000235082,-0.291558
26,385,60.3111,61.869,61.869,54.056,0.674354
26,386,181.9,192.73,192.73,165.194,0.589373
26,389,399.449,619.843,619.843,507.771,-1.24322
26,391,500.634,645.39,645.39,505.914,-0.0608224
26,408,33.8149,55.1644,55.1644,39.7487,-0.869996
26,432,0.649387,0.829758,0.829758,0.69589,-0.389439
26,456,0.0101381,0.0122976,0.0122976,0.012174,-0.974583
26,480,0.000219836,0.000181918,0.000181918,0.000212694,0.195693
26,481,54.5309,58.1899,58.1899,51.4397,0.350204
26,482,186.933,181.308,181.308,157.231,1.10088
26,485,392.622,584.189,584.189,485.365,-1.11356
26,487,530.076,609.984,609.984,483.806,0.557346
26,504,42.162,52.3333,52.3333,38.0855,0.623775
26,528,0.640738,0.786833,0.786833,0.677659,-0.317519
26,552,0.0127119,0.0116511,0.0116511,0.0120265,0.33215
26,576,0.000201924,0.000172086,0.000172086,0.000212918,-0.300933
26,577,52.1848,56.0147,56.0147,49.9116,0.26542
26,578,173.209,174.547,174.547,152.575,0.788137
26,581,441.813,563.009,563.009,469.145,-0.339522
26,583,554.754,588.322,588.322,468.595,1.07153
26,600,33.2518,50.7557,50.7557,36.8698,-0.571874
26,624,0.605283,0.771933,0.771933,0.645081,-0.359549
26,648,0.00981959,0.0114956,0.0114956,0.0112827,-0.755745
27,0,0,0,0,0,0
27,1,476.215,440.566,440.566,494.127,-0.211254
27,2,666.164,610.297,610.297,741.925,-0.5951
27,5,1000.54,658.744,658.744,817.126,1.3081
27,7,513.99,534.394,534.394,661.121,-1.29696
27,24,35.3768,32.6081,32.6081,36.1463,-0.124064
27,48,0.468483,0.493157,0.493157,0.417932,0.704901
27,72,0.00480546,0.00733779,0.00733779,0.00471169,0.115986
27,96,5.90453e-5,0.000110349,0.000110349,5.29451e-5,0.671461
27,97,26.0817,28.4417,28.4417,31.1524,-0.948588
27,98,106.75,89.8811,89.8811,99.4943,0.424995
27,101,331.279,292.786,292.786,333.524,-0.0392419
27,103,364.523,299.709,299.709,347.969,0.277244
27,120,25.1463,24.5958,24.5958,28.7165,-0.724546
27,144,0.362517,0.371969,0.371969,0.343811,0.317081
27,168,0.00320052,0.00555084,0.00555084,0.00390377,-1.04984
27,192,4.78711e-5,8.28231e-5,8.28231e-5,4.41312e-5,0.493868
27,193,46.1552,44.0866,44.0866,46.3357,-0.0227098
27,194,164.361,138.59,138.59,147.155,0.681396
27,197,524.214,448.649,448.649,488.49,0.426202
27,199,464.157,461.488,461.488,512.891,-0.553745
27,216,42.8978,38.3763,38.3763,43.1332,-0.0318154
27,240,0.47832,0.580215,0.580215,0.51368,-0.401159
27,264,0.00476742,0.00865099,0.00865099,0.00579097,-1.03005
27,288,7.2346e-5,0.000129019,0.000129019,6.49969e-5,0.658938
27,289,82.0012,70.1068,70.1068,70.7081,0.930777
27,290,240.945,218.244,218.244,222.222,0.490994
27,293,831.593,701.481,701.481,728.902,0.821036
27,295,861.147,726.043,726.043,770.511,0.685519
27,312,63.6824,61.2422,61.2422,66.117,-0.214591
27,336,0.839124,0.924405,0.924405,0.789842,0.363618
27,360,0.0103122,0.0137242,0.0137242,0.00888067,0.939397
27,384,0.000100609,0.000203832,0.000203832,9.9614e-5,0.0582337
27,385,57.1076,61.869,61.869,59.9264,-0.274128
27,386,175.609,192.73,192.73,188.484,-0.398083
27,389,694.018,619.843,619.843,620.241,0.693206
27,391,731.99,645.39,645.39,660.604,0.629755
27,408,66.0151,55.1644,55.1644,58.1762,0.785265
27,432,0.672634,0.829758,0.829758,0.696483,-0.199555
27,456,0.00757443,0.0122976,0.0122976,0.00785321,-0.206874
27,480,0.000101334,0.000181918,0.000181918,8.81281e-5,0.873286
27,481,61.7941,58.1899,58.1899,55.024,0.717049
27,482,197.02,181.308,181.308,173.109,0.804959
27,485,575.857,584.189,584.189,571.013,0.0494348
27,487,693.216,609.984,609.984,610.19,0.792963
27,504,52.3152,52.3333,52.3333,54.3394,-0.217092
27,528,0.414488,0.786833,0.786833,0.650736,-2.11576
27,552,0.0071515,0.0116511,0.0116511,0.00734145,-0.150787
27,576,8.06175e-5,0.000172086,0.000172086,8.24258e-5,-0.127847
27,577,55.0044,56.0147,56.0147,52.0786,0.327407
27,578,171.967,174.547,174.547,163.863,0.288202
27,581,556.237,563.009,563.009,541.532,0.158253
27,583,582.508,588.322,588.322,579.248,0.0328007
27,600,54.3526,50.7557,50.7557,51.7188,0.29678
27,624,0.569416,0.771933,0.771933,0.624823,-0.516785
27,648,0.00693509,0.0114956,0.0114956,0.00710307,-0.137818
28,0,0,0,0,0,0
28,1,662.511,440.566,440.566,566.39,0.98902
28,2,806.316,610.297,610.297,823.11,-0.118899
28,5,706.74,658.744,658.744,830.669,-0.869453
28,7,487.115,534.394,534.394,627.803,-1.30597
28,24,24.7265,32.6081,32.6081,31.9237,-1.31387
28,48,0.380216,0.493157,0.493157,0.454491,-0.952398
28,72,0.00498368,0.00733779,0.00733779,0.00646202,-1.33324
28,96,0.000114384,0.000110349,0.000110349,9.18944e-5,1.42626
28,97,42.9714,28.4417,28.4417,40.3699,0.375561
28,98,119.923,89.8811,89.8811,118.397,0.0750802
28,101,330.337,292.786,292.786,318.163,0.222989
28,103,290.345,299.709,299.709,279.955,0.216287
28,120,15.6597,24.5958,24.5958,15.4078,0.095262
28,144,0.212632,0.371969,0.371969,0.219755,-0.188884
28,168,0.00300394,0.00555084,0.00555084,0.00313263,-0.239389
28,192,4.82932e-5,8.28231e-5,8.28231e-5,4.46433e-5,0.476459
28,193,56.0947,44.0866,44.0866,61.7753,-0.535895
28,194,198.559,138.59,138.59,180.45,0.584835
28,197,447.266,448.649,448.649,484.972,-0.453097
28,199,415.698,461.488,461.488,427.17,-0.156514
28,216,25.9824,38.3763,38.3763,23.3323,0.661913
28,240,0.368524,0.580215,0.580215,0.324744,0.785655
28,264,0.00503773,0.00865099,0.00865099,0.00451945,0.66831
28,288,6.6797e-5,0.000129019,0.000129019,6.33518e-5,0.316932
28,289,105.137,70.1068,70.1068,94.2203,0.675226
28,290,271.502,218.244,218.244,273.265,-0.0376086
28,293,752.45,701.481,701.481,728.298,0.193258
28,295,575.386,726.043,726.043,644.725,-0.626771
28,312,30.335,61.2422,61.2422,35.5167,-0.850233
28,336,0.493409,0.924405,0.924405,0.500464,-0.0821496
28,360,0.00723537,0.0137242,0.0137242,0.00705174,0.15176
28,384,8.71318e-5,0.000203832,0.000203832,9.92723e-5,-0.712706
28,385,83.7081,61.869,61.869,78.4415,0.391277
28,386,235.188,192.73,192.73,227.787,0.189332
28,389,705.464,619.843,619.843,613.658,0.871857
28,391,546.033,645.39,645.39,545.524,0.00543389
28,408,32.6442,55.1644,55.1644,30.2115,0.469264
28,432,0.365589,0.829758,0.829758,0.423292,-0.794441
28,456,0.00665993,0.0122976,0.0122976,0.00593418,0.712741
28,480,8.08697e-5,0.000181918,0.000181918,8.34251e-5,-0.178509
28,481,73.4477,58.1899,58.1899,71.0125,0.19985
28,482,260.638,181.308,181.308,206.303,1.5349
28,485,584.448,584.189,584.189,558.263,0.273351
28,487,578.043,609.984,609.984,496.641,0.955208
28,504,26.6461,52.3333,52.3333,27.6556,-0.212729
28,528,0.461553,0.786833,0.786833,0.394598,0.988856
28,552,0.00595575,0.0116511,0.0116511,0.0056247,0.343004
28,576,8.90412e-5,0.000172086,0.000172086,8.01333e-5,0.647834
28,577,73.842,56.0147,56.0147,66.4607,0.647241
28,578,199.202,174.547,174.547,193.121,0.183511
28,581,560.938,563.009,563.009,525.004,0.398882
28,583,452.631,588.322,588.322,468.076,-0.192299
28,600,29.3527,50.7557,50.7557,25.9879,0.75456
28,624,0.450262,0.771933,0.771933,0.369874,1.2666
28,648,0.00659569,0.0114956,0.0114956,0.00522112,1.53428
29,0,0,0,0,0,0
29,1,944.362,440.566,440.566,856.757,0.595901
29,2,1376.4,610.297,610.297,1395.64,-0.080321
29,5,1392.34,658.744,658.744,1668.33,-0.964077
29,7,1601.37,534.394,534.394,1416.97,0.758401
29,24,120.269,32.6081,32.6081,120.288,-0.000900361
29,48,2.75395,0.493157,0.493157,2.42379,0.793824
29,72,0.0446936,0.00733779,0.00733779,0.0465919,-0.237439
30,0,0,0,0,0,0
30,1,411.787,440.566,440.566,431.306,-0.263731
30,2,460.44,610.297,610.297,563.642,-1.06706
30,5,553.315,658.744,658.744,530.267,0.253297
30,7,395.139,534.394,534.394,390.623,0.0673625
30,24,16.5519,32.6081,32.6081,18.1982,-0.527199
30,48,0.206831,0.493157,0.493157,0.229462,-0.574769
30,72,0.00333558,0.00733779,0.00733779,0.00292159,0.825794
30,96,4.70553e-5,0.000110349,0.000110349,3.74091e-5,1.50272
30,97,34.8112,28.4417,28.4417,32.3148,0.45021
30,98,99.9497,89.8811,89.8811,91.3246,0.550398
30,101,231.478,292.786,292.786,226.603,0.12536
30,103,170.566,299.709,299.709,187.758,-0.5336
30,120,8.74784,24.5958,24.5958,9.09003,-0.21938
30,144,0.120261,0.371969,0.371969,0.116429,0.191804
30,168,0.00127673,0.00555084,0.00555084,0.00149074,-0.836625
30,192,2.48128e-5,8.28231e-5,8.28231e-5,1.90963e-5,1.74456
30,193,60.4053,44.0866,44.0866,50.7712,1.10585
30,194,156.667,138.59,138.59,143.007,0.556644
30,197,403.079,448.649,448.649,354.172,0.804754
30,199,301.572,461.488,461.488,293.403,0.162277
30,216,15.6538,38.3763,38.3763,14.3018,0.550908
30,240,0.181161,0.580215,0.580215,0.184194,-0.0959396
30,264,0.00220672,0.00865099,0.00865099,0.00237434,-0.411427
30,288,3.45779e-5,0.000129019,0.000129019,3.04263e-5,0.795181
30,289,80.939,70.1068,70.1068,80.0098,0.0676809
30,290,236.015,218.244,218.244,224.034,0.311662
30,293,555.387,701.481,701.481,556.635,-0.0130616
30,295,481.365,726.043,726.043,463.489,0.22476
30,312,22.9641,61.2422,61.2422,22.6209,0.0884072
30,336,0.282113,0.924405,0.924405,0.2935,-0.226087
30,360,0.00370099,0.0137242,0.0137242,0.00380171,-0.154391
30,384,4.9434e-5,0.000203832,0.000203832,4.92304e-5,0.0240964
30,385,87.855,61.869,61.869,68.9669,1.59605
30,386,225.348,192.73,192.73,193.359,0.964142
30,389,374.021,619.843,619.843,481.853,-1.30418
30,391,434.522,645.39,645.39,402.818,0.458672
30,408,16.6343,55.1644,55.1644,19.5901,-0.87932
30,432,0.195729,0.829758,0.829758,0.250755,-1.27883
30,456,0.00390544,0.0122976,0.0122976,0.00321329,1.25532
30,480,4.43167e-5,0.000181918,0.000181918,4.12106e-5,0.439245
30,481,72.391,58.1899,58.1899,63.8642,0.77809
30,482,154.359,181.308,181.308,179.129,-0.805848
30,485,557.53,584.189,584.189,448.479,1.41706
30,487,392.23,609.984,609.984,375.396,0.261335
30,504,20.5712,52.3333,52.3333,18.3706,0.698087
30,528,0.219676,0.786833,0.786833,0.237932,-0.447146
30,552,0.00261983,0.0116511,0.0116511,0.00307667,-0.865336
30,576,3.43598e-5,0.000172086,0.000172086,3.96744e-5,-0.780658
30,577,68.288,56.0147,56.0147,60.7694,0.721031
30,578,193.928,174.547,174.547,170.483,0.801435
30,581,439.345,563.009,563.009,427.993,0.154579
30,583,381.352,588.322,588.322,358.424,0.372803
30,600,18.7994,50.7557,50.7557,17.5662,0.409125
30,624,0.241015,0.771933,0.771933,0.228499,0.319228
30,648,0.00273086,0.0114956,0.0114956,0.00296388,-0.458171