id,time,y1,popPred_medianCOV,popPred,indivPred_SAEM,indWRes_SAEM
1,0,0,0,0,0,0
1,1,4.28422,3.60967,3.60967,3.31151,1.58663
1,2,5.84136,6.05051,6.05051,5.16786,0.703953
1,5,3.99199,5.96208,5.96208,3.80734,0.261967
1,7,1.63745,2.72612,2.72612,1.19644,1.99103
1,24,5.35123e-5,0.00352206,0.00352206,6.37791e-5,-0.869507
1,48,6.42795e-11,2.94146e-7,2.94146e-7,5.91436e-11,0.469059
1,72,5.03458e-17,2.45658e-11,2.45658e-11,5.4845e-17,-0.0202624
1,96,4.69053e-23,2.05162e-15,2.05162e-15,5.08588e-23,-1.7805e-8
1,97,20.3493,18.0483,18.0483,16.5575,1.23697
1,98,36.7568,30.2526,30.2526,25.8393,2.28224
1,101,19.603,29.8104,29.8104,19.0367,0.160675
1,103,8.05344,13.6306,13.6306,5.9822,1.87019
1,120,0.000416001,0.0176103,0.0176103,0.000318895,1.6448
1,144,2.95586e-10,1.47073e-6,1.47073e-6,2.95718e-10,-0.0024107
1,168,1.89335e-16,1.22829e-10,1.22829e-10,2.74225e-16,-0.382312
1,192,2.23121e-22,1.02581e-14,1.02581e-14,2.54294e-22,-1.40392e-7
1,193,36.6849,36.0967,36.0967,33.1151,0.582285
1,194,65.6179,60.5051,60.5051,51.6786,1.45696
1,197,45.8422,59.6208,59.6208,38.0734,1.10217
1,199,14.9246,27.2612,27.2612,11.9644,1.33643
1,216,0.000718163,0.0352206,0.0352206,0.000637791,0.680686
1,240,6.54468e-10,2.94146e-6,2.94146e-6,5.91436e-10,0.575671
1,264,4.87407e-16,2.45658e-10,2.45658e-10,5.4845e-16,-0.274913
1,288,3.92835e-22,2.05162e-14,2.05162e-14,5.08588e-22,-5.21304e-7
1,289,36.6884,36.0967,36.0967,33.1151,0.582857
1,290,50.307,60.5051,60.5051,51.6786,-0.143353
1,293,40.5306,59.6208,59.6208,38.0734,0.348613
1,295,13.1207,27.2612,27.2612,11.9644,0.522028
1,312,0.000678808,0.0352206,0.0352206,0.000637791,0.347385
1,336,5.68215e-10,2.94146e-6,2.94146e-6,5.91436e-10,-0.212076
1,360,4.03381e-16,2.45658e-10,2.45658e-10,5.4845e-16,-0.653331
1,384,3.90066e-22,2.05162e-14,2.05162e-14,5.08588e-22,-5.33778e-7
1,385,46.4383,36.0967,36.0967,33.1151,2.17321
1,386,64.586,60.5051,60.5051,51.6786,1.34911
1,389,53.4217,59.6208,59.6208,38.0734,2.17749
1,391,13.4731,27.2612,27.2612,11.9644,0.681131
1,408,0.000689642,0.0352206,0.0352206,0.000637791,0.439139
1,432,5.79998e-10,2.94146e-6,2.94146e-6,5.91436e-10,-0.104457
1,456,4.41524e-16,2.45658e-10,2.45658e-10,5.4845e-16,-0.481549
1,480,3.90211e-22,2.05162e-14,2.05162e-14,5.08588e-22,-5.33122e-7
1,481,47.0733,36.0967,36.0967,33.1151,2.27677
1,482,57.3827,60.5051,60.5051,51.6786,0.596203
1,485,50.2354,59.6208,59.6208,38.0734,1.72543
1,487,12.4418,27.2612,27.2612,11.9644,0.21552
1,504,0.000559147,0.0352206,0.0352206,0.000637791,-0.666044
1,528,5.71796e-10,2.94146e-6,2.94146e-6,5.91436e-10,-0.179365
1,552,5.48611e-16,2.45658e-10,2.45658e-10,5.4845e-16,0.000724171
1,576,4.74437e-22,2.05162e-14,2.05162e-14,5.08588e-22,-1.53805e-7
1,577,45.5335,36.0967,36.0967,33.1151,2.02562
1,578,49.9285,60.5051,60.5051,51.6786,-0.182921
1,581,53.6014,59.6208,59.6208,38.0734,2.20297
1,583,12.9204,27.2612,27.2612,11.9644,0.431626
1,600,0.000706973,0.0352206,0.0352206,0.000637791,0.58591
1,624,6.20792e-10,2.94146e-6,2.94146e-6,5.91436e-10,0.268111
1,648,4.60526e-16,2.45658e-10,2.45658e-10,5.4845e-16,-0.395974
2,0,0,0,0,0,0
2,1,3.73285,3.60967,3.60967,3.97113,-0.324108
2,2,9.55478,6.05051,6.05051,7.25284,1.71436
2,5,13.1629,5.96208,5.96208,10.0869,1.64717
2,7,8.77214,2.72612,2.72612,6.88859,1.47693
2,24,0.309867,0.00352206,0.00352206,0.269336,0.81284
2,48,0.00320234,2.94146e-7,2.94146e-7,0.00277179,0.839022
2,72,2.08025e-5,2.45658e-11,2.45658e-11,2.85251e-5,-1.46236
3,0,0,0,0,0,0
3,1,4.20252,3.60967,3.60967,3.34255,1.38969
3,2,6.43446,6.05051,6.05051,5.25532,1.21194
3,5,4.38305,5.96208,5.96208,3.99215,0.528908
3,7,1.4841,2.72612,2.72612,1.3073,0.730521
3,24,0.000114213,0.00352206,0.00352206,9.89232e-5,0.834896
3,48,1.36547e-10,2.94146e-7,2.94146e-7,1.50421e-10,-0.498201
3,72,2.04294e-16,2.45658e-11,2.45658e-11,2.28727e-16,-0.11004
3,96,3.85882e-22,2.05162e-15,2.05162e-15,3.47799e-22,1.71513e-7
3,97,15.5627,18.0483,18.0483,16.7128,-0.371692
3,98,27.1076,30.2526,30.2526,26.2766,0.170824
3,101,25.7274,29.8104,29.8104,19.9607,1.5605
3,103,8.45469,13.6306,13.6306,6.53648,1.58513
3,120,0.000597525,0.0176103,0.0176103,0.000494616,1.12383
3,144,7.90384e-10,1.47073e-6,1.47073e-6,7.52104e-10,0.27492
3,168,1.15681e-15,1.22829e-10,1.22829e-10,1.14364e-15,0.059326
3,192,1.45305e-21,1.02581e-14,1.02581e-14,1.73899e-21,-1.28777e-6
3,193,36.8261,36.0967,36.0967,33.4255,0.549531
3,194,60.2549,60.5051,60.5051,52.5532,0.791596
3,197,42.442,59.6208,59.6208,39.9215,0.341028
3,199,16.5015,27.2612,27.2612,13.073,1.41659
3,216,0.000923391,0.0352206,0.0352206,0.000989232,-0.359511
3,240,1.40987e-9,2.94146e-6,2.94146e-6,1.50421e-9,-0.338769
3,264,1.95823e-15,2.45658e-10,2.45658e-10,2.28727e-15,-0.777044
3,288,3.32047e-21,2.05162e-14,2.05162e-14,3.47799e-21,-7.0941e-7
3,289,34.9381,36.0967,36.0967,33.4255,0.244426
3,290,65.2461,60.5051,60.5051,52.5532,1.3046
3,293,52.3265,59.6208,59.6208,39.9215,1.67844
3,295,15.2877,27.2612,27.2612,13.073,0.915095
3,312,0.00115925,0.0352206,0.0352206,0.000989232,0.928355
3,336,1.46902e-9,2.94146e-6,2.94146e-6,1.50421e-9,-0.126376
3,360,2.35391e-15,2.45658e-10,2.45658e-10,2.28727e-15,0.157355
3,384,2.7887e-21,2.05162e-14,2.05162e-14,3.47799e-21,-3.1043e-6
3,385,39.093,36.0967,36.0967,33.4255,0.915853
3,386,53.5543,60.5051,60.5051,52.5532,0.10289
3,389,45.571,59.6208,59.6208,39.9215,0.7644
3,391,16.9077,27.2612,27.2612,13.073,1.58444
3,408,0.00117969,0.0352206,0.0352206,0.000989232,1.03998
3,432,1.50224e-9,2.94146e-6,2.94146e-6,1.50421e-9,-0.00708223
3,456,2.06433e-15,2.45658e-10,2.45658e-10,2.28727e-15,-0.5265
3,480,2.9214e-21,2.05162e-14,2.05162e-14,3.47799e-21,-2.50663e-6
3,481,36.4549,36.0967,36.0967,33.4255,0.489538
3,482,63.7228,60.5051,60.5051,52.5532,1.14804
3,485,42.0445,59.6208,59.6208,39.9215,0.287254
3,487,19.6271,27.2612,27.2612,13.073,2.70807
3,504,0.00112657,0.0352206,0.0352206,0.000989232,0.749915
3,528,1.4199e-9,2.94146e-6,2.94146e-6,1.50421e-9,-0.30273
3,552,2.32706e-15,2.45658e-10,2.45658e-10,2.28727e-15,0.0939504
3,576,3.15621e-21,2.05162e-14,2.05162e-14,3.47799e-21,-1.44916e-6
3,577,38.0144,36.0967,36.0967,33.4255,0.74156
3,578,65.5884,60.5051,60.5051,52.5532,1.33978
3,581,47.9006,59.6208,59.6208,39.9215,1.07961
3,583,16.8142,27.2612,27.2612,13.073,1.54581
3,600,0.00104464,0.0352206,0.0352206,0.000989232,0.30255
3,624,1.85416e-9,2.94146e-6,2.94146e-6,1.50421e-9,1.25667
3,648,1.91963e-15,2.45658e-10,2.45658e-10,2.28727e-15,-0.868214
4,0,0,0,0,0,0
4,1,4.24959,3.60967,3.60967,3.22168,1.72342
4,2,4.93762,6.05051,6.05051,4.92049,0.0187966
4,5,4.24633,5.96208,5.96208,3.31607,1.5153
4,7,1.07988,2.72612,2.72612,0.922049,0.924582
4,24,1.96058e-5,0.00352206,0.00352206,1.73726e-5,0.694363
4,48,3.4529e-12,2.94146e-7,2.94146e-7,3.71048e-12,-0.374976
4,72,6.90811e-19,2.45658e-11,2.45658e-11,7.92495e-19,-0.000457945
4,96,1.33079e-25,2.05162e-15,2.05162e-15,1.69263e-25,-1.6296e-10
4,97,19.2567,18.0483,18.0483,16.1084,1.0557
4,98,31.9865,30.2526,30.2526,24.6025,1.62117
4,101,16.9672,29.8104,29.8104,16.5803,0.126039
4,103,6.24172,13.6306,13.6306,4.61025,1.91149
4,120,9.29256e-5,0.0176103,0.0176103,8.68628e-5,0.377018
4,144,1.94118e-11,1.47073e-6,1.47073e-6,1.85524e-11,0.250208
4,168,3.60379e-18,1.22829e-10,1.22829e-10,3.96247e-18,-0.00161537
4,192,7.48099e-25,1.02581e-14,1.02581e-14,8.46317e-25,-4.42334e-10
4,193,37.0094,36.0967,36.0967,32.2168,0.803542
4,194,57.7928,60.5051,60.5051,49.2049,0.942742
4,197,37.603,59.6208,59.6208,33.1607,0.723602
4,199,12.5649,27.2612,27.2612,9.22049,1.95919
4,216,0.000183735,0.0352206,0.0352206,0.000173726,0.31121
4,240,3.58805e-11,2.94146e-6,2.94146e-6,3.71048e-11,-0.178231
4,264,6.97986e-18,2.45658e-10,2.45658e-10,7.92495e-18,-0.00425631
4,288,1.42764e-24,2.05162e-14,2.05162e-14,1.69263e-24,-1.19345e-9
4,289,29.9685,36.0967,36.0967,32.2168,-0.376954
4,290,58.9534,60.5051,60.5051,49.2049,1.07015
4,293,37.4916,59.6208,59.6208,33.1607,0.705463
4,295,12.4477,27.2612,27.2612,9.22049,1.89055
4,312,0.000150542,0.0352206,0.0352206,0.000173726,-0.720831
4,336,3.54752e-11,2.94146e-6,2.94146e-6,3.71048e-11,-0.237227
4,360,7.39104e-18,2.45658e-10,2.45658e-10,7.92495e-18,-0.0024045
4,384,1.45919e-24,2.05162e-14,2.05162e-14,1.69263e-24,-1.05135e-9
4,385,37.1971,36.0967,36.0967,32.2168,0.83502
4,386,58.1999,60.5051,60.5051,49.2049,0.98743
4,389,38.4283,59.6208,59.6208,33.1607,0.858041
4,391,11.11,27.2612,27.2612,9.22049,1.10692
4,408,0.000199742,0.0352206,0.0352206,0.000173726,0.808897
4,432,3.97906e-11,2.94146e-6,2.94146e-6,3.71048e-11,0.390986
4,456,5.62701e-18,2.45658e-10,2.45658e-10,7.92495e-18,-0.010349
4,480,1.33519e-24,2.05162e-14,2.05162e-14,1.69263e-24,-1.60978e-9
4,481,39.7682,36.0967,36.0967,32.2168,1.26609
4,482,60.2426,60.5051,60.5051,49.2049,1.21167
4,485,47.4078,59.6208,59.6208,33.1607,2.3207
4,487,11.4916,27.2612,27.2612,9.22049,1.33046
4,504,0.00018527,0.0352206,0.0352206,0.000173726,0.358945
4,528,3.6635e-11,2.94146e-6,2.94146e-6,3.71048e-11,-0.0683947
4,552,7.43912e-18,2.45658e-10,2.45658e-10,7.92495e-18,-0.00218798
4,576,1.35229e-24,2.05162e-14,2.05162e-14,1.69263e-24,-1.53276e-9
4,577,34.7191,36.0967,36.0967,32.2168,0.41954
4,578,58.7481,60.5051,60.5051,49.2049,1.04761
4,581,46.0902,59.6208,59.6208,33.1607,2.10608
4,583,10.4336,27.2612,27.2612,9.22049,0.710635
4,600,0.000186346,0.0352206,0.0352206,0.000173726,0.39239
4,624,3.2214e-11,2.94146e-6,2.94146e-6,3.71048e-11,-0.711969
4,648,6.50851e-18,2.45658e-10,2.45658e-10,7.92495e-18,-0.00637909
5,0,0,0,0,0,0
5,1,4.09655,3.60967,3.60967,3.72979,0.531145
5,2,7.34362,6.05051,6.05051,6.43367,0.763967
5,5,8.24949,5.96208,5.96208,7.11515,0.861142
5,7,4.57276,2.72612,2.72612,3.73929,1.20398
5,24,0.0179716,0.00352206,0.00352206,0.0157734,0.752741
5,48,7.30455e-6,2.94146e-7,2.94146e-7,7.00132e-6,0.233941
5,72,2.90457e-9,2.45658e-11,2.45658e-11,3.10766e-9,-0.352995
5,96,1.30177e-12,2.05162e-15,2.05162e-15,1.37939e-12,-0.303958
5,97,23.2997,18.0483,18.0483,18.649,1.34704
5,98,34.5849,30.2526,30.2526,32.1684,0.405773
5,101,43.1265,29.8104,29.8104,35.5758,1.14643
5,103,19.6226,13.6306,13.6306,18.6964,0.267586
5,120,0.0912906,0.0176103,0.0176103,0.0788672,0.850861
5,144,3.78286e-5,1.47073e-6,1.47073e-6,3.50066e-5,0.43544
5,168,1.38356e-8,1.22829e-10,1.22829e-10,1.55383e-8,-0.591886
5,192,6.58442e-12,1.02581e-14,1.02581e-14,6.89694e-12,-0.244756
5,193,39.6467,36.0967,36.0967,37.2979,0.340148
5,194,90.4845,60.5051,60.5051,64.3367,2.19529
5,197,84.1842,59.6208,59.6208,71.1515,0.989382
5,199,47.4525,27.2612,27.2612,37.3929,1.45315
5,216,0.182366,0.0352206,0.0352206,0.157734,0.84348
5,240,7.87852e-5,2.94146e-6,2.94146e-6,7.00132e-5,0.67676
5,264,3.59389e-8,2.45658e-10,2.45658e-10,3.10766e-8,0.84513
5,288,1.32514e-11,2.05162e-14,2.05162e-14,1.37939e-11,-0.212427
5,289,40.9982,36.0967,36.0967,37.2979,0.535872
5,290,70.8507,60.5051,60.5051,64.3367,0.546896
5,293,83.9147,59.6208,59.6208,71.1515,0.968923
5,295,42.1776,27.2612,27.2612,37.3929,0.691166
5,312,0.179118,0.0352206,0.0352206,0.157734,0.732258
5,336,8.01207e-5,2.94146e-6,2.94146e-6,7.00132e-5,0.779795
5,360,2.92683e-8,2.45658e-10,2.45658e-10,3.10766e-8,-0.314305
5,384,1.30702e-11,2.05162e-14,2.05162e-14,1.37939e-11,-0.28337
5,385,44.0343,36.0967,36.0967,37.2979,0.975558
5,386,92.3272,60.5051,60.5051,64.3367,2.35
5,389,83.9137,59.6208,59.6208,71.1515,0.96885
5,391,47.2483,27.2612,27.2612,37.3929,1.42365
5,408,0.221768,0.0352206,0.0352206,0.157734,2.19278
5,432,7.75335e-5,2.94146e-6,2.94146e-6,7.00132e-5,0.580191
5,456,1.99448e-8,2.45658e-10,2.45658e-10,3.10766e-8,-1.93485
5,480,1.32961e-11,2.05162e-14,2.05162e-14,1.37939e-11,-0.194919
5,481,45.6985,36.0967,36.0967,37.2979,1.21658
5,482,70.8153,60.5051,60.5051,64.3367,0.543924
5,485,79.0566,59.6208,59.6208,71.1515,0.600118
5,487,39.5096,27.2612,27.2612,37.3929,0.305776
5,504,0.191259,0.0352206,0.0352206,0.157734,1.14804
5,528,6.57744e-5,2.94146e-6,2.94146e-6,7.00132e-5,-0.327022
5,552,3.53691e-8,2.45658e-10,2.45658e-10,3.10766e-8,0.746107
5,576,1.26935e-11,2.05162e-14,2.05162e-14,1.37939e-11,-0.430905
5,577,44.9617,36.0967,36.0967,37.2979,1.10988
5,578,73.6824,60.5051,60.5051,64.3367,0.784636
5,581,67.5748,59.6208,59.6208,71.1515,-0.271529
5,583,41.8664,27.2612,27.2612,37.3929,0.646221
5,600,0.19161,0.0352206,0.0352206,0.157734,1.16005
5,624,6.39245e-5,2.94146e-6,2.94146e-6,7.00132e-5,-0.469742
5,648,3.46667e-8,2.45658e-10,2.45658e-10,3.10766e-8,0.624008
6,0,0,0,0,0,0
6,1,4.64398,3.60967,3.60967,4.05723,0.781162
6,2,10.3867,6.05051,6.05051,7.56141,2.01824
6,5,14.5609,5.96208,5.96208,11.4023,1.49629
6,7,10.3846,2.72612,2.72612,8.50561,1.19324
6,24,0.780433,0.00352206,0.00352206,0.704313,0.583777
6,48,0.0234876,2.94146e-7,2.94146e-7,0.0209084,0.6663
6,72,0.000684541,2.45658e-11,2.45658e-11,0.000620694,0.555621
6,96,1.87489e-5,2.05162e-15,2.05162e-15,1.84261e-5,0.0946122
6,97,25.0083,18.0483,18.0483,20.2862,1.25734
6,98,48.393,30.2526,30.2526,37.8071,1.51242
6,101,62.5282,29.8104,29.8104,57.0115,0.522677
6,103,53.1278,13.6306,13.6306,42.5281,1.34628
6,120,4.95382,0.0176103,0.0176103,3.52157,2.19685
6,144,0.107547,1.47073e-6,1.47073e-6,0.104542,0.155235
6,168,0.00285307,1.22829e-10,1.22829e-10,0.00310347,-0.435824
6,192,0.000100863,1.02581e-14,1.02581e-14,9.21305e-5,0.511989
6,193,42.1503,36.0967,36.0967,40.5724,0.210065
6,194,84.3251,60.5051,60.5051,75.6142,0.622267
6,197,168.311,59.6208,59.6208,114.023,2.57172
6,199,84.3054,27.2612,27.2612,85.0561,-0.0476757
6,216,7.98764,0.0352206,0.0352206,7.04314,0.72436
6,240,0.205942,2.94146e-6,2.94146e-6,0.209085,-0.0811845
6,264,0.00683393,2.45658e-10,2.45658e-10,0.00620694,0.545628
6,288,0.000191364,2.05162e-14,2.05162e-14,0.000184261,0.208207
6,289,49.1371,36.0967,36.0967,40.5725,1.14023
6,290,97.6258,60.5051,60.5051,75.6142,1.5724
6,293,148.119,59.6208,59.6208,114.023,1.61521
6,295,88.8784,27.2612,27.2612,85.0562,0.242734
6,312,6.95374,0.0352206,0.0352206,7.04314,-0.0685602
6,336,0.238329,2.94146e-6,2.94146e-6,0.209085,0.755491
6,360,0.00657612,2.45658e-10,2.45658e-10,0.00620695,0.321269
6,384,0.00015785,2.05162e-14,2.05162e-14,0.000184261,-0.774222
6,385,51.785,36.0967,36.0967,40.5725,1.49276
6,386,113.672,60.5051,60.5051,75.6142,2.71866
6,389,117.266,59.6208,59.6208,114.023,0.153637
6,391,95.3169,27.2612,27.2612,85.0562,0.651613
6,408,7.8653,0.0352206,0.0352206,7.04314,0.630533
6,432,0.267541,2.94146e-6,2.94146e-6,0.209085,1.51016
6,456,0.0060151,2.45658e-10,2.45658e-10,0.00620695,-0.166951
6,480,0.000173723,2.05162e-14,2.05162e-14,0.000184261,-0.308935
6,481,46.2218,36.0967,36.0967,40.5725,0.752115
6,482,89.2245,60.5051,60.5051,75.6142,0.972253
6,485,107.812,59.6208,59.6208,114.023,-0.294247
6,487,103.32,27.2612,27.2612,85.0562,1.15987
6,504,9.06474,0.0352206,0.0352206,7.04314,1.55041
6,528,0.199367,2.94146e-6,2.94146e-6,0.209085,-0.251038
6,552,0.00660643,2.45658e-10,2.45658e-10,0.00620695,0.34765
6,576,0.000169244,2.05162e-14,2.05162e-14,0.000184261,-0.440213
6,577,46.9323,36.0967,36.0967,40.5725,0.846705
6,578,104.739,60.5051,60.5051,75.6142,2.08054
6,581,138.847,59.6208,59.6208,114.023,1.17598
6,583,84.2305,27.2612,27.2612,85.0562,-0.0524379
6,600,7.41635,0.0352206,0.0352206,7.04314,0.286225
6,624,0.232392,2.94146e-6,2.94146e-6,0.209085,0.602138
6,648,0.0070768,2.45658e-10,2.45658e-10,0.00620695,0.756977
7,0,0,0,0,0,0
7,1,3.23995,3.60967,3.60967,3.42488,-0.291662
7,2,7.08917,6.05051,6.05051,5.4922,1.57061
7,5,5.24473,5.96208,5.96208,4.52309,0.861791
7,7,1.83173,2.72612,2.72612,1.64801,0.602177
7,24,0.000321681,0.00352206,0.00352206,0.000308965,0.222303
7,48,1.82376e-9,2.94146e-7,2.94146e-7,1.69119e-9,0.423419
7,72,8.47708e-15,2.45658e-11,2.45658e-11,9.25712e-15,-0.455156
7,96,4.10372e-20,2.05162e-15,2.05162e-15,5.0671e-20,-4.33866e-5
7,97,20.4347,18.0483,18.0483,17.1244,1.04415
7,98,29.9189,30.2526,30.2526,27.461,0.48346
7,101,32.4981,29.8104,29.8104,22.6155,2.36038
7,103,10.4209,13.6306,13.6306,8.24003,1.42958
7,120,0.00159736,0.0176103,0.0176103,0.00154483,0.183688
7,144,8.26056e-9,1.47073e-6,1.47073e-6,8.45596e-9,-0.124819
7,168,4.8814e-14,1.22829e-10,1.22829e-10,4.62856e-14,0.295064
7,192,2.02505e-19,1.02581e-14,1.02581e-14,2.53355e-19,-0.00022901
7,193,42.8648,36.0967,36.0967,34.2488,1.35886
7,194,76.6055,60.5051,60.5051,54.922,2.13255
7,197,47.2228,59.6208,59.6208,45.2309,0.237874
7,199,18.738,27.2612,27.2612,16.4801,0.740077
7,216,0.00338793,0.0352206,0.0352206,0.00308965,0.521466
7,240,1.65894e-8,2.94146e-6,2.94146e-6,1.69119e-8,-0.102995
7,264,8.49893e-14,2.45658e-10,2.45658e-10,9.25712e-14,-0.442404
7,288,5.09368e-19,2.05162e-14,2.05162e-14,5.0671e-19,1.19703e-5
7,289,91.4165,72.1933,72.1933,68.4976,1.80731
7,290,139.916,121.01,121.01,109.844,1.47879
7,293,99.8869,119.242,119.242,90.4618,0.562778
7,295,41.5028,54.5224,54.5224,32.9601,1.39997
7,312,0.00822967,0.0704412,0.0704412,0.0061793,1.79229
7,336,4.05475e-8,5.88293e-6,5.88293e-6,3.38238e-8,1.07375
7,360,2.06834e-13,4.91315e-10,4.91315e-10,1.85142e-13,0.632853
7,384,8.87176e-19,4.10324e-14,4.10324e-14,1.01342e-18,-0.000568549
7,385,78.0106,72.1933,72.1933,68.4976,0.75016
7,386,126.704,121.01,121.01,109.844,0.829065
7,389,110.084,119.242,119.242,90.4618,1.17167
7,391,36.4415,54.5224,54.5224,32.9601,0.570523
7,408,0.00564987,0.0704412,0.0704412,0.0061793,-0.462791
7,432,3.13582e-8,5.88293e-6,5.88293e-6,3.38238e-8,-0.393759
7,456,1.79653e-13,4.91315e-10,4.91315e-10,1.85142e-13,-0.160167
7,480,1.02037e-18,4.10324e-14,4.10324e-14,1.01342e-18,3.13082e-5
7,481,88.192,72.1933,72.1933,68.4976,1.55304
7,482,141.79,121.01,121.01,109.844,1.57094
7,485,97.2575,119.242,119.242,90.4618,0.405774
7,487,35.3359,54.5224,54.5224,32.9601,0.389338
7,504,0.00683091,0.0704412,0.0704412,0.0061793,0.569589
7,528,2.9867e-8,5.88293e-6,5.88293e-6,3.38238e-8,-0.63189
7,552,1.3153e-13,4.91315e-10,4.91315e-10,1.85142e-13,-1.56414
7,576,1.00496e-18,4.10324e-14,4.10324e-14,1.01342e-18,-3.8081e-5
7,577,70.7829,72.1933,72.1933,68.4976,0.180207
7,578,120.653,121.01,121.01,109.844,0.531501
7,581,113.856,119.242,119.242,90.4618,1.3969
7,583,34.6452,54.5224,54.5224,32.9601,0.276157
7,600,0.0065677,0.0704412,0.0704412,0.0061793,0.339506
7,624,3.85564e-8,5.88293e-6,5.88293e-6,3.38238e-8,0.755778
7,648,1.71912e-13,4.91315e-10,4.91315e-10,1.85142e-13,-0.385995
8,0,0,0,0,0,0
8,1,3.88098,3.60967,3.60967,3.1091,1.341
8,2,6.48241,6.05051,6.05051,4.62229,2.17371
8,5,3.60427,5.96208,5.96208,2.78252,1.59521
8,7,0.648368,2.72612,2.72612,0.659101,-0.0879558
8,24,3.41212e-6,0.00352206,0.00352206,3.17919e-6,0.395752
8,48,8.23689e-14,2.94146e-7,2.94146e-7,9.91922e-14,-0.916118
8,72,2.81576e-21,2.45658e-11,2.45658e-11,3.09485e-21,-1.25688e-6
8,96,1.03338e-28,2.05162e-15,2.05162e-15,9.65608e-29,3.05224e-14
8,97,17.8926,18.0483,18.0483,15.5455,0.815545
8,98,23.3814,30.2526,30.2526,23.1114,0.0630992
8,101,18.062,29.8104,29.8104,13.9126,1.61097
8,103,3.21141,13.6306,13.6306,3.2955,-0.137832
8,120,1.48865e-5,0.0176103,0.0176103,1.58959e-5,-0.343016
8,144,5.09199e-13,1.47073e-6,1.47073e-6,4.95961e-13,0.144169
8,168,1.42354e-20,1.22829e-10,1.22829e-10,1.54742e-20,-5.57914e-6
8,192,4.38532e-28,1.02581e-14,1.02581e-14,4.82804e-28,-1.99384e-13
8,193,33.3156,36.0967,36.0967,31.091,0.386483
8,194,51.241,60.5051,60.5051,46.2229,0.586409
8,197,28.0825,59.6208,59.6208,27.8252,0.0499575
8,199,6.96448,27.2612,27.2612,6.59101,0.306075
8,216,3.76344e-5,0.0352206,0.0352206,3.17919e-5,0.992661
8,240,1.05759e-12,2.94146e-6,2.94146e-6,9.91922e-13,0.357615
8,264,3.23423e-20,2.45658e-10,2.45658e-10,3.09485e-20,6.27728e-6
8,288,8.35478e-28,2.05162e-14,2.05162e-14,9.65608e-28,-5.86052e-13
8,289,71.3536,72.1933,72.1933,62.182,0.796695
8,290,114.115,121.01,121.01,92.4457,1.2661
8,293,71.4745,119.242,119.242,55.6504,1.53592
8,295,15.4791,54.5224,54.5224,13.182,0.941269
8,312,6.4608e-5,0.0704412,0.0704412,6.35838e-5,0.0870096
8,336,2.04058e-12,5.88293e-6,5.88293e-6,1.98384e-12,0.154483
8,360,4.98352e-20,4.91315e-10,4.91315e-10,6.1897e-20,-5.43211e-5
9,0,0,0,0,0,0
9,1,4.22568,3.60967,3.60967,3.41148,1.28916
9,2,5.38132,6.05051,6.05051,5.45315,-0.0711443
9,5,5.06727,5.96208,5.96208,4.43243,0.773639
9,7,1.94033,2.72612,2.72612,1.58754,1.20034
9,24,0.000261831,0.00352206,0.00352206,0.000257299,0.0951288
9,48,1.32879e-9,2.94146e-7,2.94146e-7,1.14669e-9,0.857808
9,72,4.78674e-15,2.45658e-11,2.45658e-11,5.11037e-15,-0.342066
9,96,2.37925e-20,2.05162e-15,2.05162e-15,2.27751e-20,4.58211e-6
9,97,22.2251,18.0483,18.0483,17.0574,1.63644
9,98,28.7669,30.2526,30.2526,27.2657,0.297391
9,101,24.1632,29.8104,29.8104,22.1621,0.487715
9,103,8.83445,13.6306,13.6306,7.93772,0.610214
9,120,0.00143206,0.0176103,0.0176103,0.0012865,0.611143
9,144,4.77271e-9,1.47073e-6,1.47073e-6,5.73345e-9,-0.905114
9,168,2.80797e-14,1.22829e-10,1.22829e-10,2.55519e-14,0.534379
9,192,1.06013e-19,1.02581e-14,1.02581e-14,1.13875e-19,-3.54098e-5
9,193,34.628,36.0967,36.0967,34.1148,0.0812595
9,194,57.0638,60.5051,60.5051,54.5315,0.250837
9,197,54.2185,59.6208,59.6208,44.3243,1.20574
9,199,21.7934,27.2612,27.2612,15.8754,2.01354
9,216,0.00235355,0.0352206,0.0352206,0.00257299,-0.460682
9,240,1.06372e-8,2.94146e-6,2.94146e-6,1.14669e-8,-0.390832
9,264,6.01389e-14,2.45658e-10,2.45658e-10,5.11037e-14,0.954988
9,288,2.10288e-19,2.05162e-14,2.05162e-14,2.27751e-19,-7.86453e-5
9,289,74.4626,72.1933,72.1933,68.2296,0.493448
9,290,132.715,121.01,121.01,109.063,1.17141
9,293,115.836,119.242,119.242,88.6486,1.65655
9,295,37.2341,54.5224,54.5224,31.7509,0.93281
9,312,0.00663536,0.0704412,0.0704412,0.00514599,1.56333
9,336,2.37292e-8,5.88293e-6,5.88293e-6,2.29338e-8,0.187345
9,360,9.68629e-14,4.91315e-10,4.91315e-10,1.02207e-13,-0.282453
9,384,4.94159e-19,4.10324e-14,4.10324e-14,4.55501e-19,0.000174102
9,385,77.6705,72.1933,72.1933,68.2296,0.747405
9,386,153.866,121.01,121.01,109.063,2.21896
9,389,83.1082,119.242,119.242,88.6486,-0.337586
9,391,32.2803,54.5224,54.5224,31.7509,0.0900649
9,408,0.00462924,0.0704412,0.0704412,0.00514599,-0.542411
9,432,2.26939e-8,5.88293e-6,5.88293e-6,2.29338e-8,-0.0564985
9,456,8.84005e-14,4.91315e-10,4.91315e-10,1.02207e-13,-0.729678
9,480,4.17211e-19,4.10324e-14,4.10324e-14,4.55501e-19,-0.000172444
9,481,103.228,72.1933,72.1933,68.2296,2.7707
9,482,130.528,121.01,121.01,109.063,1.06312
9,485,112.251,119.242,119.242,88.6486,1.43811
9,487,35.4658,54.5224,54.5224,31.7509,0.631991
9,504,0.0051061,0.0704412,0.0704412,0.00514599,-0.0418684
9,528,2.71908e-8,5.88293e-6,5.88293e-6,2.29338e-8,1.00263
9,552,9.88923e-14,4.91315e-10,4.91315e-10,1.02207e-13,-0.175201
9,576,4.72652e-19,4.10324e-14,4.10324e-14,4.55501e-19,7.72431e-5
9,577,89.2694,72.1933,72.1933,68.2296,1.66566
9,578,129.663,121.01,121.01,109.063,1.02026
9,581,114.565,119.242,119.242,88.6486,1.57911
9,583,33.7845,54.5224,54.5224,31.7509,0.345969
9,600,0.00562081,0.0704412,0.0704412,0.00514599,0.498401
9,624,2.31451e-8,5.88293e-6,5.88293e-6,2.29338e-8,0.0497675
9,648,9.3264e-14,4.91315e-10,4.91315e-10,1.02207e-13,-0.472647
10,0,0,0,0,0,0
10,1,4.86976,3.60967,3.60967,3.60371,1.89766
10,2,7.74919,6.05051,6.05051,6.03193,1.53779
10,5,6.2121,5.96208,5.96208,5.90971,0.27638
10,7,3.03739,2.72612,2.72612,2.68315,0.713146
10,24,0.00382347,0.00352206,0.00352206,0.00326443,0.925029
10,48,2.56124e-7,2.94146e-7,2.94146e-7,2.50463e-7,0.122088
10,72,1.71078e-11,2.45658e-11,2.45658e-11,1.92167e-11,-0.592767
10,96,1.34241e-15,2.05162e-15,2.05162e-15,1.4744e-15,-0.483518
10,97,23.3848,18.0483,18.0483,18.0185,1.60868
10,98,37.8728,30.2526,30.2526,30.1596,1.38141
10,101,38.7654,29.8104,29.8104,29.5486,1.68485
10,103,15.504,13.6306,13.6306,13.4157,0.840774
10,120,0.0170551,0.0176103,0.0176103,0.0163221,0.24256
10,144,1.46671e-6,1.47073e-6,1.47073e-6,1.25231e-6,0.924762
10,168,9.36741e-11,1.22829e-10,1.22829e-10,9.60834e-11,-0.135441
10,192,6.50037e-15,1.02581e-14,1.02581e-14,7.37198e-15,-0.638637
10,193,44.1582,36.0967,36.0967,36.0371,1.21725
10,194,60.2608,60.5051,60.5051,60.3193,-0.00523608
10,197,81.0766,59.6208,59.6208,59.0971,2.00894
10,199,29.8594,27.2612,27.2612,26.8315,0.609565
10,216,0.0379699,0.0352206,0.0352206,0.0326443,0.881209
10,240,3.12812e-6,2.94146e-6,2.94146e-6,2.50463e-6,1.34464
10,264,1.8025e-10,2.45658e-10,2.45658e-10,1.92167e-10,-0.334969
10,288,1.40733e-14,2.05162e-14,2.05162e-14,1.4744e-14,-0.245705
10,289,75.8603,72.1933,72.1933,72.0741,0.283747
10,290,151.552,121.01,121.01,120.639,1.38412
10,293,154.105,119.242,119.242,118.194,1.64111
10,295,68.3916,54.5224,54.5224,53.6629,1.48254
10,312,0.0673495,0.0704412,0.0704412,0.0652886,0.170503
10,336,5.77494e-6,5.88293e-6,5.88293e-6,5.00925e-6,0.825654
10,360,3.27784e-10,4.91315e-10,4.91315e-10,3.84334e-10,-0.794761
10,384,2.7402e-14,4.10324e-14,4.10324e-14,2.94879e-14,-0.382094
10,385,85.9043,72.1933,72.1933,72.0741,1.03649
10,386,146.084,121.01,121.01,120.639,1.1393
10,389,132.727,119.242,119.242,118.194,0.664153
10,391,66.0462,54.5224,54.5224,53.6629,1.24645
10,408,0.072536,0.0704412,0.0704412,0.0652886,0.599605
10,432,4.72332e-6,5.88293e-6,5.88293e-6,5.00925e-6,-0.30832
10,456,4.10344e-10,4.91315e-10,4.91315e-10,3.84334e-10,0.365558
10,480,3.02941e-14,4.10324e-14,4.10324e-14,2.94879e-14,0.147678
10,481,79.8738,72.1933,72.1933,72.0741,0.584539
10,482,149.519,121.01,121.01,120.639,1.29311
10,485,142.454,119.242,119.242,118.194,1.10868
10,487,68.2151,54.5224,54.5224,53.6629,1.46477
10,504,0.0621009,0.0704412,0.0704412,0.0652886,-0.263723
10,528,5.55042e-6,5.88293e-6,5.88293e-6,5.00925e-6,0.583551
10,552,3.81188e-10,4.91315e-10,4.91315e-10,3.84334e-10,-0.0442152
10,576,2.96483e-14,4.10324e-14,4.10324e-14,2.94879e-14,0.0293817
10,577,86.4409,72.1933,72.1933,72.0741,1.07671
10,578,156.845,121.01,121.01,120.639,1.62111
10,581,142.479,119.242,119.242,118.194,1.1098
10,583,70.6334,54.5224,54.5224,53.6629,1.70819
10,600,0.0769429,0.0704412,0.0704412,0.0652886,0.964199
10,624,6.03938e-6,5.88293e-6,5.88293e-6,5.00925e-6,1.1108
10,648,3.99262e-10,4.91315e-10,4.91315e-10,3.84334e-10,0.209808
11,0,0,0,0,0,0
11,1,4.0476,3.60967,3.60967,3.42259,0.986394
11,2,5.9716,6.05051,6.05051,5.4855,0.478657
11,5,5.08907,5.96208,5.96208,4.50744,0.696996
11,7,1.94904,2.72612,2.72612,1.6375,1.02765
11,24,0.000353654,0.00352206,0.00352206,0.000299451,0.977719
11,48,1.7856e-9,2.94146e-7,2.94146e-7,1.58253e-9,0.693125
11,72,7.50939e-15,2.45658e-11,2.45658e-11,8.36332e-15,-0.551516
11,96,3.82384e-20,2.05162e-15,2.05162e-15,4.41983e-20,-2.68407e-5
11,97,20.8727,18.0483,18.0483,17.1129,1.18673
11,98,33.4301,30.2526,30.2526,27.4275,1.18214
11,101,29.1612,29.8104,29.8104,22.5372,1.58758
11,103,10.1431,13.6306,13.6306,8.18752,1.29012
11,120,0.00166763,0.0176103,0.0176103,0.00149726,0.614659
11,144,7.91016e-9,1.47073e-6,1.47073e-6,7.91266e-9,-0.00170799
11,168,4.27617e-14,1.22829e-10,1.22829e-10,4.18166e-14,0.12208
11,192,1.8335e-19,1.02581e-14,1.02581e-14,2.20991e-19,-0.000169523
11,193,40.819,36.0967,36.0967,34.2259,1.04052
11,194,75.4139,60.5051,60.5051,54.855,2.02442
11,197,45.4292,59.6208,59.6208,45.0744,0.0425182
11,199,21.6258,27.2612,27.2612,16.375,1.73202
11,216,0.00326357,0.0352206,0.0352206,0.00299451,0.485325
11,240,1.69294e-8,2.94146e-6,2.94146e-6,1.58253e-8,0.376852
11,264,8.06727e-14,2.45658e-10,2.45658e-10,8.36332e-14,-0.191208
11,288,3.89261e-19,2.05162e-14,2.05162e-14,4.41983e-19,-0.000237438
11,289,81.8409,72.1933,72.1933,68.4517,1.05654
11,290,132.174,121.01,121.01,109.71,1.106
11,293,113.794,119.242,119.242,90.1488,1.41678
11,295,43.5426,54.5224,54.5224,32.7501,1.78004
11,312,0.00695172,0.0704412,0.0704412,0.00598902,0.868258
11,336,3.44034e-8,5.88293e-6,5.88293e-6,3.16506e-8,0.469793
11,360,1.46852e-13,4.91315e-10,4.91315e-10,1.67266e-13,-0.659229
11,384,7.01559e-19,4.10324e-14,4.10324e-14,8.83965e-19,-0.000821486
11,385,76.1369,72.1933,72.1933,68.4517,0.606437
11,386,140.841,121.01,121.01,109.71,1.53272
11,389,108.211,119.242,119.242,90.1488,1.08224
11,391,47.169,54.5224,54.5224,32.7501,2.37814
11,408,0.006378,0.0704412,0.0704412,0.00598902,0.35082
11,432,3.84009e-8,5.88293e-6,5.88293e-6,3.16506e-8,1.15201
11,456,1.53912e-13,4.91315e-10,4.91315e-10,1.67266e-13,-0.431248
11,480,8.04531e-19,4.10324e-14,4.10324e-14,8.83965e-19,-0.000357738
11,481,74.2141,72.1933,72.1933,68.4517,0.454709
11,482,154.838,121.01,121.01,109.71,2.22187
11,485,95.4943,119.242,119.242,90.1488,0.32029
11,487,36.1319,54.5224,54.5224,32.7501,0.557772
11,504,0.00721598,0.0704412,0.0704412,0.00598902,1.1066
11,528,3.52359e-8,5.88293e-6,5.88293e-6,3.16506e-8,0.611857
11,552,1.58861e-13,4.91315e-10,4.91315e-10,1.67266e-13,-0.27143
11,576,8.30916e-19,4.10324e-14,4.10324e-14,8.83965e-19,-0.000238912
11,577,79.2466,72.1933,72.1933,68.4517,0.851825
11,578,150.945,121.01,121.01,109.71,2.0302
11,581,135.456,119.242,119.242,90.1488,2.71469
11,583,32.1829,54.5224,54.5224,32.7501,-0.09354
11,600,0.00753664,0.0704412,0.0704412,0.00598902,1.3958
11,624,2.71432e-8,5.88293e-6,5.88293e-6,3.16506e-8,-0.769243
11,648,1.65909e-13,4.91315e-10,4.91315e-10,1.67266e-13,-0.04384
12,0,0,0,0,0,0
12,1,3.72529,3.60967,3.60967,3.80991,-0.119968
12,2,8.48137,6.05051,6.05051,6.69823,1.43794
12,5,10.9429,5.96208,5.96208,7.9964,1.99036
12,7,5.44819,2.72612,2.72612,4.59573,1.00193
12,24,0.0398993,0.00352206,0.00352206,0.0414728,-0.204937
12,48,6.74906e-5,2.94146e-7,2.94146e-7,5.38621e-5,1.36673
12,72,8.04402e-8,2.45658e-11,2.45658e-11,6.99523e-8,0.809849
12,96,8.24813e-11,2.05162e-15,2.05162e-15,9.08492e-11,-0.497517
12,97,25.2087,18.0483,18.0483,19.0496,1.74643
12,98,34.0295,30.2526,30.2526,33.4911,0.0868199
12,101,52.7572,29.8104,29.8104,39.982,1.72591
12,103,22.2867,13.6306,13.6306,22.9787,-0.162663
12,120,0.198981,0.0176103,0.0176103,0.207364,-0.218382
12,144,0.000248286,1.47073e-6,1.47073e-6,0.00026931,-0.42169
12,168,2.90809e-7,1.22829e-10,1.22829e-10,3.49761e-7,-0.910422
12,192,4.53665e-10,1.02581e-14,1.02581e-14,4.54246e-10,-0.00690751
12,193,50.5909,36.0967,36.0967,38.0991,1.77103
12,194,71.9254,60.5051,60.5051,66.9823,0.398619
12,197,93.7645,59.6208,59.6208,79.964,0.932214
12,199,52.9662,27.2612,27.2612,45.9573,0.823776
12,216,0.476391,0.0352206,0.0352206,0.414728,0.803108
12,240,0.000570925,2.94146e-6,2.94146e-6,0.000538621,0.323965
12,264,6.21978e-7,2.45658e-10,2.45658e-10,6.99523e-7,-0.598777
12,288,7.87455e-10,2.05162e-14,2.05162e-14,9.08492e-10,-0.719635
12,289,81.8767,72.1933,72.1933,76.1982,0.40253
12,290,161.122,121.01,121.01,133.965,1.09499
12,293,159.221,119.242,119.242,159.928,-0.0238965
12,295,107.275,54.5224,54.5224,91.9146,0.902709
12,312,0.872237,0.0704412,0.0704412,0.829457,0.278586
12,336,0.00125628,5.88293e-6,5.88293e-6,0.00107724,0.897748
12,360,1.34138e-6,4.91315e-10,4.91315e-10,1.39905e-6,-0.222629
12,384,1.94982e-9,4.10324e-14,4.10324e-14,1.81698e-9,0.394898
12,385,97.4118,72.1933,72.1933,76.1982,1.50378
12,386,161.393,121.01,121.01,133.965,1.10592
12,389,171.33,119.242,119.242,159.928,0.385104
12,391,89.5631,54.5224,54.5224,91.9146,-0.138188
12,408,0.898325,0.0704412,0.0704412,0.829457,0.448478
12,432,0.0011398,5.88293e-6,5.88293e-6,0.00107724,0.313699
12,456,1.55845e-6,4.91315e-10,4.91315e-10,1.39905e-6,0.61544
12,480,1.76551e-9,4.10324e-14,4.10324e-14,1.81698e-9,-0.153029
12,481,93.6384,72.1933,72.1933,76.1982,1.2363
12,482,149.62,121.01,121.01,133.965,0.631229
12,485,138.023,119.242,119.242,159.928,-0.739849
12,487,99.6534,54.5224,54.5224,91.9146,0.454785
12,504,0.951982,0.0704412,0.0704412,0.829457,0.797897
12,528,0.00114,5.88293e-6,5.88293e-6,0.00107724,0.314694
12,552,1.16468e-6,4.91315e-10,4.91315e-10,1.39905e-6,-0.904851
12,576,1.67934e-9,4.10324e-14,4.10324e-14,1.81698e-9,-0.409185
12,577,90.3365,72.1933,72.1933,76.1982,1.00223
12,578,151.549,121.01,121.01,133.965,0.709032
12,581,194.651,119.242,119.242,159.928,1.17277
12,583,130.152,54.5224,54.5224,91.9146,2.24707
12,600,0.867672,0.0704412,0.0704412,0.829457,0.248861
12,624,0.00129192,5.88293e-6,5.88293e-6,0.00107724,1.07644
12,648,1.1172e-6,4.91315e-10,4.91315e-10,1.39905e-6,-1.08815
13,0,0,0,0,0,0
13,1,4.82483,3.60967,3.60967,3.40605,2.24999
13,2,5.91826,6.05051,6.05051,5.43737,0.477712
13,5,5.4864,5.96208,5.96208,4.39617,1.33956
13,7,1.8622,2.72612,2.72612,1.56362,1.03143
13,24,0.000249239,0.00352206,0.00352206,0.000238846,0.23504
13,48,9.35522e-10,2.94146e-7,2.94146e-7,9.79049e-10,-0.240146
13,72,4.23546e-15,2.45658e-11,2.45658e-11,4.0132e-15,0.299141
13,96,1.46797e-20,2.05162e-15,2.05162e-15,1.64505e-20,-7.97469e-6
13,97,16.8242,18.0483,18.0483,17.0302,-0.0653422
13,98,31.565,30.2526,30.2526,27.1869,0.869859
13,101,30.9998,29.8104,29.8104,21.9808,2.21629
13,103,8.77488,13.6306,13.6306,7.81811,0.661029
13,120,0.00102573,0.0176103,0.0176103,0.00119423,-0.762124
13,144,4.9066e-9,1.47073e-6,1.47073e-6,4.89525e-9,0.0125253
13,168,2.07381e-14,1.22829e-10,1.22829e-10,2.0066e-14,0.18092
13,192,7.10568e-20,1.02581e-14,1.02581e-14,8.22523e-20,-5.04198e-5
13,193,43.4486,36.0967,36.0967,34.0605,1.48882
13,194,66.6282,60.5051,60.5051,54.3737,1.21736
13,197,46.7445,59.6208,59.6208,43.9617,0.341926
13,199,17.5353,27.2612,27.2612,15.6362,0.656024
13,216,0.00264111,0.0352206,0.0352206,0.00238846,0.571374
13,240,9.91173e-9,2.94146e-6,2.94146e-6,9.79049e-9,0.0668874
13,264,4.26575e-14,2.45658e-10,2.45658e-10,4.0132e-14,0.339906
13,288,1.5655e-19,2.05162e-14,2.05162e-14,1.64505e-19,-3.58246e-5
13,289,107.682,90.2417,90.2417,85.1512,1.42921
13,290,167.531,151.263,151.263,135.934,1.25554
13,293,127.657,149.052,149.052,109.904,0.872494
13,295,46.0148,68.153,68.153,39.0905,0.95679
13,312,0.00637921,0.0880515,0.0880515,0.00597115,0.369131
13,336,2.55634e-8,7.35366e-6,7.35366e-6,2.44762e-8,0.23991
13,360,1.00783e-13,6.14144e-10,6.14144e-10,1.0033e-13,0.0243895
13,384,3.5103e-19,5.12905e-14,5.12905e-14,4.11261e-19,-0.000271259
13,385,100.066,90.2417,90.2417,85.1512,0.946098
13,386,142.117,151.263,151.263,135.934,0.245692
13,389,139.045,149.052,149.052,109.904,1.43218
13,391,41.4839,68.153,68.153,39.0905,0.330711
13,408,0.00683259,0.0880515,0.0880515,0.00597115,0.779262
13,432,2.35745e-8,7.35366e-6,7.35366e-6,2.44762e-8,-0.198993
13,456,1.02454e-13,6.14144e-10,6.14144e-10,1.0033e-13,0.114358
13,480,3.868e-19,5.12905e-14,5.12905e-14,4.11261e-19,-0.000110165
13,481,89.4723,90.2417,90.2417,85.1512,0.274108
13,482,163.782,151.263,151.263,135.934,1.10658
13,485,139.302,149.052,149.052,109.904,1.44484
13,487,49.3133,68.153,68.153,39.0905,1.41258
13,504,0.00618846,0.0880515,0.0880515,0.00597115,0.196579
13,528,2.13608e-8,7.35366e-6,7.35366e-6,2.44762e-8,-0.687519
13,552,9.47466e-14,6.14144e-10,6.14144e-10,1.0033e-13,-0.3006
13,576,3.8604e-19,5.12905e-14,5.12905e-14,4.11261e-19,-0.000113586
13,577,107.23,90.2417,90.2417,85.1512,1.40058
13,578,164.929,151.263,151.263,135.934,1.15215
13,581,134.597,149.052,149.052,109.904,1.21361
13,583,37.3493,68.153,68.153,39.0905,-0.240604
13,600,0.00682761,0.0880515,0.0880515,0.00597115,0.774752
13,624,2.28901e-8,7.35366e-6,7.35366e-6,2.44762e-8,-0.350033
13,648,1.12202e-13,6.14144e-10,6.14144e-10,1.0033e-13,0.639127
14,0,0,0,0,0,0
14,1,5.01615,3.60967,3.60967,3.96525,1.43155
14,2,8.54612,6.05051,6.05051,7.2321,0.981417
14,5,11.9044,5.96208,5.96208,10.0025,1.02703
14,7,8.40357,2.72612,2.72612,6.78931,1.2843
14,24,0.218474,0.00352206,0.00352206,0.252003,-0.718677
14,48,0.00259896,2.94146e-7,2.94146e-7,0.00240984,0.423893
14,72,2.26648e-5,2.45658e-11,2.45658e-11,2.30447e-5,-0.0890564
14,96,2.00091e-7,2.05162e-15,2.05162e-15,2.20371e-7,-0.497097
14,97,22.7478,18.0483,18.0483,19.8263,0.795954
14,98,29.5202,30.2526,30.2526,36.1605,-0.991909
14,101,53.9812,29.8104,29.8104,50.0127,0.428608
14,103,36.5627,13.6306,13.6306,33.9465,0.416278
14,120,1.37223,0.0176103,0.0176103,1.26001,0.48105
14,144,0.0111875,1.47073e-6,1.47073e-6,0.0120492,-0.3863
14,168,0.000114182,1.22829e-10,1.22829e-10,0.000115224,-0.0488476
14,192,1.21049e-6,1.02581e-14,1.02581e-14,1.10186e-6,0.532526
14,193,44.159,36.0967,36.0967,39.6525,0.613876
14,194,88.3628,60.5051,60.5051,72.321,1.19814
14,197,131.053,59.6208,59.6208,100.025,1.67553
14,199,72.7599,27.2612,27.2612,67.8931,0.387205
14,216,2.67208,0.0352206,0.0352206,2.52003,0.325915
14,240,0.0230461,2.94146e-6,2.94146e-6,0.0240984,-0.235878
14,264,0.000236032,2.45658e-10,2.45658e-10,0.000230447,0.130892
14,288,2.12399e-6,2.05162e-14,2.05162e-14,2.20371e-6,-0.195406
14,289,108.526,90.2417,90.2417,99.1313,0.511916
14,290,224.526,151.263,151.263,180.802,1.30626
14,293,340.825,149.052,149.052,250.063,1.96051
14,295,161.92,68.153,68.153,169.733,-0.248643
14,312,7.78301,0.0880515,0.0880515,6.30007,1.27144
14,336,0.0580999,7.35366e-6,7.35366e-6,0.060246,-0.192418
14,360,0.000678355,6.14144e-10,6.14144e-10,0.000576119,0.958536
14,384,5.82092e-6,5.12905e-14,5.12905e-14,5.50928e-6,0.305543
14,385,99.9123,90.2417,90.2417,99.1313,0.0425517
14,386,221.291,151.263,151.263,180.802,1.2096
14,389,306.198,149.052,149.052,250.063,1.21254
14,391,216.689,68.153,68.153,169.733,1.49433
14,408,6.81257,0.0880515,0.0880515,6.30007,0.439409
14,432,0.0762686,7.35366e-6,7.35366e-6,0.060246,1.43655
14,456,0.000576889,6.14144e-10,6.14144e-10,0.000576119,0.00722825
14,480,4.8363e-6,5.12905e-14,5.12905e-14,5.50928e-6,-0.659822
14,481,97.7556,90.2417,90.2417,99.1313,-0.0749625
14,482,185.136,151.263,151.263,180.802,0.129478
14,485,243.59,149.052,149.052,250.063,-0.139835
14,487,231.495,68.153,68.153,169.733,1.96549
14,504,7.59836,0.0880515,0.0880515,6.30007,1.11312
14,528,0.0651687,7.35366e-6,7.35366e-6,0.060246,0.441351
14,552,0.000576592,6.14144e-10,6.14144e-10,0.000576119,0.00443932
14,576,5.24451e-6,5.12905e-14,5.12905e-14,5.50928e-6,-0.259596
14,577,115.55,90.2417,90.2417,99.1313,0.894643
14,578,228.801,151.263,151.263,180.802,1.43396
14,581,263.346,149.052,149.052,250.063,0.286907
14,583,222.845,68.153,68.153,169.733,1.69023
14,600,6.14134,0.0880515,0.0880515,6.30007,-0.136089
14,624,0.0625848,7.35366e-6,7.35366e-6,0.060246,0.20969
14,648,0.000587145,6.14144e-10,6.14144e-10,0.000576119,0.10338
15,0,0,0,0,0,0
15,1,4.17133,3.60967,3.60967,3.45465,1.12055
15,2,5.58322,6.05051,6.05051,5.57964,0.00346529
15,5,5.34812,5.96208,5.96208,4.73067,0.705016
15,7,1.98017,2.72612,2.72612,1.7899,0.574196
15,24,0.000547568,0.00352206,0.00352206,0.00046241,0.994753
15,48,3.76712e-9,2.94146e-7,2.94146e-7,3.98012e-9,-0.289068
15,72,3.57624e-14,2.45658e-11,2.45658e-11,3.42582e-14,0.237168
15,96,2.89771e-19,2.05162e-15,2.05162e-15,2.94872e-19,-2.29756e-5
15,97,20.8325,18.0483,18.0483,17.2733,1.113
15,98,32.3253,30.2526,30.2526,27.8982,0.857145
15,101,22.8966,29.8104,29.8104,23.6533,-0.172815
15,103,10.8456,13.6306,13.6306,8.94948,1.1444
15,120,0.00222997,0.0176103,0.0176103,0.00231205,-0.191747
15,144,1.93665e-8,1.47073e-6,1.47073e-6,1.99006e-8,-0.144958
15,168,1.55e-13,1.22829e-10,1.22829e-10,1.71291e-13,-0.513729
15,192,1.34772e-18,1.02581e-14,1.02581e-14,1.47436e-18,-0.000570359
15,193,42.6054,36.0967,36.0967,34.5465,1.26004
15,194,69.8542,60.5051,60.5051,55.7964,1.3609
15,197,46.687,59.6208,59.6208,47.3067,-0.0707564
15,199,19.603,27.2612,27.2612,17.899,0.514253
15,216,0.00552131,0.0352206,0.0352206,0.0046241,1.04806
15,240,4.44115e-8,2.94146e-6,2.94146e-6,3.98012e-8,0.625674
15,264,3.58318e-13,2.45658e-10,2.45658e-10,3.42582e-13,0.248101
15,288,2.32537e-18,2.05162e-14,2.05162e-14,2.94872e-18,-0.00280733
15,289,106.336,90.2417,90.2417,86.3663,1.24892
15,290,135.903,151.263,151.263,139.491,-0.138954
15,293,150.708,149.052,149.052,118.267,1.48167
15,295,60.4433,68.153,68.153,44.7474,1.89468
15,312,0.0126888,0.0880515,0.0880515,0.0115602,0.527329
15,336,1.02315e-7,7.35366e-6,7.35366e-6,9.95029e-8,0.152671
15,360,8.91193e-13,6.14144e-10,6.14144e-10,8.56455e-13,0.219085
15,384,6.58006e-18,5.12905e-14,5.12905e-14,7.3718e-18,-0.00356571
15,385,101.017,90.2417,90.2417,86.3663,0.91626
15,386,129.809,151.263,151.263,139.491,-0.374933
15,389,128.32,149.052,149.052,118.267,0.459155
15,391,54.0701,68.153,68.153,44.7474,1.12535
15,408,0.0148912,0.0880515,0.0880515,0.0115602,1.55638
15,432,1.08654e-7,7.35366e-6,7.35366e-6,9.95029e-8,0.49675
15,456,6.67216e-13,6.14144e-10,6.14144e-10,8.56455e-13,-1.1935
15,480,6.54455e-18,5.12905e-14,5.12905e-14,7.3718e-18,-0.0037256
15,481,100.561,90.2417,90.2417,86.3663,0.887735
15,482,204.925,151.263,151.263,139.491,2.5338
15,485,124.189,149.052,149.052,118.267,0.270503
15,487,47.0951,68.153,68.153,44.7474,0.283395
15,504,0.0104457,0.0880515,0.0880515,0.0115602,-0.520791
15,528,1.09212e-7,7.35366e-6,7.35366e-6,9.95029e-8,0.527036
15,552,7.88882e-13,6.14144e-10,6.14144e-10,8.56455e-13,-0.426176
15,576,7.35891e-18,5.12905e-14,5.12905e-14,7.3718e-18,-5.80847e-5
15,577,106.359,90.2417,90.2417,86.3663,1.25038
15,578,168.985,151.263,151.263,139.491,1.1421
15,581,119.111,149.052,149.052,118.267,0.0385732
15,583,40.5885,68.153,68.153,44.7474,-0.502027
15,600,0.00864153,0.0880515,0.0880515,0.0115602,-1.36377
15,624,1.03926e-7,7.35366e-6,7.35366e-6,9.95029e-8,0.240119
15,648,8.10386e-13,6.14144e-10,6.14144e-10,8.56455e-13,-0.290555
16,0,0,0,0,0,0
16,1,19.4034,18.0483,18.0483,16.4505,0.969618
16,2,32.9396,30.2526,30.2526,25.5406,1.56479
16,5,19.4359,29.8104,29.8104,18.4225,0.297123
16,7,6.45276,13.6306,13.6306,5.62516,0.794696
16,24,0.0003268,0.0176103,0.0176103,0.000234866,2.11433
16,48,1.31805e-10,1.47073e-6,1.47073e-6,1.54261e-10,-0.786308
16,72,1.01977e-16,1.22829e-10,1.22829e-10,1.0132e-16,0.00295904
16,96,5.20545e-23,1.02581e-14,1.02581e-14,6.65474e-23,-6.52699e-8
16,97,36.9113,36.0967,36.0967,32.9009,0.658412
16,98,51.0506,60.5051,60.5051,51.0812,-0.00324169
16,101,49.0509,59.6208,59.6208,36.845,1.78939
16,103,14.0493,27.2612,27.2612,11.2503,1.34384
16,120,0.000513183,0.0352206,0.0352206,0.000469731,0.499657
16,144,2.9844e-10,2.94146e-6,2.94146e-6,3.08522e-10,-0.176512
16,168,1.60796e-16,2.45658e-10,2.45658e-10,2.02639e-16,-0.188445
16,192,9.21028e-23,2.05162e-14,2.05162e-14,1.33095e-22,-1.84611e-7
16,193,85.2306,90.2417,90.2417,82.2523,0.19559
16,194,154.826,151.263,151.263,127.703,1.14722
16,197,103.067,149.052,149.052,92.1125,0.642403
16,199,32.0494,68.153,68.153,28.1258,0.753527
16,216,0.00144088,0.0880515,0.0880515,0.00117433,1.22603
16,240,8.27546e-10,7.35366e-6,7.35366e-6,7.71306e-10,0.393852
16,264,3.82945e-16,6.14144e-10,6.14144e-10,5.06598e-16,-0.556886
16,288,2.57541e-22,5.12905e-14,5.12905e-14,3.32737e-22,-3.38654e-7
16,289,186.662,180.483,180.483,164.505,0.72755
16,290,317.254,302.526,302.526,255.406,1.30801
16,293,200.822,298.104,298.104,184.225,0.486617
16,295,61.2458,136.306,136.306,56.2516,0.479566
16,312,0.00257409,0.176103,0.176103,0.00234866,0.518462
16,336,1.62716e-9,1.47073e-5,1.47073e-5,1.54261e-9,0.296058
16,360,9.90761e-16,1.22829e-9,1.22829e-9,1.0132e-15,-0.101041
16,384,5.07041e-22,1.02581e-13,1.02581e-13,6.65474e-22,-7.13516e-7
16,385,182.729,180.483,180.483,164.505,0.598398
16,386,318.492,302.526,302.526,255.406,1.33418
16,389,216.802,298.104,298.104,184.225,0.95516
16,391,66.5932,136.306,136.306,56.2516,0.993042
16,408,0.00247037,0.176103,0.176103,0.00234866,0.279926
16,432,1.66856e-9,1.47073e-5,1.47073e-5,1.54261e-9,0.441023
16,456,9.34577e-16,1.22829e-9,1.22829e-9,1.0132e-15,-0.354072
16,480,5.34885e-22,1.02581e-13,1.02581e-13,6.65474e-22,-5.88117e-7
16,481,189.149,180.483,180.483,164.505,0.809215
16,482,332.479,302.526,302.526,255.406,1.63
16,485,186.464,298.104,298.104,184.225,0.0656575
16,487,71.1123,136.306,136.306,56.2516,1.42699
16,504,0.00265839,0.176103,0.176103,0.00234866,0.712335
16,528,1.55719e-9,1.47073e-5,1.47073e-5,1.54261e-9,0.0510335
16,552,8.74559e-16,1.22829e-9,1.22829e-9,1.0132e-15,-0.624371
16,576,4.83796e-22,1.02581e-13,1.02581e-13,6.65474e-22,-8.18204e-7
16,577,200.611,180.483,180.483,164.505,1.18556
16,578,261.391,302.526,302.526,255.406,0.126582
16,581,234.334,298.104,298.104,184.225,1.46921
16,583,70.4257,136.306,136.306,56.2516,1.36106
16,600,0.00222847,0.176103,0.176103,0.00234866,-0.276418
16,624,1.26608e-9,1.47073e-5,1.47073e-5,1.54261e-9,-0.968285
16,648,9.64718e-16,1.22829e-9,1.22829e-9,1.0132e-15,-0.218331
17,0,0,0,0,0,0
17,1,23.7293,18.0483,18.0483,19.5203,1.16469
17,2,41.4764,30.2526,30.2526,35.0922,0.982675
17,5,60.9651,29.8104,29.8104,45.8091,1.7871
17,7,32.6228,13.6306,13.6306,29.1519,0.643103
17,24,0.835934,0.0176103,0.0176103,0.62553,1.81686
17,48,0.00331139,1.47073e-6,1.47073e-6,0.00275951,1.08025
17,72,1.24561e-5,1.22829e-10,1.22829e-10,1.21735e-5,0.125385
17,96,5.32315e-8,1.02581e-14,1.02581e-14,5.37033e-8,-0.0474614
17,97,43.1619,36.0967,36.0967,39.0405,0.57022
17,98,75.714,60.5051,60.5051,70.1844,0.425568
17,101,120.144,59.6208,59.6208,91.6183,1.68177
17,103,68.5794,27.2612,27.2612,58.3039,0.951964
17,120,1.4175,0.0352206,0.0352206,1.25106,0.718593
17,144,0.00711388,2.94146e-6,2.94146e-6,0.00551903,1.56089
17,168,2.45141e-5,2.45658e-10,2.45658e-10,2.43471e-5,0.0370636
17,192,8.801e-8,2.05162e-14,2.05162e-14,1.07407e-7,-0.975467
17,193,113.502,90.2417,90.2417,97.6013,0.880015
17,194,168.579,151.263,151.263,175.461,-0.211873
17,197,282.95,149.052,149.052,229.046,1.27121
17,199,142.849,68.153,68.153,145.76,-0.107859
17,216,3.32157,0.0880515,0.0880515,3.12765,0.334912
17,240,0.0138982,7.35366e-6,7.35366e-6,0.0137976,0.0394049
17,264,5.23795e-5,6.14144e-10,6.14144e-10,6.08677e-5,-0.753256
17,288,2.50809e-7,5.12905e-14,5.12905e-14,2.68517e-7,-0.356217
17,289,239.617,180.483,180.483,195.203,1.22901
17,290,466.129,302.526,302.526,350.922,1.7733
17,293,569.012,298.104,298.104,458.091,1.3079
17,295,316.957,136.306,136.306,291.519,0.471335
17,312,7.33211,0.176103,0.176103,6.2553,0.929839
17,336,0.0306956,1.47073e-5,1.47073e-5,0.0275951,0.606884
17,360,0.000128432,1.22829e-9,1.22829e-9,0.000121735,0.297136
17,384,5.30944e-7,1.02581e-13,1.02581e-13,5.37033e-7,-0.0612441
17,385,200.706,180.483,180.483,195.203,0.152294
17,386,419.467,302.526,302.526,350.922,1.05507
17,389,512.395,298.104,298.104,458.091,0.640312
17,391,325.39,136.306,136.306,291.519,0.627589
17,408,7.42305,0.176103,0.176103,6.2553,1.00836
17,432,0.0295388,1.47073e-5,1.47073e-5,0.0275951,0.380459
17,456,0.000103727,1.22829e-9,1.22829e-9,0.000121735,-0.799029
17,480,5.23448e-7,1.02581e-13,1.02581e-13,5.37033e-7,-0.136644
17,481,204.89,180.483,180.483,195.203,0.268071
17,482,404.698,302.526,302.526,350.922,0.827734
17,485,480.159,298.104,298.104,458.091,0.260208
17,487,380.183,136.306,136.306,291.519,1.64284
17,504,6.66086,0.176103,0.176103,6.2553,0.350207
17,528,0.0316142,1.47073e-5,1.47073e-5,0.0275951,0.786703
17,552,0.000123998,1.22829e-9,1.22829e-9,0.000121735,0.100394
17,576,3.26651e-7,1.02581e-13,1.02581e-13,5.37033e-7,-2.11604
17,577,268.135,180.483,180.483,195.203,2.01813
17,578,444.381,302.526,302.526,350.922,1.43855
17,581,470.994,298.104,298.104,458.091,0.152138
17,583,373,136.306,136.306,291.519,1.50975
17,600,7.75886,0.176103,0.176103,6.2553,1.29834
17,624,0.0275112,1.47073e-5,1.47073e-5,0.0275951,-0.0164388
17,648,0.000114854,1.22829e-9,1.22829e-9,0.000121735,-0.305329
18,0,0,0,0,0,0
18,1,22.4393,18.0483,18.0483,18.8422,1.03118
18,2,32.324,30.2526,30.2526,32.802,-0.0787014
18,5,39.5067,29.8104,29.8104,37.6416,0.267646
18,7,25.5274,13.6306,13.6306,20.6613,1.27214
18,24,0.132053,0.0176103,0.0176103,0.126132,0.253531
18,48,9.32905e-5,1.47073e-6,1.47073e-6,9.43434e-5,-0.0602823
18,72,7.11581e-8,1.22829e-10,1.22829e-10,7.05662e-8,0.0453036
19,0,0,0,0,0,0
19,1,35.8063,36.0967,36.0967,30.7434,0.889539
19,2,53.9556,60.5051,60.5051,45.3281,1.02809
19,5,28.9455,59.6208,59.6208,26.3433,0.533574
19,7,6.96157,27.2612,27.2612,5.92872,0.941005
19,24,2.13763e-5,0.0352206,0.0352206,1.85113e-5,0.835973
19,48,2.72433e-13,2.94146e-6,2.94146e-6,3.12561e-13,-0.693468
19,72,4.24207e-21,2.45658e-10,2.45658e-10,5.27754e-21,-4.66337e-6
19,96,5.77047e-29,2.05162e-14,2.05162e-14,8.91105e-29,-1.41439e-13
19,97,103.229,90.2417,90.2417,76.8585,1.85327
19,98,133.746,151.263,151.263,113.32,0.973588
19,101,72.1449,149.052,149.052,65.8582,0.515623
19,103,18.5795,68.153,68.153,14.8218,1.36941
19,120,4.73761e-5,0.0880515,0.0880515,4.62784e-5,0.128124
19,144,7.89619e-13,7.35366e-6,7.35366e-6,7.81403e-13,0.056797
19,168,9.82359e-21,6.14144e-10,6.14144e-10,1.31939e-20,-1.51783e-5
19,192,1.43757e-28,5.12905e-14,5.12905e-14,2.22776e-28,-3.55872e-13
19,193,188.226,180.483,180.483,153.717,1.21262
19,194,268.52,302.526,302.526,226.641,0.998117
19,197,162.223,298.104,298.104,131.716,1.25106
19,199,38.3521,136.306,136.306,29.6436,1.58683
19,216,0.000108235,0.176103,0.176103,9.25567e-5,0.914993
19,240,1.46182e-12,1.47073e-5,1.47073e-5,1.56281e-12,-0.349044
19,264,2.00517e-20,1.22829e-9,1.22829e-9,2.63877e-20,-2.8535e-5
19,288,3.05115e-28,1.02581e-13,1.02581e-13,4.45553e-28,-6.32473e-13
19,289,248.5,270.725,270.725,230.576,0.419904
19,290,438.706,453.789,453.789,339.961,1.56892
19,293,270.271,447.156,447.156,197.574,1.98747
19,295,53.7187,204.459,204.459,44.4654,1.12406
19,312,0.000146442,0.264154,0.264154,0.000138835,0.295968
19,336,2.11476e-12,2.2061e-5,2.2061e-5,2.34421e-12,-0.528694
19,360,3.1049e-20,1.84243e-9,1.84243e-9,3.95816e-20,-3.84274e-5
19,384,3.95026e-28,1.53871e-13,1.53871e-13,6.68329e-28,-1.23085e-12
19,385,305.488,270.725,270.725,230.576,1.75492
19,386,365.785,453.789,453.789,339.961,0.410312
19,389,246.367,447.156,447.156,197.574,1.33395
19,391,51.1972,204.459,204.459,44.4654,0.817752
19,408,0.000182517,0.264154,0.264154,0.000138835,1.69947
19,432,2.13645e-12,2.2061e-5,2.2061e-5,2.34421e-12,-0.478708
19,456,2.7445e-20,1.84243e-9,1.84243e-9,3.95816e-20,-5.46583e-5
19,480,5.21758e-28,1.53871e-13,1.53871e-13,6.68329e-28,-6.60095e-13
19,481,292.504,270.725,270.725,230.576,1.45075
19,482,417.28,453.789,453.789,339.961,1.2285
19,485,180.235,447.156,447.156,197.574,-0.474047
19,487,48.3391,204.459,204.459,44.4654,0.470566
19,504,0.000143494,0.264154,0.264154,0.000138835,0.181244
19,528,2.21324e-12,2.2061e-5,2.2061e-5,2.34421e-12,-0.301772
19,552,3.19142e-20,1.84243e-9,1.84243e-9,3.95816e-20,-3.4531e-5
19,576,5.30357e-28,1.53871e-13,1.53871e-13,6.68329e-28,-6.21369e-13
19,577,308.824,270.725,270.725,230.576,1.83308
19,578,413.749,453.789,453.789,339.961,1.17239
19,581,270.36,447.156,447.156,197.574,1.98988
19,583,54.3873,204.459,204.459,44.4654,1.20529
19,600,0.000151568,0.264154,0.264154,0.000138835,0.495376
19,624,2.23679e-12,2.2061e-5,2.2061e-5,2.34421e-12,-0.247509
19,648,3.03497e-20,1.84243e-9,1.84243e-9,3.95816e-20,-4.15768e-5
20,0,0,0,0,0,0
20,1,32.8762,36.0967,36.0967,33.5271,-0.104862
20,2,59.3098,60.5051,60.5051,52.8415,0.661195
20,5,45.4281,59.6208,59.6208,40.5438,0.650714
20,7,16.5337,27.2612,27.2612,13.4554,1.23575
20,24,0.00134592,0.0352206,0.0352206,0.00114067,0.97191
20,48,1.96443e-9,2.94146e-6,2.94146e-6,2.03623e-9,-0.19047
20,72,3.58242e-15,2.45658e-10,2.45658e-10,3.63491e-15,-0.0779985
20,96,5.50591e-21,2.05162e-14,2.05162e-14,6.48873e-21,-4.42622e-6
20,97,96.2048,90.2417,90.2417,83.8178,0.798268
20,98,145.856,151.263,151.263,132.104,0.562307
20,101,109.012,149.052,149.052,101.36,0.407808
20,103,40.6741,68.153,68.153,33.6385,1.12974
20,120,0.00354191,0.0880515,0.0880515,0.00285168,1.30741
20,144,5.70307e-9,7.35366e-6,7.35366e-6,5.09058e-9,0.649911
20,168,8.51145e-15,6.14144e-10,6.14144e-10,9.08727e-15,-0.342273
20,192,1.68242e-20,5.12905e-14,5.12905e-14,1.62218e-20,2.71291e-6
20,193,190.055,180.483,180.483,167.636,0.722382
20,194,278.403,302.526,302.526,264.208,0.290212
20,197,250.902,298.104,298.104,202.719,1.28386
20,199,85.4745,136.306,136.306,67.277,1.46104
20,216,0.00675692,0.176103,0.176103,0.00570336,0.997812
20,240,1.18342e-8,1.47073e-5,1.47073e-5,1.01812e-8,0.877005
20,264,1.43977e-14,1.22829e-9,1.22829e-9,1.81745e-14,-1.12247
20,288,2.92545e-20,1.02581e-13,1.02581e-13,3.24437e-20,-1.43627e-5
20,289,314.046,270.725,270.725,251.453,1.34457
20,290,476.791,453.789,453.789,396.312,1.09689
20,293,357.165,447.156,447.156,304.079,0.943
20,295,110.382,204.459,204.459,100.916,0.506721
20,312,0.00975132,0.264154,0.264154,0.00855503,0.755314
20,336,1.35046e-8,2.2061e-5,2.2061e-5,1.52717e-8,-0.62504
20,360,2.65329e-14,1.84243e-9,1.84243e-9,2.72618e-14,-0.144419
20,384,4.58627e-20,1.53871e-13,1.53871e-13,4.86655e-20,-1.26228e-5
20,385,327.915,270.725,270.725,251.453,1.64249
20,386,545.688,453.789,453.789,396.312,2.03593
20,389,381.653,447.156,447.156,304.079,1.378
20,391,84.8662,204.459,204.459,100.916,-0.859045
20,408,0.00977912,0.264154,0.264154,0.00855503,0.772868
20,432,1.50275e-8,2.2061e-5,2.2061e-5,1.52717e-8,-0.08637
20,456,2.34474e-14,1.84243e-9,1.84243e-9,2.72618e-14,-0.755773
20,480,4.03102e-20,1.53871e-13,1.53871e-13,4.86655e-20,-3.76287e-5
20,481,372.706,270.725,270.725,251.453,2.60465
20,482,503.313,453.789,453.789,396.312,1.45837
20,485,382.774,447.156,447.156,304.079,1.39792
20,487,107.389,204.459,204.459,100.916,0.346482
20,504,0.00843486,0.264154,0.264154,0.00855503,-0.0758763
20,528,1.99548e-8,2.2061e-5,2.2061e-5,1.52717e-8,1.65639
20,552,2.68689e-14,1.84243e-9,1.84243e-9,2.72618e-14,-0.0778509
20,576,3.87209e-20,1.53871e-13,1.53871e-13,4.86655e-20,-4.47863e-5
20,577,272.341,270.725,270.725,251.453,0.44869
20,578,435.835,453.789,453.789,396.312,0.538688
20,581,414.786,447.156,447.156,304.079,1.96656
20,583,135.125,204.459,204.459,100.916,1.83109
20,600,0.0092331,0.264154,0.264154,0.00855503,0.428124
20,624,1.30278e-8,2.2061e-5,2.2061e-5,1.52717e-8,-0.793679
20,648,2.48794e-14,1.84243e-9,1.84243e-9,2.72618e-14,-0.472043
21,0,0,0,0,0,0
21,1,37.0042,36.0967,36.0967,36.2627,0.110453
21,2,73.6387,60.5051,60.5051,61.0252,1.11646
21,5,66.7118,59.6208,59.6208,61.1036,0.495755
21,7,35.5832,27.2612,27.2612,28.4928,1.34416
21,24,0.0484761,0.0352206,0.0352206,0.0434927,0.618903
21,48,5.37874e-6,2.94146e-6,2.94146e-6,4.5966e-6,0.919101
21,72,5.32603e-10,2.45658e-10,2.45658e-10,4.858e-10,0.520399
21,96,4.40204e-14,2.05162e-14,2.05162e-14,5.13426e-14,-0.770332
21,97,120.4,90.2417,90.2417,90.6567,1.77217
21,98,186.69,151.263,151.263,152.563,1.20828
21,101,189.433,149.052,149.052,152.759,1.29678
21,103,86.5585,68.153,68.153,71.232,1.1622
21,120,0.144831,0.0880515,0.0880515,0.108732,1.79332
21,144,1.24648e-5,7.35366e-6,7.35366e-6,1.14915e-5,0.4575
21,168,1.3152e-9,6.14144e-10,6.14144e-10,1.2145e-9,0.447868
21,192,1.23138e-13,5.12905e-14,5.12905e-14,1.28356e-13,-0.219591
21,193,193.881,180.483,180.483,181.313,0.374397
21,194,344.65,302.526,302.526,305.126,0.69968
21,197,340.225,298.104,298.104,305.518,0.61361
21,199,181.503,136.306,136.306,142.464,1.48015
21,216,0.259572,0.176103,0.176103,0.217464,1.04591
21,240,2.7098e-5,1.47073e-5,1.47073e-5,2.2983e-5,0.967119
21,264,2.29465e-9,1.22829e-9,1.22829e-9,2.429e-9,-0.298755
21,288,2.55673e-13,1.02581e-13,1.02581e-13,2.56713e-13,-0.0218875
21,289,306.911,270.725,270.725,271.97,0.693949
21,290,402.213,453.789,453.789,457.689,-0.654714
21,293,477.714,447.156,447.156,458.277,0.229093
21,295,277.23,204.459,204.459,213.696,1.60591
21,312,0.365588,0.264154,0.264154,0.326195,0.652308
21,336,3.78757e-5,2.2061e-5,2.2061e-5,3.44745e-5,0.532904
21,360,2.97512e-9,1.84243e-9,1.84243e-9,3.6435e-9,-0.990876
21,384,4.19335e-13,1.53871e-13,1.53871e-13,3.85069e-13,0.480665
21,385,266.468,270.725,270.725,271.97,-0.109272
21,386,495.816,453.789,453.789,457.689,0.449964
21,389,540.804,447.156,447.156,458.277,0.972712
21,391,253.421,204.459,204.459,213.696,1.00411
21,408,0.338707,0.264154,0.264154,0.326195,0.20718
21,432,4.29445e-5,2.2061e-5,2.2061e-5,3.44745e-5,1.32709
21,456,3.18975e-9,1.84243e-9,1.84243e-9,3.6435e-9,-0.672684
21,480,3.16602e-13,1.53871e-13,1.53871e-13,3.85069e-13,-0.960419
21,481,333.083,270.725,270.725,271.97,1.21374
21,482,476.323,453.789,453.789,457.689,0.219919
21,485,560.995,447.156,447.156,458.277,1.21069
21,487,275.265,204.459,204.459,213.696,1.55625
21,504,0.418087,0.264154,0.264154,0.326195,1.52165
21,528,3.36468e-5,2.2061e-5,2.2061e-5,3.44745e-5,-0.129686
21,552,4.02034e-9,1.84243e-9,1.84243e-9,3.6435e-9,0.55867
21,576,3.3639e-13,1.53871e-13,1.53871e-13,3.85069e-13,-0.682849
21,577,338.965,270.725,270.725,271.97,1.33056
21,578,523.368,453.789,453.789,457.689,0.775128
21,581,539.792,447.156,447.156,458.277,0.960785
21,583,254.337,204.459,204.459,213.696,1.02727
21,600,0.364754,0.264154,0.264154,0.326195,0.6385
21,624,3.64817e-5,2.2061e-5,2.2061e-5,3.44745e-5,0.314491
21,648,3.80363e-9,1.84243e-9,1.84243e-9,3.6435e-9,0.2374
22,0,0,0,0,0,0
22,1,39.5885,36.0967,36.0967,34.74,0.753865
22,2,67.3909,60.5051,60.5051,56.3698,1.05608
22,5,58.8402,59.6208,59.6208,48.7024,1.12437
22,7,20.749,27.2612,27.2612,18.8798,0.534778
22,24,0.00719701,0.0352206,0.0352206,0.00599495,1.08307
22,48,6.3863e-8,2.94146e-6,2.94146e-6,6.90454e-8,-0.405421
22,72,8.87553e-13,2.45658e-10,2.45658e-10,7.95213e-13,0.627218
22,96,7.57539e-18,2.05162e-14,2.05162e-14,9.15868e-18,-0.00713047
22,97,103.101,90.2417,90.2417,86.8499,1.01073
22,98,157.852,151.263,151.263,140.924,0.648838
22,101,152.228,149.052,149.052,121.756,1.35184
22,103,49.6458,68.153,68.153,47.1994,0.279972
22,120,0.0152114,0.0880515,0.0880515,0.0149874,0.0807437
22,144,2.09558e-7,7.35366e-6,7.35366e-6,1.72613e-7,1.1561
22,168,1.81919e-12,6.14144e-10,6.14144e-10,1.98803e-12,-0.458762
22,192,2.45128e-17,5.12905e-14,5.12905e-14,2.28967e-17,0.00727809
22,193,195.473,180.483,180.483,173.7,0.67707
22,194,284.941,302.526,302.526,281.849,0.059263
22,197,263.159,298.104,298.104,243.512,0.435809
22,199,118.482,136.306,136.306,94.3988,1.37807
22,216,0.0330813,0.176103,0.176103,0.0299747,0.559808
22,240,3.75928e-7,1.47073e-5,1.47073e-5,3.45227e-7,0.480353
22,264,3.36844e-12,1.22829e-9,1.22829e-9,3.97607e-12,-0.82547
22,288,4.78725e-17,1.02581e-13,1.02581e-13,4.57934e-17,0.00936332
22,289,408.668,360.967,360.967,347.4,0.952631
22,290,678.235,605.051,605.051,563.698,1.09753
22,293,459.664,596.208,596.208,487.024,-0.303445
22,295,202.984,272.612,272.612,188.798,0.405889
22,312,0.0789387,0.352206,0.352206,0.0599495,1.71095
22,336,5.37186e-7,2.94146e-5,2.94146e-5,6.90454e-7,-1.19904
22,360,7.50431e-12,2.45658e-9,2.45658e-9,7.95213e-12,-0.304187
22,384,8.18393e-17,2.05162e-13,2.05162e-13,9.15868e-17,-0.0438986
22,385,449.769,360.967,360.967,347.4,1.59168
22,386,665.016,605.051,605.051,563.698,0.970859
22,389,543.351,596.208,596.208,487.024,0.624706
22,391,194.892,272.612,272.612,188.798,0.174373
22,408,0.0580484,0.352206,0.352206,0.0599495,-0.171292
22,432,5.28009e-7,2.94146e-5,2.94146e-5,6.90454e-7,-1.27083
22,456,7.65147e-12,2.45658e-9,2.45658e-9,7.95213e-12,-0.204228
22,480,1.01997e-16,2.05162e-13,2.05162e-13,9.15868e-17,0.0468821
22,481,401.345,360.967,360.967,347.4,0.838764
22,482,691.336,605.051,605.051,563.698,1.22307
22,485,505.389,596.208,596.208,487.024,0.203684
22,487,246.838,272.612,272.612,188.798,1.66056
22,504,0.0685093,0.352206,0.352206,0.0599495,0.771252
22,528,7.93829e-7,2.94146e-5,2.94146e-5,6.90454e-7,0.808722
22,552,7.64746e-12,2.45658e-9,2.45658e-9,7.95213e-12,-0.206952
22,576,9.65689e-17,2.05162e-13,2.05162e-13,9.15868e-17,0.0224377
22,577,363.244,360.967,360.967,347.4,0.246347
22,578,760.946,605.051,605.051,563.698,1.8901
22,581,503.352,596.208,596.208,487.024,0.18109
22,583,211.474,272.612,272.612,188.798,0.648773
22,600,0.0567437,0.352206,0.352206,0.0599495,-0.288847
22,624,7.6947e-7,2.94146e-5,2.94146e-5,6.90454e-7,0.61816
22,648,8.20051e-12,2.45658e-9,2.45658e-9,7.95213e-12,0.16871
23,0,0,0,0,0,0
23,1,40.0228,36.0967,36.0967,34.5655,0.852806
23,2,73.6661,60.5051,60.5051,55.8526,1.72275
23,5,39.9863,59.6208,59.6208,47.4421,-0.848881
23,7,24.526,27.2612,27.2612,17.9932,1.96114
23,24,0.00489616,0.0352206,0.0352206,0.0047439,0.173366
23,48,4.62626e-8,2.94146e-6,2.94146e-6,4.20212e-8,0.545202
23,72,3.92907e-13,2.45658e-10,2.45658e-10,3.72221e-13,0.300183
23,96,2.84668e-18,2.05162e-14,2.05162e-14,3.29711e-18,-0.00202857
23,97,114.75,90.2417,90.2417,86.4138,1.77122
23,98,157.335,151.263,151.263,139.631,0.684836
23,101,130.312,149.052,149.052,118.605,0.533176
23,103,57.5548,68.153,68.153,44.9829,1.50962
23,120,0.0115397,0.0880515,0.0880515,0.0118597,-0.145769
23,144,1.21617e-7,7.35366e-6,7.35366e-6,1.05053e-7,0.851672
23,168,7.38916e-13,6.14144e-10,6.14144e-10,9.30553e-13,-1.11238
23,192,6.57848e-18,5.12905e-14,5.12905e-14,8.24278e-18,-0.00749535
23,193,211.15,180.483,180.483,172.828,1.19774
23,194,386.069,302.526,302.526,279.263,2.06585
23,197,273.385,298.104,298.104,237.21,0.823725
23,199,96.5387,136.306,136.306,89.9659,0.394629
23,216,0.0289249,0.176103,0.176103,0.0237195,1.18541
23,240,2.11914e-7,1.47073e-5,1.47073e-5,2.10106e-7,0.0464794
23,264,1.8825e-12,1.22829e-9,1.22829e-9,1.86111e-12,0.0620804
23,288,1.57406e-17,1.02581e-13,1.02581e-13,1.64856e-17,-0.00335511
23,289,467.355,360.967,360.967,345.655,1.90179
23,290,625.508,605.051,605.051,558.526,0.647791
23,293,580.539,596.208,596.208,474.421,1.20821
23,295,198.964,272.612,272.612,179.932,0.571344
23,312,0.0583236,0.352206,0.352206,0.047439,1.23935
23,336,4.73893e-7,2.94146e-5,2.94146e-5,4.20212e-7,0.690029
23,360,3.33046e-12,2.45658e-9,2.45658e-9,3.72221e-12,-0.568494
23,384,2.44302e-17,2.05162e-13,2.05162e-13,3.29711e-17,-0.0384651
23,385,435.023,360.967,360.967,345.655,1.39654
23,386,711.22,605.051,605.051,558.526,1.47671
23,389,501.891,596.208,596.208,474.421,0.312759
23,391,214.23,272.612,272.612,179.932,1.02963
23,408,0.0529246,0.352206,0.352206,0.047439,0.624608
23,432,3.30086e-7,2.94146e-5,2.94146e-5,4.20212e-7,-1.1585
23,456,3.21065e-12,2.45658e-9,2.45658e-9,3.72221e-12,-0.742355
23,480,2.41263e-17,2.05162e-13,2.05162e-13,3.29711e-17,-0.0398337
23,481,454.492,360.967,360.967,345.655,1.70078
23,482,613.018,605.051,605.051,558.526,0.526999
23,485,522.425,596.208,596.208,474.421,0.546554
23,487,217.05,272.612,272.612,179.932,1.11429
23,504,0.0530511,0.352206,0.352206,0.047439,0.639006
23,528,4.15078e-7,2.94146e-5,2.94146e-5,4.20212e-7,-0.0659836
23,552,3.41311e-12,2.45658e-9,2.45658e-9,3.72221e-12,-0.448552
23,576,2.77559e-17,2.05162e-13,2.05162e-13,3.29711e-17,-0.0234871
23,577,383.038,360.967,360.967,345.655,0.584181
23,578,680.489,605.051,605.051,558.526,1.17951
23,581,570.859,596.208,596.208,474.421,1.098
23,583,201.168,272.612,272.612,179.932,0.637497
23,600,0.0506385,0.352206,0.352206,0.047439,0.364311
23,624,4.74207e-7,2.94146e-5,2.94146e-5,4.20212e-7,0.694074
23,648,3.64098e-12,2.45658e-9,2.45658e-9,3.72221e-12,-0.117884
24,0,0,0,0,0,0
24,1,48.0147,36.0967,36.0967,39.1602,1.22133
24,2,87.7253,60.5051,60.5051,70.5988,1.31035
24,5,115.458,59.6208,59.6208,93.2084,1.2894
24,7,75.5869,27.2612,27.2612,60.0747,1.39475
24,24,1.74687,0.0352206,0.0352206,1.43617,1.16855
24,48,0.0056668,2.94146e-6,2.94146e-6,0.00737987,-1.25384
24,72,3.65696e-5,2.45658e-10,2.45658e-10,3.7922e-5,-0.192635
25,0,0,0,0,0,0
25,1,52.2519,36.0967,36.0967,38.7413,1.88372
25,2,83.9569,60.5051,60.5051,69.1556,1.15608
25,5,111.125,59.6208,59.6208,87.7526,1.43865
25,7,71.2943,27.2612,27.2612,54.0839,1.71885
25,24,0.878021,0.0352206,0.0352206,0.883972,-0.0363619
25,48,0.00260084,2.94146e-6,2.94146e-6,0.00265545,-0.111071
25,72,8.86033e-6,2.45658e-10,2.45658e-10,7.97695e-6,0.598166
25,96,2.16601e-8,2.05162e-14,2.05162e-14,2.39627e-8,-0.519036
25,97,125.357,90.2417,90.2417,96.8533,1.58966
25,98,199.042,151.263,151.263,172.889,0.817093
25,101,262.079,149.052,149.052,219.381,1.05129
25,103,163.228,68.153,68.153,135.21,1.11932
25,120,2.41912,0.0880515,0.0880515,2.20993,0.511304
25,144,0.00812256,7.35366e-6,7.35366e-6,0.00663862,1.20741
25,168,2.09499e-5,6.14144e-10,6.14144e-10,1.99424e-5,0.272884
25,192,6.08457e-8,5.12905e-14,5.12905e-14,5.99068e-8,0.0846565
25,193,285.216,180.483,180.483,193.707,2.55174
25,194,418.956,302.526,302.526,345.778,1.14313
25,197,499.221,298.104,298.104,438.763,0.744292
25,199,258.297,136.306,136.306,270.42,-0.242142
25,216,5.0037,0.176103,0.176103,4.41986,0.713516
25,240,0.0129867,1.47073e-5,1.47073e-5,0.0132772,-0.118218
25,264,3.3905e-5,1.22829e-9,1.22829e-9,3.98848e-5,-0.809823
25,288,1.13114e-7,1.02581e-13,1.02581e-13,1.19814e-7,-0.302062
25,289,416.207,360.967,360.967,387.413,0.401458
25,290,777.659,605.051,605.051,691.556,0.672519
25,293,947.721,596.208,596.208,877.526,0.43208
25,295,569.159,272.612,272.612,540.839,0.282838
25,312,12.108,0.352206,0.352206,8.83972,1.99709
25,336,0.024623,2.94146e-5,2.94146e-5,0.0265545,-0.392883
25,360,9.82027e-5,2.45658e-9,2.45658e-9,7.97695e-5,1.24818
25,384,2.45478e-7,2.05162e-13,2.05162e-13,2.39627e-7,0.131881
25,385,490.84,360.967,360.967,387.413,1.44203
25,386,949.612,605.051,605.051,691.556,2.01559
25,389,821.063,596.208,596.208,877.526,-0.347554
25,391,600.471,272.612,272.612,540.839,0.595556
25,408,9.61158,0.352206,0.352206,8.83972,0.471647
25,432,0.0296403,2.94146e-5,2.94146e-5,0.0265545,0.627698
25,456,6.91791e-5,2.45658e-9,2.45658e-9,7.97695e-5,-0.71712
25,480,1.94599e-7,2.05162e-13,2.05162e-13,2.39627e-7,-1.01501
25,481,477.339,360.967,360.967,387.413,1.2538
25,482,870.105,605.051,605.051,691.556,1.39458
25,485,1003.92,596.208,596.208,877.526,0.777991
25,487,673.143,272.612,272.612,540.839,1.32135
25,504,8.21009,0.352206,0.352206,8.83972,-0.384739
25,528,0.0280331,2.94146e-5,2.94146e-5,0.0265545,0.300778
25,552,8.08465e-5,2.45658e-9,2.45658e-9,7.97695e-5,0.072923
25,576,2.27175e-7,2.05162e-13,2.05162e-13,2.39627e-7,-0.280695
25,577,404.277,360.967,360.967,387.413,0.235121
25,578,808.62,605.051,605.051,691.556,0.914347
25,581,1134.3,596.208,596.208,877.526,1.58056
25,583,616.491,272.612,272.612,540.839,0.755559
25,600,9.14688,0.352206,0.352206,8.83972,0.187688
25,624,0.0291355,2.94146e-5,2.94146e-5,0.0265545,0.525014
25,648,9.59191e-5,2.45658e-9,2.45658e-9,7.97695e-5,1.09355
26,0,0,0,0,0,0
26,1,43.5556,36.0967,36.0967,39.003,0.630489
26,2,77.2716,60.5051,60.5051,70.0549,0.556443
26,5,106.287,59.6208,59.6208,91.125,0.898738
26,7,59.135,27.2612,27.2612,57.7586,0.128713
26,24,1.28926,0.0352206,0.0352206,1.19796,0.411686
26,48,0.00462809,2.94146e-6,2.94146e-6,0.00503728,-0.438776
26,72,2.51473e-5,2.45658e-10,2.45658e-10,2.11812e-5,1.01144
26,96,8.76105e-8,2.05162e-14,2.05162e-14,8.90642e-8,-0.0881662
26,97,118.039,90.2417,90.2417,97.5075,1.13735
26,98,218.731,151.263,151.263,175.137,1.34451
26,101,245.932,149.052,149.052,227.812,0.42961
26,103,152.231,68.153,68.153,144.397,0.293072
26,120,3.33914,0.0880515,0.0880515,2.9949,0.620852
26,144,0.0115688,7.35366e-6,7.35366e-6,0.0125932,-0.439396
26,168,4.7799e-5,6.14144e-10,6.14144e-10,5.29529e-5,-0.525725
26,192,1.80173e-7,5.12905e-14,5.12905e-14,2.22661e-7,-1.03071
26,193,212.271,180.483,180.483,195.015,0.477945
26,194,413.011,302.526,302.526,350.274,0.967456
26,197,501.133,298.104,298.104,455.625,0.539505
26,199,345.553,136.306,136.306,288.793,1.06162
26,216,8.22324,0.176103,0.176103,5.9898,2.01409
26,240,0.0294687,1.47073e-5,1.47073e-5,0.0251864,0.918395
26,264,0.000124975,1.22829e-9,1.22829e-9,0.000105906,0.972573
26,288,3.60807e-7,1.02581e-13,1.02581e-13,4.45321e-7,-1.02512
26,289,489.33,360.967,360.967,390.03,1.37521
26,290,856.879,605.051,605.051,700.549,1.20537
26,293,1091.83,596.208,596.208,911.25,1.07039
26,295,800.839,272.612,272.612,577.586,2.08783
26,312,13.062,0.352206,0.352206,11.9796,0.488038
26,336,0.0528316,2.94146e-5,2.94146e-5,0.0503728,0.263659
26,360,0.00019791,2.45658e-9,2.45658e-9,0.000211812,-0.354505
27,0,0,0,0,0,0
27,1,44.7559,36.0967,36.0967,34.4687,1.61209
27,2,55.5964,60.5051,60.5051,55.5668,0.002871
27,5,52.6598,59.6208,59.6208,46.7554,0.682111
27,7,20.6064,27.2612,27.2612,17.5175,0.952438
27,24,0.0048917,0.0352206,0.0352206,0.00416311,0.94533
27,48,3.11404e-8,2.94146e-6,2.94146e-6,3.18497e-8,-0.12028
27,72,2.35785e-13,2.45658e-10,2.45658e-10,2.43664e-13,-0.174664
27,96,1.62772e-18,2.05162e-14,2.05162e-14,1.86414e-18,-0.00106475
27,97,105.148,90.2417,90.2417,86.1717,1.18952
27,98,156.782,151.263,151.263,138.917,0.694645
27,101,145.68,149.052,149.052,116.889,1.33045
27,103,52.1691,68.153,68.153,43.7938,1.033
27,120,0.0130582,0.0880515,0.0880515,0.0104078,1.37553
27,144,8.45112e-8,7.35366e-6,7.35366e-6,7.96241e-8,0.331526
27,168,6.33361e-13,6.14144e-10,6.14144e-10,6.0916e-13,0.214589
27,192,4.53978e-18,5.12905e-14,5.12905e-14,4.66035e-18,-0.000542986
27,193,186.489,180.483,180.483,172.343,0.443348
27,194,357.201,302.526,302.526,277.834,1.54302
27,197,288.343,298.104,298.104,233.777,1.26077
27,199,94.9125,136.306,136.306,87.5876,0.451721
27,216,0.0237713,0.176103,0.176103,0.0208155,0.76701
27,240,1.57301e-7,1.47073e-5,1.47073e-5,1.59248e-7,-0.0660637
27,264,1.22902e-12,1.22829e-9,1.22829e-9,1.21832e-12,0.0474544
27,288,8.50577e-18,1.02581e-13,1.02581e-13,9.3207e-18,-0.00367014
27,289,377.576,360.967,360.967,344.687,0.515408
27,290,695.466,605.051,605.051,555.668,1.35894
27,293,526.675,596.208,596.208,467.554,0.683006
27,295,178.631,272.612,272.612,175.175,0.106559
27,312,0.0477516,0.352206,0.352206,0.0416311,0.79412
27,336,3.02583e-7,2.94146e-5,2.94146e-5,3.18497e-7,-0.269887
27,360,2.08645e-12,2.45658e-9,2.45658e-9,2.43664e-12,-0.776309
27,384,1.69562e-17,2.05162e-13,2.05162e-13,1.86414e-17,-0.00758942
27,385,383.9,360.967,360.967,344.687,0.614505
27,386,672.872,605.051,605.051,555.668,1.13931
27,389,600.734,596.208,596.208,467.554,1.53859
27,391,204.893,272.612,272.612,175.175,0.916333
27,408,0.0542931,0.352206,0.352206,0.0416311,1.64286
27,432,3.5031e-7,2.94146e-5,2.94146e-5,3.18497e-7,0.539534
27,456,2.03037e-12,2.45658e-9,2.45658e-9,2.43664e-12,-0.900615
27,480,1.74617e-17,2.05162e-13,2.05162e-13,1.86414e-17,-0.00531302
27,481,338.416,360.967,360.967,344.687,-0.0982616
27,482,625.128,605.051,605.051,555.668,0.675203
27,485,591.643,596.208,596.208,467.554,1.43356
27,487,181.197,272.612,272.612,175.175,0.185667
27,504,0.0459152,0.352206,0.352206,0.0416311,0.55585
27,528,3.03519e-7,2.94146e-5,2.94146e-5,3.18497e-7,-0.254009
27,552,2.39779e-12,2.45658e-9,2.45658e-9,2.43664e-12,-0.0861246
27,576,1.694e-17,2.05162e-13,2.05162e-13,1.86414e-17,-0.00766229
27,577,349.788,360.967,360.967,344.687,0.0799357
27,578,553.121,605.051,605.051,555.668,-0.024765
27,581,618.794,596.208,596.208,467.554,1.74722
27,583,214.649,272.612,272.612,175.175,1.21718
27,600,0.0470864,0.352206,0.352206,0.0416311,0.707811
27,624,3.48727e-7,2.94146e-5,2.94146e-5,3.18497e-7,0.512691
27,648,2.06267e-12,2.45658e-9,2.45658e-9,2.43664e-12,-0.829019
28,0,0,0,0,0,0
28,1,34.0416,36.0967,36.0967,33.6869,0.056873
28,2,48.0868,60.5051,60.5051,53.2973,-0.528072
28,5,47.5124,59.6208,59.6208,41.5409,0.77646
28,7,18.4964,27.2612,27.2612,14.0776,1.69546
28,24,0.00128751,0.0352206,0.0352206,0.00142557,-0.523111
28,48,3.78763e-9,2.94146e-6,2.94146e-6,3.27067e-9,0.853765
28,72,7.11868e-15,2.45658e-10,2.45658e-10,7.50384e-15,-0.277251
28,96,1.65755e-20,2.05162e-14,2.05162e-14,1.7216e-20,-2.88433e-6
28,97,93.5873,90.2417,90.2417,84.2172,0.600981
28,98,168.006,151.263,151.263,133.243,1.40924
28,101,114.517,149.052,149.052,103.852,0.554711
28,103,38.6793,68.153,68.153,35.1941,0.534902
28,120,0.00335129,0.0880515,0.0880515,0.00356393,-0.322273
28,144,8.82574e-9,7.35366e-6,7.35366e-6,8.17667e-9,0.428779
28,168,1.90823e-14,6.14144e-10,6.14144e-10,1.87596e-14,0.0929243
28,192,3.44504e-20,5.12905e-14,5.12905e-14,4.30399e-20,-3.86835e-5
28,193,218.128,180.483,180.483,168.434,1.59361
28,194,334.611,302.526,302.526,266.487,1.38083
28,197,291.556,298.104,298.104,207.705,2.18061
28,199,71.6686,136.306,136.306,70.3882,0.0982541
28,216,0.00853054,0.176103,0.176103,0.00712785,1.06296
28,240,1.99417e-8,1.47073e-5,1.47073e-5,1.63533e-8,1.18523
28,264,3.99794e-14,1.22829e-9,1.22829e-9,3.75192e-14,0.354189
28,288,7.41349e-20,1.02581e-13,1.02581e-13,8.60798e-20,-5.37953e-5
28,289,402.1,360.967,360.967,336.869,1.04594
28,290,719.775,605.051,605.051,532.973,1.89318
28,293,454.923,596.208,596.208,415.409,0.513797
28,295,173.412,272.612,272.612,140.776,1.25219
28,312,0.0184794,0.352206,0.352206,0.0142557,1.60038
28,336,3.23372e-8,2.94146e-5,2.94146e-5,3.27067e-8,-0.0610148
28,360,6.81668e-14,2.45658e-9,2.45658e-9,7.50384e-14,-0.494642
28,384,1.65251e-19,2.05162e-13,2.05162e-13,1.7216e-19,-3.11153e-5
28,385,432.716,360.967,360.967,336.869,1.53686
28,386,747.395,605.051,605.051,532.973,2.17309
28,389,453.481,596.208,596.208,415.409,0.495039
28,391,169.514,272.612,272.612,140.776,1.10264
28,408,0.0146867,0.352206,0.352206,0.0142557,0.163289
28,432,3.0934e-8,2.94146e-5,2.94146e-5,3.27067e-8,-0.292755
28,456,6.58425e-14,2.45658e-9,2.45658e-9,7.50384e-14,-0.661954
28,480,1.10661e-19,2.05162e-13,2.05162e-13,1.7216e-19,-0.000276966
28,481,437.892,360.967,360.967,336.869,1.61985
28,482,590.957,605.051,605.051,532.973,0.58765
28,485,456.855,596.208,596.208,415.409,0.538913
28,487,172.736,272.612,272.612,140.776,1.22627
28,504,0.0133864,0.352206,0.352206,0.0142557,-0.329377
28,528,3.29076e-8,2.94146e-5,2.94146e-5,3.27067e-8,0.0331793
28,552,6.69807e-14,2.45658e-9,2.45658e-9,7.50384e-14,-0.580026
28,576,1.46341e-19,2.05162e-13,2.05162e-13,1.7216e-19,-0.000116279
28,577,427.321,360.967,360.967,336.869,1.45035
28,578,606.845,605.051,605.051,532.973,0.748663
28,581,514.08,596.208,596.208,415.409,1.283
28,583,161.768,272.612,272.612,140.776,0.80544
28,600,0.0162478,0.352206,0.352206,0.0142557,0.754811
28,624,3.40343e-8,2.94146e-5,2.94146e-5,3.27067e-8,0.219256
28,648,7.2051e-14,2.45658e-9,2.45658e-9,7.50384e-14,-0.215044
29,0,0,0,0,0,0
29,1,40.0828,36.0967,36.0967,36.1718,0.584031
29,2,88.9174,60.5051,60.5051,60.7401,2.50577
29,5,74.9911,59.6208,59.6208,60.2876,1.31737
29,7,30.8973,27.2612,27.2612,27.8124,0.599124
29,24,0.0432275,0.0352206,0.0352206,0.0387547,0.623417
29,48,3.35745e-6,2.94146e-6,2.94146e-6,3.60118e-6,-0.365584
29,72,3.51091e-10,2.45658e-10,2.45658e-10,3.34631e-10,0.265691
29,96,3.44107e-14,2.05162e-14,2.05162e-14,3.10947e-14,0.576012
29,97,95.6302,90.2417,90.2417,90.4294,0.310653
29,98,169.113,151.263,151.263,151.85,0.614054
29,101,203.704,149.052,149.052,150.719,1.89888
29,103,89.6768,68.153,68.153,69.531,1.56503
29,120,0.106556,0.0880515,0.0880515,0.0968867,0.539098
29,144,8.19174e-6,7.35366e-6,7.35366e-6,9.00295e-6,-0.486703
29,168,8.3387e-10,6.14144e-10,6.14144e-10,8.36577e-10,-0.017479
29,192,6.9654e-14,5.12905e-14,5.12905e-14,7.77369e-14,-0.561638
29,193,232.623,180.483,180.483,180.859,1.54599
29,194,364.057,302.526,302.526,303.7,1.07348
29,197,430.3,298.104,298.104,301.438,2.3091
29,199,166.463,136.306,136.306,139.062,1.06432
29,216,0.186564,0.176103,0.176103,0.193773,-0.200968
29,240,2.14657e-5,1.47073e-5,1.47073e-5,1.80059e-5,1.03788
29,264,1.77709e-9,1.22829e-9,1.22829e-9,1.67315e-9,0.335527
29,288,1.58468e-13,1.02581e-13,1.02581e-13,1.55474e-13,0.104025
29,289,422.965,360.967,360.967,361.718,0.9146
29,290,636.093,605.051,605.051,607.401,0.255155
29,293,825.979,596.208,596.208,602.876,1.99891
29,295,301.024,272.612,272.612,278.124,0.444754
29,312,0.383291,0.352206,0.352206,0.387547,-0.0593134
29,336,3.6314e-5,2.94146e-5,2.94146e-5,3.60118e-5,0.045319
29,360,3.3629e-9,2.45658e-9,2.45658e-9,3.34631e-9,0.0267839
29,384,2.75185e-13,2.05162e-13,2.05162e-13,3.10947e-13,-0.621233
29,385,373.941,360.967,360.967,361.718,0.182525
29,386,688.48,605.051,605.051,607.401,0.721024
29,389,629.488,596.208,596.208,602.876,0.238434
29,391,393.488,272.612,272.612,278.124,2.24052
29,408,0.386899,0.352206,0.352206,0.387547,-0.00902453
29,432,3.86768e-5,2.94146e-5,2.94146e-5,3.60118e-5,0.399725
29,456,4.07151e-9,2.45658e-9,2.45658e-9,3.34631e-9,1.17059
29,480,2.91505e-13,2.05162e-13,2.05162e-13,3.10947e-13,-0.33773
29,481,483.467,360.967,360.967,361.718,1.81807
29,482,555.838,605.051,605.051,607.401,-0.458537
29,485,761.515,596.208,596.208,602.876,1.42134
29,487,342.784,272.612,272.612,278.124,1.25579
29,504,0.449207,0.352206,0.352206,0.387547,0.8594
29,528,3.9172e-5,2.94146e-5,2.94146e-5,3.60118e-5,0.474013
29,552,3.44509e-9,2.45658e-9,2.45658e-9,3.34631e-9,0.159454
29,576,2.75625e-13,2.05162e-13,2.05162e-13,3.10947e-13,-0.613585
29,577,386.376,360.967,360.967,361.718,0.368222
29,578,642.97,605.051,605.051,607.401,0.316309
29,581,704.888,596.208,596.208,602.876,0.913984
29,583,336.971,272.612,272.612,278.124,1.14289
29,600,0.422481,0.352206,0.352206,0.387547,0.486908
29,624,3.33407e-5,2.94146e-5,2.94146e-5,3.60118e-5,-0.400649
29,648,3.47509e-9,2.45658e-9,2.45658e-9,3.34631e-9,0.207877
30,0,0,0,0,0,0
30,1,43.9499,36.0967,36.0967,36.7746,1.05391
30,2,78.401,60.5051,60.5051,62.6477,1.35826
30,5,98.4755,59.6208,59.6208,65.8941,2.6708
30,7,39.056,27.2612,27.2612,32.6173,1.06628
30,24,0.0858497,0.0352206,0.0352206,0.0827105,0.205006
30,48,1.97516e-5,2.94146e-6,2.94146e-6,1.7897e-5,0.559757
30,72,4.03691e-9,2.45658e-10,2.45658e-10,3.87255e-9,0.229254
30,96,7.20188e-13,2.05162e-14,2.05162e-14,8.37946e-13,-0.759084
30,97,99.1492,90.2417,90.2417,91.9365,0.42376
30,98,148.826,151.263,151.263,156.619,-0.268782
30,101,157.795,149.052,149.052,164.735,-0.227565
30,103,103.57,68.153,68.153,81.5432,1.45909
30,120,0.258867,0.0880515,0.0880515,0.206776,1.36073
30,144,3.51914e-5,7.35366e-6,7.35366e-6,4.47424e-5,-1.15304
30,168,1.05599e-8,6.14144e-10,6.14144e-10,9.68138e-9,0.490139
30,192,1.99328e-12,5.12905e-14,5.12905e-14,2.09486e-12,-0.261934
30,193,199.738,180.483,180.483,183.873,0.466067
30,194,410.949,302.526,302.526,313.239,1.68493
30,197,419.288,298.104,298.104,329.47,1.47252
30,199,205.034,136.306,136.306,163.086,1.38932
30,216,0.47124,0.176103,0.176103,0.413553,0.753476
30,240,8.28781e-5,1.47073e-5,1.47073e-5,8.94848e-5,-0.398792
30,264,1.63776e-8,1.22829e-9,1.22829e-9,1.93628e-8,-0.832746
30,288,4.41673e-12,1.02581e-13,1.02581e-13,4.18973e-12,0.292653
30,289,405.787,360.967,360.967,367.746,0.558748
30,290,754.841,605.051,605.051,626.477,1.10676
30,293,751.418,596.208,596.208,658.941,0.758062
30,295,429.65,272.612,272.612,326.173,1.71361
30,312,1.08213,0.352206,0.352206,0.827105,1.6655
30,336,0.000203263,2.94146e-5,2.94146e-5,0.00017897,0.733213
30,360,3.43443e-8,2.45658e-9,2.45658e-9,3.87255e-8,-0.611103
30,384,9.88066e-12,2.05162e-13,2.05162e-13,8.37946e-12,0.967696
30,385,434.319,360.967,360.967,367.746,0.977831
30,386,720.55,605.051,605.051,626.477,0.8111
30,389,772.502,596.208,596.208,658.941,0.930898
30,391,386.116,272.612,272.612,326.173,0.992677
30,408,0.950181,0.352206,0.352206,0.827105,0.803761
30,432,0.000176881,2.94146e-5,2.94146e-5,0.00017897,-0.0630271
30,456,4.13989e-8,2.45658e-9,2.45658e-9,3.87255e-8,0.372882
30,480,7.66463e-12,2.05162e-13,2.05162e-13,8.37946e-12,-0.460784
30,481,488.077,360.967,360.967,367.746,1.76744
30,482,698.887,605.051,605.051,626.477,0.624318
30,485,808.673,596.208,596.208,658.941,1.2274
30,487,373.35,272.612,272.612,326.173,0.781273
30,504,0.920405,0.352206,0.352206,0.827105,0.60931
30,528,0.000181055,2.94146e-5,2.94146e-5,0.00017897,0.0629281
30,552,3.89994e-8,2.45658e-9,2.45658e-9,3.87255e-8,0.0381931
30,576,8.74645e-12,2.05162e-13,2.05162e-13,8.37946e-12,0.236572
30,577,408.905,360.967,360.967,367.746,0.604548
30,578,796.17,605.051,605.051,626.477,1.4631
30,581,859.821,596.208,596.208,658.941,1.64668
30,583,336.176,272.612,272.612,326.173,0.165652
30,600,0.908567,0.352206,0.352206,0.827105,0.531998
30,624,0.000196636,2.94146e-5,2.94146e-5,0.00017897,0.533186
30,648,4.37581e-8,2.45658e-9,2.45658e-9,3.87255e-8,0.701952