id,time,y2,popPred_medianCOV,popPred,indivPred_SAEM,indWRes_SAEM
1,0,0,0,0,0,0
1,1,22.8336,85.4486,85.4486,32.1145,-1.39494
1,2,31.1807,146.237,146.237,51.6693,-1.91401
1,5,29.088,169.115,169.115,56.0219,-2.32063
1,7,22.6515,135.453,135.453,43.435,-2.30964
1,24,1.34388,7.41239,7.41239,2.34008,-2.05485
1,48,0.0178425,0.0964805,0.0964805,0.0345944,-2.33735
1,72,0.000263999,0.00124944,0.00124944,0.000511652,-2.33633
1,96,4.48481e-6,1.592e-5,1.592e-5,7.47431e-6,-1.9306
1,97,3.48791,11.5409,11.5409,4.45504,-1.04785
1,98,13.2659,36.7013,36.7013,13.5456,-0.0996653
1,101,36.4874,117.346,117.346,39.2606,-0.340948
1,103,34.335,117.536,117.536,35.8574,-0.204944
1,120,1.55471,8.55192,8.55192,2.18422,-1.39114
1,144,0.0276949,0.11221,0.11221,0.0328367,-0.755827
1,168,0.00029155,0.00145126,0.00145126,0.000493003,-1.97237
1,192,1.06358e-5,1.86249e-5,1.86249e-5,7.29878e-6,2.20683
1,193,5.06489,14.7234,14.7234,5.86985,-0.661924
1,194,14.0061,46.8357,46.8357,17.8557,-1.04064
1,197,62.2331,152.505,152.505,51.5918,0.995583
1,199,45.5123,154.306,154.306,47.6767,-0.21913
1,216,2.78348,11.4627,11.4627,2.93925,-0.25581
1,240,0.038324,0.150365,0.150365,0.0437907,-0.602562
1,264,0.000576911,0.00193907,0.00193907,0.000652828,-0.561313
1,288,9.74992e-6,2.50207e-5,2.50207e-5,9.60375e-6,0.0734626
1,289,6.10326,11.2676,11.2676,4.53512,1.66901
1,290,14.121,35.8964,35.8964,13.82,0.105127
1,293,40.9467,118.01,118.01,41.3076,-0.0421735
1,295,37.401,120.671,120.671,38.3169,-0.115377
1,312,2.28239,9.26824,9.26824,2.38169,-0.201261
1,336,0.0434242,0.122815,0.122815,0.0357795,1.0313
1,360,0.000505958,0.00159951,0.00159951,0.000536484,-0.274646
1,384,9.17735e-6,2.07556e-5,2.07556e-5,7.99072e-6,0.716788
1,385,4.69045,9.90997,9.90997,3.99126,0.84556
1,386,16.9464,31.5843,31.5843,12.1688,1.89503
1,389,46.5618,104.318,104.318,36.053,1.40693
1,391,40.933,107.219,107.219,33.7255,1.03154
1,408,2.31905,8.32601,8.32601,2.10472,0.49153
1,432,0.031877,0.109632,0.109632,0.0313671,0.0784612
1,456,0.000585603,0.00141656,0.00141656,0.00046759,1.21822
1,480,1.04192e-5,1.79734e-5,1.79734e-5,6.84324e-6,2.52227
1,481,5.84111,9.12359,9.12359,3.67723,2.84038
1,482,14.2878,29.0835,29.0835,11.2141,1.32303
1,485,42.7251,96.2305,96.2305,33.288,1.36842
1,487,37.0216,99.0425,99.0425,31.1824,0.903889
1,504,2.38817,7.69111,7.69111,1.95084,1.08207
1,528,0.0356943,0.100523,0.100523,0.0292753,1.05836
1,552,0.000539129,0.00129202,0.00129202,0.000439019,1.10066
1,576,8.22241e-6,1.65926e-5,1.65926e-5,6.48671e-6,1.29155
1,577,5.00202,8.59607,8.59607,3.46542,2.14027
1,578,16.4771,27.4049,27.4049,10.5696,2.69784
1,581,48.5714,90.9796,90.9796,31.3128,2.6604
1,583,41.0489,93.6588,93.6588,29.294,1.9369
1,600,2.22334,7.29909,7.29909,1.83902,1.0087
1,624,0.0377335,0.0948944,0.0948944,0.0276989,1.74863
1,648,0.000474302,0.00120475,0.00120475,0.000416675,0.667565
2,0,0,0,0,0,0
2,1,235.935,85.4486,85.4486,212.336,0.536459
2,2,502.476,146.237,146.237,542.012,-0.352082
2,5,869.761,169.115,169.115,898.233,-0.153
2,7,825.334,135.453,135.453,801.341,0.144522
2,24,77.814,7.41239,7.41239,84.5452,-0.384296
2,48,2.42554,0.0964805,0.0964805,2.19493,0.507126
2,72,0.0577249,0.00124944,0.00124944,0.0499351,0.752981
3,0,0,0,0,0,0
3,1,41.0619,85.4486,85.4486,40.0092,0.126997
3,2,59.8704,146.237,146.237,62.7635,-0.222498
3,5,46.2943,169.115,169.115,66.1467,-1.44867
3,7,35.5744,135.453,135.453,50.2685,-1.41094
3,24,1.76313,7.41239,7.41239,2.1411,-0.852081
3,48,0.0136543,0.0964805,0.0964805,0.022218,-1.86045
3,72,0.000122664,0.00124944,0.00124944,0.000230471,-2.25785
3,96,1.61554e-6,1.592e-5,1.592e-5,1.59106e-6,0.0742614
3,97,6.77872,11.5409,11.5409,5.70007,0.913403
3,98,17.6144,36.7013,36.7013,17.3147,0.0835659
3,101,51.9819,117.346,117.346,48.8852,0.305764
3,103,43.9489,117.536,117.536,44.2938,-0.037588
3,120,2.06554,8.55192,8.55192,2.15185,-0.193584
3,144,0.0158774,0.11221,0.11221,0.0219864,-1.34116
3,168,0.000176161,0.00145126,0.00145126,0.000224186,-1.03401
3,192,3.2593e-6,1.86249e-5,1.86249e-5,2.23421e-6,2.21462
3,193,6.45089,14.7234,14.7234,7.42789,-0.634877
3,194,23.1671,46.8357,46.8357,22.5799,0.125528
3,197,71.1497,152.505,152.505,64.7573,0.476476
3,199,53.3225,154.306,154.306,59.1962,-0.478936
3,216,2.49614,11.4627,11.4627,2.92219,-0.703743
3,240,0.0228854,0.150365,0.150365,0.030497,-1.20472
3,264,0.000221733,0.00193907,0.00193907,0.000318104,-1.46232
3,288,6.44733e-6,2.50207e-5,2.50207e-5,3.22578e-6,4.82053
3,289,6.24108,11.2676,11.2676,5.72724,0.433058
3,290,20.2935,35.8964,35.8964,17.4442,0.788395
3,293,77.4029,118.01,118.01,50.8567,2.51952
3,295,61.0866,120.671,120.671,46.9402,1.45467
3,312,2.5264,9.26824,9.26824,2.34084,0.382623
3,336,0.0224572,0.122815,0.122815,0.0241589,-0.339982
3,360,0.000172028,0.00159951,0.00159951,0.000249193,-1.49468
3,384,5.93374e-6,2.07556e-5,2.07556e-5,2.63006e-6,6.06311
3,385,6.2785,9.90997,9.90997,5.05069,1.1734
3,386,17.9569,31.5843,31.5843,15.3919,0.804369
3,389,53.0147,104.318,104.318,45.1024,0.846772
3,391,53.2467,107.219,107.219,41.8182,1.31913
3,408,2.13826,8.32601,8.32601,2.10215,0.0829187
3,432,0.0190429,0.109632,0.109632,0.0219443,-0.638195
3,456,0.000164369,0.00141656,0.00141656,0.000228912,-1.36097
3,480,1.85407e-6,1.79734e-5,1.79734e-5,2.19949e-6,-0.758048
3,481,6.09442,9.12359,9.12359,4.65803,1.48844
3,482,17.4043,29.0835,29.0835,14.1989,1.08967
3,485,51.4857,96.2305,96.2305,41.9929,1.09114
3,487,53.1668,99.0425,99.0425,38.932,1.76485
3,504,2.09512,7.69111,7.69111,1.94782,0.365024
3,528,0.0210351,0.100523,0.100523,0.0201174,0.220188
3,552,0.000160045,0.00129202,0.00129202,0.00020756,-1.10499
3,576,1.48126e-6,1.65926e-5,1.65926e-5,2.15336e-6,-1.50654
3,577,4.54523,8.59607,8.59607,4.39316,0.167082
3,578,16.2361,27.4049,27.4049,13.3934,1.02449
3,581,44.1248,90.9796,90.9796,39.976,0.500943
3,583,55.9599,93.6588,93.6588,36.9262,2.48801
3,600,2.16221,7.29909,7.29909,1.86342,0.773961
3,624,0.0189285,0.0948944,0.0948944,0.0193404,-0.102797
3,648,0.000156344,0.00120475,0.00120475,0.0002007,-1.06678
4,0,0,0,0,0,0
4,1,122.915,85.4486,85.4486,117.093,0.240007
4,2,301.713,146.237,146.237,313.054,-0.174867
4,5,579.185,169.115,169.115,544.293,0.309426
4,7,462.721,135.453,135.453,436.885,0.285442
4,24,20.9944,7.41239,7.41239,24.2972,-0.656132
4,48,0.384427,0.0964805,0.0964805,0.378774,0.072039
4,72,0.00561409,0.00124944,0.00124944,0.0058821,-0.219933
4,96,0.000101976,1.592e-5,1.592e-5,9.14653e-5,0.554676
4,97,55.5699,11.5409,11.5409,58.8614,-0.269919
4,98,164.494,36.7013,36.7013,176.048,-0.316766
4,101,451.862,117.346,117.346,476.57,-0.250253
4,103,507.618,117.536,117.536,423,0.965579
4,120,20.7147,8.55192,8.55192,25.2024,-0.859498
4,144,0.402987,0.11221,0.11221,0.39266,0.126946
4,168,0.00708444,0.00145126,0.00145126,0.00612006,0.760593
4,192,9.36092e-5,1.86249e-5,1.86249e-5,9.51278e-5,-0.0770547
4,193,53.7931,14.7234,14.7234,64.1807,-0.781224
4,194,248.469,46.8357,46.8357,192.371,1.40757
4,197,609.427,152.505,152.505,532.106,0.701394
4,199,544.155,154.306,154.306,478.407,0.663364
4,216,24.5867,11.4627,11.4627,28.7233,-0.695149
4,240,0.484598,0.150365,0.150365,0.439705,0.492817
4,264,0.00660375,0.00193907,0.00193907,0.00682235,-0.154664
4,288,0.00011516,2.50207e-5,2.50207e-5,0.000106001,0.417066
4,289,53.7474,11.2676,11.2676,44.4191,1.01367
4,290,155.381,35.8964,35.8964,133.466,0.792555
4,293,386.056,118.01,118.01,377.356,0.111281
4,295,319.097,120.671,120.671,342.516,-0.330031
4,312,21.9325,9.26824,9.26824,20.8224,0.257331
4,336,0.339327,0.122815,0.122815,0.322611,0.250093
4,360,0.00466677,0.00159951,0.00159951,0.00500438,-0.32563
4,384,8.26702e-5,2.07556e-5,2.07556e-5,7.75641e-5,0.317757
4,385,33.9342,9.90997,9.90997,36.8247,-0.378878
4,386,115.028,31.5843,31.5843,110.722,0.187729
4,389,383.889,104.318,104.318,315.821,1.04032
4,391,289.516,107.219,107.219,287.758,0.0294908
4,408,15.3512,8.32601,8.32601,17.5495,-0.604642
4,432,0.277406,0.109632,0.109632,0.271911,0.0975439
4,456,0.00489437,0.00141656,0.00141656,0.00421526,0.777641
4,480,7.01683e-5,1.79734e-5,1.79734e-5,6.52739e-5,0.361927
4,481,36.7425,9.12359,9.12359,32.3978,0.647307
4,482,107.73,29.0835,29.0835,97.443,0.509567
4,485,268.266,96.2305,96.2305,279.991,-0.202123
4,487,242.626,99.0425,99.0425,255.459,-0.242483
4,504,17.1852,7.69111,7.69111,15.6701,0.46672
4,528,0.24199,0.100523,0.100523,0.247151,-0.100798
4,552,0.00381748,0.00129202,0.00129202,0.00389406,-0.0949347
4,576,6.84294e-5,1.65926e-5,1.65926e-5,6.12148e-5,0.56888
4,577,36.4163,8.59607,8.59607,29.3913,1.1537
4,578,79.5851,27.4049,27.4049,88.4176,-0.482179
4,581,276.439,90.9796,90.9796,252.484,0.457944
4,583,262.851,93.6588,93.6588,230.429,0.679168
4,600,15.497,7.29909,7.29909,14.1701,0.451995
4,624,0.224688,0.0948944,0.0948944,0.220765,0.0857864
4,648,0.00377512,0.00120475,0.00120475,0.00344083,0.468952
5,0,0,0,0,0,0
5,1,98.0072,85.4486,85.4486,81.4737,0.979515
5,2,152.49,146.237,146.237,162.395,-0.294402
5,5,188.591,169.115,169.115,205.45,-0.396083
5,7,136.644,135.453,135.453,166.421,-0.86366
5,24,7.45757,7.41239,7.41239,8.61049,-0.646302
5,48,0.0763753,0.0964805,0.0964805,0.0894343,-0.704805
5,72,0.000634966,0.00124944,0.00124944,0.000893496,-1.39663
5,96,1.51259e-5,1.592e-5,1.592e-5,8.96941e-6,3.3131
5,97,13.5462,11.5409,11.5409,13.3076,0.0865591
5,98,37.3477,36.7013,36.7013,42.9467,-0.629283
5,101,144.58,117.346,117.346,142.482,0.0710778
5,103,141.764,117.536,117.536,146.743,-0.163765
5,120,9.62713,8.55192,8.55192,11.2555,-0.698331
5,144,0.0928189,0.11221,0.11221,0.121676,-1.14475
5,168,0.000903368,0.00145126,0.00145126,0.00122539,-1.26844
5,192,1.13095e-5,1.86249e-5,1.86249e-5,1.23395e-5,-0.402896
5,193,14.5396,14.7234,14.7234,15.9669,-0.4315
5,194,47.7526,46.8357,46.8357,51.5497,-0.355541
5,197,183.563,152.505,152.505,174.014,0.264849
5,199,193.227,154.306,154.306,181.712,0.305863
5,216,14.0303,11.4627,11.4627,14.5994,-0.188145
5,240,0.148344,0.150365,0.150365,0.158733,-0.315909
5,264,0.00135745,0.00193907,0.00193907,0.00159949,-0.730424
5,288,1.50051e-5,2.50207e-5,2.50207e-5,1.59154e-5,-0.27608
5,289,11.9049,11.2676,11.2676,11.7797,0.0513239
5,290,39.5499,35.8964,35.8964,38.0887,0.185167
5,293,160.369,118.01,118.01,130.219,1.11759
5,295,139.508,120.671,120.671,137.684,0.0639544
5,312,11.5028,9.26824,9.26824,11.587,-0.0350744
5,336,0.1334,0.122815,0.122815,0.126034,0.282066
5,360,0.00117226,0.00159951,0.00159951,0.00124896,-0.296419
5,384,1.67146e-5,2.07556e-5,2.07556e-5,1.23915e-5,1.68399
5,385,10.0897,9.90997,9.90997,10.1512,-0.0292646
5,386,33.1099,31.5843,31.5843,32.8367,0.0401644
5,389,125.738,104.318,104.318,113.051,0.541718
5,391,138.512,107.219,107.219,120.092,0.740373
5,408,9.87135,8.32601,8.32601,10.2868,-0.194935
5,432,0.10364,0.109632,0.109632,0.112378,-0.375325
5,456,0.00103076,0.00141656,0.00141656,0.00113339,-0.437061
5,480,1.13208e-5,1.79734e-5,1.79734e-5,1.14759e-5,-0.0652312
5,481,12.0063,9.12359,9.12359,9.20752,1.46722
5,482,35.0517,29.0835,29.0835,29.7899,0.852578
5,485,121.119,96.2305,96.2305,102.732,0.863915
5,487,127.63,99.0425,99.0425,109.331,0.8079
5,504,11.6984,7.69111,7.69111,9.42067,1.16702
5,528,0.108094,0.100523,0.100523,0.104369,0.172265
5,552,0.00105177,0.00129202,0.00129202,0.00105898,-0.032878
5,576,1.18744e-5,1.65926e-5,1.65926e-5,1.05582e-5,0.601735
5,577,10.3017,8.59607,8.59607,8.57358,0.972916
5,578,28.7552,27.4049,27.4049,27.7419,0.176303
5,581,96.9524,90.9796,90.9796,95.986,0.0485952
5,583,127.894,93.6588,93.6588,102.17,1.21526
5,600,9.93362,7.29909,7.29909,8.83847,0.598079
5,624,0.114294,0.0948944,0.0948944,0.0971124,0.853982
5,648,0.000801732,0.00120475,0.00120475,0.000978783,-0.873127
6,0,0,0,0,0,0
6,1,82.2355,85.4486,85.4486,68.9367,0.931162
6,2,101.32,146.237,146.237,102.967,-0.0772115
6,5,131.841,169.115,169.115,119.505,0.498236
6,7,108.895,135.453,135.453,102.402,0.30606
6,24,12.8126,7.41239,7.41239,10.4758,1.07671
6,48,0.348286,0.0964805,0.0964805,0.368982,-0.270737
6,72,0.0125371,0.00124944,0.00124944,0.0138903,-0.470247
6,96,0.000458134,1.592e-5,1.592e-5,0.000534687,-0.691074
6,97,7.49039,11.5409,11.5409,7.36651,0.0811753
6,98,24.0215,36.7013,36.7013,24.9068,-0.171565
6,101,103.122,117.346,117.346,95.9392,0.361362
6,103,120.723,117.536,117.536,112.957,0.331837
6,120,26.952,8.55192,8.55192,25.0234,0.372022
6,144,1.1358,0.11221,0.11221,1.08215,0.239313
6,168,0.0409607,0.00145126,0.00145126,0.0424871,-0.173402
6,192,0.0013325,1.86249e-5,1.86249e-5,0.00164114,-0.907754
6,193,9.47361,14.7234,14.7234,9.64321,-0.0848921
6,194,31.6304,46.8357,46.8357,32.5985,-0.143356
6,197,134.032,152.505,152.505,127.338,0.253733
6,199,157.563,154.306,154.306,152.612,0.156585
6,216,43.245,11.4627,11.4627,37.7433,0.703601
6,240,1.80817,0.150365,0.150365,1.7069,0.286353
6,264,0.0638576,0.00193907,0.00193907,0.0670917,-0.232674
6,288,0.00287463,2.50207e-5,2.50207e-5,0.00259231,0.525681
6,289,7.94912,11.2676,11.2676,8.06733,-0.0707276
6,290,27.7289,35.8964,35.8964,27.287,0.0781782
6,293,102.099,118.01,118.01,107.397,-0.238139
6,295,142.477,120.671,120.671,129.864,0.468786
6,312,33.2599,9.26824,9.26824,34.0803,-0.116187
6,336,1.7926,0.122815,0.122815,1.57604,0.663232
6,360,0.0633834,0.00159951,0.00159951,0.0626996,0.0526374
6,384,0.00242792,2.07556e-5,2.07556e-5,0.00243367,-0.0114005
6,385,7.09998,9.90997,9.90997,7.50266,-0.259065
6,386,26.3496,31.5843,31.5843,25.3809,0.184223
6,389,96.8107,104.318,104.318,100.027,-0.155219
6,391,143.981,107.219,107.219,121.239,0.905405
6,408,41.6137,8.32601,8.32601,32.3591,1.38046
6,432,1.68314,0.109632,0.109632,1.50916,0.556449
6,456,0.0472908,0.00141656,0.00141656,0.0600058,-1.02279
6,480,0.0022246,1.79734e-5,1.79734e-5,0.00232483,-0.208102
6,481,7.8053,9.12359,9.12359,7.19664,0.408237
6,482,23.2915,29.0835,29.0835,24.3472,-0.209279
6,485,101.236,96.2305,96.2305,96.0112,0.262683
6,487,133.794,99.0425,99.0425,116.482,0.717382
6,504,31.3237,7.69111,7.69111,31.3298,-0.000931949
6,528,1.51144,0.100523,0.100523,1.46665,0.147398
6,552,0.0642789,0.00129202,0.00129202,0.0583598,0.489565
6,576,0.0021342,1.65926e-5,1.65926e-5,0.00226134,-0.271381
6,577,7.24117,8.59607,8.59607,7.00096,0.165612
6,578,25.8052,27.4049,27.4049,23.6859,0.43187
6,581,94.8909,90.9796,90.9796,93.4287,0.0755439
6,583,131.024,93.6588,93.6588,113.408,0.749772
6,600,29.7792,7.29909,7.29909,30.6327,-0.134478
6,624,1.5861,0.0948944,0.0948944,1.43717,0.500214
6,648,0.0597792,0.00120475,0.00120475,0.0572089,0.216866
7,0,0,0,0,0,0
7,1,149.221,85.4486,85.4486,106.203,1.95514
7,2,295.61,146.237,146.237,244.978,0.997615
7,5,348.372,169.115,169.115,334.798,0.195702
7,7,261.52,135.453,135.453,259.032,0.0463783
7,24,11.6671,7.41239,7.41239,10.1567,0.717817
7,48,0.0655313,0.0964805,0.0964805,0.0887755,-1.26382
7,72,0.000458854,0.00124944,0.00124944,0.000778551,-1.98206
7,96,5.68691e-6,1.592e-5,1.592e-5,6.5864e-6,-0.659194
7,97,33.3736,11.5409,11.5409,29.4506,0.642962
7,98,99.2004,36.7013,36.7013,90.2766,0.47713
7,101,256.483,117.346,117.346,259.039,-0.0476397
7,103,224.346,117.536,117.536,236.352,-0.24519
7,120,9.866,8.55192,8.55192,10.8182,-0.424864
7,144,0.0576101,0.11221,0.11221,0.0951364,-1.90394
7,168,0.000441759,0.00145126,0.00145126,0.000835882,-2.27589
7,192,1.86958e-5,1.86249e-5,1.86249e-5,7.23342e-6,7.64883
7,193,35.5711,14.7234,14.7234,33.8575,0.2443
7,194,124.696,46.8357,46.8357,103.934,0.964225
7,197,269.337,152.505,152.505,307.182,-0.594662
7,199,326.654,154.306,154.306,282.748,0.749542
7,216,12.0008,11.4627,11.4627,13.2003,-0.438626
7,240,0.0761652,0.150365,0.150365,0.116117,-1.66075
7,264,0.000693365,0.00193907,0.00193907,0.00102042,-1.54705
7,288,6.63415e-6,2.50207e-5,2.50207e-5,8.92261e-6,-1.23798
7,289,42.5336,21.3297,21.3297,45.4315,-0.307889
7,290,148.19,67.7311,67.7311,139.27,0.309142
7,293,486.297,220.848,220.848,406.605,0.946032
7,295,316.243,224.587,224.587,378.691,-0.795977
7,312,17.4209,17.0252,17.0252,17.8143,-0.106591
7,336,0.117299,0.223884,0.223884,0.155045,-1.17511
7,360,0.000872871,0.00289281,0.00289281,0.0013529,-1.71263
7,384,7.6445e-6,3.71922e-5,3.71922e-5,1.18931e-5,-1.72429
7,385,42.6344,17.3223,17.3223,34.0783,1.21189
7,386,124.474,55.0669,55.0669,104.652,0.914245
7,389,283.953,180.686,180.686,310.964,-0.41926
7,391,335.064,185.663,185.663,292.372,0.704812
7,408,14.7472,14.3323,14.3323,14.0087,0.254475
7,432,0.11446,0.185956,0.185956,0.121168,-0.267234
7,456,0.000715416,0.00235404,0.00235404,0.00104454,-1.52088
7,480,4.96363e-6,2.99937e-5,2.99937e-5,9.02424e-6,-2.17192
7,481,34.4467,15.6263,15.6263,29.2273,0.861987
7,482,82.9945,49.6919,49.6919,89.8042,-0.366014
7,485,319.391,164.076,164.076,270.638,0.869517
7,487,289.305,168.992,168.992,254.963,0.650147
7,504,12.2639,13.1467,13.1467,12.2233,0.0160157
7,528,0.0659263,0.171229,0.171229,0.107182,-1.85791
7,552,0.000488662,0.00218221,0.00218221,0.000940561,-2.3191
7,576,7.722e-6,2.79296e-5,2.79296e-5,8.20983e-6,-0.286816
7,577,28.3909,14.6275,14.6275,26.3206,0.379664
7,578,81.6057,46.5234,46.5234,80.8953,0.0423861
7,581,224.25,154.406,154.406,242.914,-0.370863
7,583,237.595,159.06,159.06,228.958,0.182083
7,600,9.26418,12.382,12.382,11.1237,-0.806905
7,624,0.0655616,0.161682,0.161682,0.0988786,-1.6264
7,648,0.000541803,0.00207916,0.00207916,0.000876217,-1.8422
8,0,0,0,0,0,0
8,1,113.309,85.4486,85.4486,225.723,-2.40386
8,2,334.19,146.237,146.237,475.316,-1.43314
8,5,472.387,169.115,169.115,593.871,-0.987392
8,7,328.084,135.453,135.453,450.073,-1.30828
8,24,15.3184,7.41239,7.41239,21.4083,-1.37307
8,48,0.0856111,0.0964805,0.0964805,0.27649,-3.33229
8,72,0.000764682,0.00124944,0.00124944,0.00357335,-3.79393
8,96,1.75088e-5,1.592e-5,1.592e-5,4.59659e-5,-2.98827
8,97,93.963,11.5409,11.5409,56.326,3.22529
8,98,216.461,36.7013,36.7013,165.169,1.49895
8,101,566.889,117.346,117.346,428.36,1.56096
8,103,454.232,117.536,117.536,367.367,1.14131
8,120,17.9349,8.55192,8.55192,18.6282,-0.179627
8,144,0.113182,0.11221,0.11221,0.240362,-2.55397
8,168,0.000889335,0.00145126,0.00145126,0.00310441,-3.44408
8,192,1.12154e-5,1.86249e-5,1.86249e-5,3.98983e-5,-3.47002
8,193,93.7756,14.7234,14.7234,68.1748,1.81257
8,194,258.878,46.8357,46.8357,200.159,1.416
8,197,553.616,152.505,152.505,529.816,0.216828
8,199,566.675,154.306,154.306,457.096,1.15713
8,216,18.8197,11.4627,11.4627,23.3811,-0.941663
8,240,0.134448,0.150365,0.150365,0.306946,-2.71261
8,264,0.000942072,0.00193907,0.00193907,0.00401673,-3.69478
8,288,0.000108104,2.50207e-5,2.50207e-5,5.23871e-5,5.13365
8,289,103.506,21.3297,21.3297,92.8582,0.553483
8,290,321.135,67.7311,67.7311,272.369,0.864217
8,293,679.686,220.848,220.848,721.585,-0.28027
8,295,649.698,224.587,224.587,625.634,0.185658
8,312,21.8056,17.0252,17.0252,31.8504,-1.52226
8,336,0.175617,0.223884,0.223884,0.407067,-2.74444
8,360,0.00134912,0.00289281,0.00289281,0.00523032,-3.58181
9,0,0,0,0,0,0
9,1,67.4337,85.4486,85.4486,68.7237,-0.0906028
9,2,122.149,146.237,146.237,112.971,0.392169
9,5,139.368,169.115,169.115,127.478,0.450209
9,7,109.489,135.453,135.453,101.861,0.361487
9,24,6.31488,7.41239,7.41239,6.79573,-0.341535
9,48,0.142582,0.0964805,0.0964805,0.131744,0.397097
9,72,0.002422,0.00124944,0.00124944,0.0025498,-0.241939
9,96,5.52367e-5,1.592e-5,1.592e-5,4.94972e-5,0.559703
9,97,8.77963,11.5409,11.5409,8.91834,-0.0750723
9,98,28.9738,36.7013,36.7013,27.6774,0.226081
9,101,83.6851,117.346,117.346,83.8434,-0.00911296
9,103,84.9972,117.536,117.536,80.675,0.2586
9,120,7.0066,8.55192,8.55192,6.32274,0.522064
9,144,0.128895,0.11221,0.11221,0.125915,0.114238
9,168,0.00224657,0.00145126,0.00145126,0.00250448,-0.497067
9,192,4.52124e-5,1.86249e-5,1.86249e-5,4.9721e-5,-0.437685
9,193,11.9706,14.7234,14.7234,11.8716,0.04023
9,194,39.4283,46.8357,46.8357,36.8478,0.338035
9,197,110.455,152.505,152.505,113.372,-0.1242
9,199,118.279,154.306,154.306,109.76,0.374609
9,216,8.62709,11.4627,11.4627,8.65752,-0.0169663
9,240,0.163457,0.150365,0.150365,0.171914,-0.237469
9,264,0.00335695,0.00193907,0.00193907,0.00340932,-0.0741489
9,288,7.94419e-5,2.50207e-5,2.50207e-5,6.75547e-5,0.849351
9,289,15.7758,21.3297,21.3297,17.4431,-0.461393
9,290,57.6486,67.7311,67.7311,54.059,0.320515
9,293,139.071,220.848,220.848,165.45,-0.769591
9,295,165.988,224.587,224.587,161.083,0.146976
9,312,13.3988,17.0252,17.0252,12.8375,0.211072
9,336,0.26077,0.223884,0.223884,0.2535,0.138425
9,360,0.00584923,0.00289281,0.00289281,0.00499532,0.825111
9,384,0.00010844,3.71922e-5,3.71922e-5,9.82427e-5,0.501021
9,385,14.6086,17.3223,17.3223,14.2845,0.109503
9,386,44.0019,55.0669,55.0669,44.3225,-0.0349068
9,389,137.13,180.686,180.686,137.965,-0.0292117
9,391,143.399,185.663,185.663,135.138,0.295037
9,408,11.5477,14.3323,14.3323,10.8527,0.3091
9,432,0.217918,0.185956,0.185956,0.21559,0.0521261
9,456,0.00468175,0.00235404,0.00235404,0.0042771,0.456661
9,480,7.05768e-5,2.99937e-5,2.99937e-5,8.47729e-5,-0.80831
9,481,13.4134,15.6263,15.6263,12.9289,0.180874
9,482,40.8127,49.6919,49.6919,40.1305,0.0820481
9,485,124.649,164.076,164.076,124.661,-0.000456906
9,487,154.383,168.992,168.992,122.507,1.25595
9,504,10.7624,13.1467,13.1467,9.89377,0.4238
9,528,0.185857,0.171229,0.171229,0.195166,-0.230222
9,552,0.00403933,0.00218221,0.00218221,0.00384855,0.239265
9,576,7.74982e-5,2.79296e-5,2.79296e-5,7.58921e-5,0.10215
9,577,11.9624,14.6275,14.6275,12.1331,-0.0678896
9,578,41.6435,46.5234,46.5234,37.6665,0.509645
9,581,130.109,154.406,154.406,118.232,0.484913
9,583,117.71,159.06,159.06,116.108,0.0665928
9,600,8.53878,12.382,12.382,9.36992,-0.42816
9,624,0.174051,0.161682,0.161682,0.186312,-0.317655
9,648,0.00473156,0.00207916,0.00207916,0.00369832,1.34853
10,0,0,0,0,0,0
10,1,80.2315,85.4486,85.4486,81.2398,-0.0599092
10,2,129.331,146.237,146.237,133.411,-0.147616
10,5,164.8,169.115,169.115,154.529,0.320845
10,7,105.7,135.453,135.453,126.379,-0.789804
10,24,9.91647,7.41239,7.41239,8.78187,0.623621
10,48,0.145539,0.0964805,0.0964805,0.167741,-0.6389
10,72,0.0029347,0.00124944,0.00124944,0.00318591,-0.380602
10,96,5.68939e-5,1.592e-5,1.592e-5,6.03833e-5,-0.278931
10,97,10.2005,11.5409,11.5409,9.86824,0.162509
10,98,31.6183,36.7013,36.7013,31.5399,0.0119853
10,101,109.522,117.346,117.346,102.956,0.307867
10,103,107.611,117.536,117.536,105.22,0.109693
10,120,11.0886,8.55192,8.55192,9.49175,0.812043
10,144,0.188389,0.11221,0.11221,0.178994,0.25337
10,168,0.00323605,0.00145126,0.00145126,0.00331974,-0.121697
10,192,6.9235e-5,1.86249e-5,1.86249e-5,6.14163e-5,0.614491
10,193,14.2093,14.7234,14.7234,13.0516,0.428175
10,194,44.6878,46.8357,46.8357,41.7146,0.344036
10,197,144.339,152.505,152.505,138.159,0.215919
10,199,127.828,154.306,154.306,142.344,-0.492226
10,216,14.7117,11.4627,11.4627,13.1709,0.564677
10,240,0.215006,0.150365,0.150365,0.249467,-0.666777
10,264,0.00442561,0.00193907,0.00193907,0.00467445,-0.256956
10,288,0.000107161,2.50207e-5,2.50207e-5,8.86875e-5,1.00545
10,289,21.8867,21.3297,21.3297,19.3515,0.632354
10,290,71.1751,67.7311,67.7311,61.7372,0.737888
10,293,221.535,220.848,220.848,203.954,0.416071
10,295,259.931,224.587,224.587,211.495,1.10543
10,312,24.8397,17.0252,17.0252,19.9081,1.1957
10,336,0.373402,0.223884,0.223884,0.376904,-0.0448483
10,360,0.00711913,0.00289281,0.00289281,0.00705617,0.0430734
10,384,0.000152915,3.71922e-5,3.71922e-5,0.000132131,0.75923
10,385,16.2566,17.3223,17.3223,16.0574,0.0598785
10,386,55.6441,55.0669,55.0669,51.2773,0.411056
10,389,139.882,180.686,180.686,171.941,-0.899982
10,391,166.519,185.663,185.663,179.372,-0.34587
10,408,17.2947,14.3323,14.3323,17.1248,0.0478969
10,432,0.322756,0.185956,0.185956,0.325828,-0.0455094
10,456,0.00607513,0.00235404,0.00235404,0.00609221,-0.0135288
10,480,0.000116798,2.99937e-5,2.99937e-5,0.000113779,0.128073
10,481,15.3678,15.6263,15.6263,14.6596,0.233182
10,482,43.5761,49.6919,49.6919,46.8271,-0.335104
10,485,168.565,164.076,164.076,156.592,0.369055
10,487,174.324,168.992,168.992,163.701,0.313215
10,504,15.9061,13.1467,13.1467,15.774,0.0404369
10,528,0.309159,0.171229,0.171229,0.298898,0.165698
10,552,0.00628392,0.00218221,0.00218221,0.00559547,0.593889
10,576,0.000106935,2.79296e-5,2.79296e-5,0.000104681,0.103904
10,577,15.1656,14.6275,14.6275,13.8466,0.45981
10,578,46.3651,46.5234,46.5234,44.2358,0.232351
10,581,161.122,154.406,154.406,149.045,0.391112
10,583,171.847,159.06,159.06,155.944,0.49225
10,600,15.6994,12.382,12.382,15.0393,0.211856
10,624,0.335191,0.161682,0.161682,0.285948,0.831228
10,648,0.00559118,0.00207916,0.00207916,0.0053473,0.220145
11,0,0,0,0,0,0
11,1,36.8387,85.4486,85.4486,29.6308,1.17418
11,2,47.9299,146.237,146.237,38.5469,1.17494
11,5,53.4567,169.115,169.115,40.3622,1.56595
11,7,30.4138,135.453,135.453,31.8929,-0.223856
11,24,1.70195,7.41239,7.41239,1.63661,0.192688
11,48,0.0158687,0.0964805,0.0964805,0.0210741,-1.19226
11,72,0.0001693,0.00124944,0.00124944,0.000272088,-1.82346
11,96,2.37713e-6,1.592e-5,1.592e-5,3.45831e-6,-1.50903
11,97,6.38089,11.5409,11.5409,4.44126,2.10802
11,98,13.9159,36.7013,36.7013,13.728,0.0660615
11,101,49.8081,117.346,117.346,41.424,0.976945
11,103,44.7689,117.536,117.536,39.154,0.692198
11,120,2.37907,8.55192,8.55192,2.37508,0.00810124
11,144,0.0232174,0.11221,0.11221,0.0307644,-1.18411
11,168,0.00025523,0.00145126,0.00145126,0.000397935,-1.73097
11,192,3.09443e-6,1.86249e-5,1.86249e-5,5.01593e-6,-1.84906
11,193,8.44963,14.7234,14.7234,6.65942,1.29757
11,194,21.5647,46.8357,46.8357,20.5989,0.22631
11,197,75.4712,152.505,152.505,62.6785,0.985161
11,199,66.3612,154.306,154.306,59.9565,0.515613
11,216,4.31429,11.4627,11.4627,3.69513,0.808795
11,240,0.0341007,0.150365,0.150365,0.0483991,-1.42598
11,264,0.000422032,0.00193907,0.00193907,0.000631705,-1.60211
11,288,5.49402e-6,2.50207e-5,2.50207e-5,8.15037e-6,-1.57315
11,289,12.6222,21.3297,21.3297,11.1599,0.632449
11,290,42.5555,67.7311,67.7311,34.4714,1.13198
11,293,119.931,220.848,220.848,105.868,0.641193
11,295,107.08,224.587,224.587,101.769,0.251903
11,312,6.24049,17.0252,17.0252,6.26251,-0.0169714
11,336,0.0760846,0.223884,0.223884,0.0804511,-0.261981
11,360,0.000711194,0.00289281,0.00289281,0.00103562,-1.51211
11,384,6.19132e-6,3.71922e-5,3.71922e-5,1.34539e-5,-2.60559
11,385,11.1212,17.3223,17.3223,10.3593,0.355008
11,386,31.4017,55.0669,55.0669,32.0194,-0.0931136
11,389,110.815,180.686,180.686,98.4231,0.607728
11,391,89.4989,185.663,185.663,95.0547,-0.282118
11,408,5.45423,14.3323,14.3323,5.89432,-0.360392
11,432,0.0661626,0.185956,0.185956,0.0759261,-0.620693
11,456,0.000688645,0.00235404,0.00235404,0.00097844,-1.42962
11,480,5.45621e-6,2.99937e-5,2.99937e-5,1.28354e-5,-2.775
11,481,8.14072,15.6263,15.6263,10.0502,-0.91707
11,482,34.0847,49.6919,49.6919,31.0691,0.468506
11,485,96.9154,164.076,164.076,95.5128,0.070881
11,487,100.989,168.992,168.992,92.3553,0.451212
11,504,4.86305,13.1467,13.1467,5.74146,-0.738482
11,528,0.0573502,0.171229,0.171229,0.0739387,-1.08293
11,552,0.000543698,0.00218221,0.00218221,0.000952316,-2.0711
11,576,3.02919e-5,2.79296e-5,2.79296e-5,1.23949e-5,6.96946
11,577,9.82305,14.6275,14.6275,9.88154,-0.0285727
11,578,33.4735,46.5234,46.5234,30.5497,0.461951
11,581,92.3062,154.406,154.406,93.8981,-0.0818318
11,583,90.2903,159.06,159.06,90.6367,-0.0184463
11,600,5.7813,12.382,12.382,5.68009,0.0860059
11,624,0.0475674,0.161682,0.161682,0.0735844,-1.70662
11,648,0.000582337,0.00207916,0.00207916,0.000952456,-1.87569
12,0,0,0,0,0,0
12,1,9.36812,85.4486,85.4486,23.5354,-2.90555
12,2,16.1643,146.237,146.237,44.9831,-3.09236
12,5,22.51,169.115,169.115,55.8072,-2.87993
12,7,19.4982,135.453,135.453,45.5155,-2.7591
12,24,1.5612,7.41239,7.41239,2.45632,-1.75897
12,48,0.0142614,0.0964805,0.0964805,0.0246173,-2.03053
12,72,0.00012104,0.00124944,0.00124944,0.000225522,-2.23622
12,96,1.91226e-6,1.592e-5,1.592e-5,1.6862e-6,0.64709
12,97,3.24252,11.5409,11.5409,3.50036,-0.355552
12,98,11.3646,36.7013,36.7013,11.4195,-0.0232095
12,101,40.96,117.346,117.346,39.2299,0.212874
12,103,40.0879,117.536,117.536,41.44,-0.157483
12,120,4.43938,8.55192,8.55192,3.64673,1.04916
12,144,0.0475545,0.11221,0.11221,0.0401638,0.888216
12,168,0.000302686,0.00145126,0.00145126,0.000375115,-0.931987
12,192,4.39709e-6,1.86249e-5,1.86249e-5,3.30943e-6,1.58636
12,193,5.53851,14.7234,14.7234,4.19641,1.54373
12,194,18.6284,46.8357,46.8357,13.6951,1.73878
12,197,68.9452,152.505,152.505,47.541,2.17317
12,199,68.2466,154.306,154.306,51.1002,1.61962
12,216,8.77383,11.4627,11.4627,4.79556,4.00423
12,240,0.0727566,0.150365,0.150365,0.053587,1.7267
12,264,0.000651238,0.00193907,0.00193907,0.000501716,1.4385
12,288,7.96768e-6,2.50207e-5,2.50207e-5,4.44675e-6,3.82191
12,289,11.8351,21.3297,21.3297,5.92537,4.81408
12,290,36.8518,67.7311,67.7311,19.2962,4.39144
12,293,132.71,220.848,220.848,67.2954,4.69197
12,295,136.778,224.587,224.587,72.7391,4.24952
12,312,15.4171,17.0252,17.0252,7.00678,5.79371
12,336,0.167881,0.223884,0.223884,0.078856,5.44932
12,360,0.00133364,0.00289281,0.00289281,0.000740709,3.86388
12,384,1.52882e-5,3.71922e-5,3.71922e-5,6.65218e-6,6.26635
12,385,12.2787,17.3223,17.3223,4.71205,7.75095
12,386,41.2871,55.0669,55.0669,15.3606,8.14706
12,389,143.748,180.686,180.686,54.1426,7.98839
12,391,140.244,185.663,185.663,59.0768,6.63174
12,408,13.8892,14.3323,14.3323,5.92895,6.48052
12,432,0.180173,0.185956,0.185956,0.0668696,8.17862
12,456,0.00144348,0.00235404,0.00235404,0.000622564,6.36474
12,480,1.33945e-5,2.99937e-5,2.99937e-5,5.523e-6,6.87932
12,481,9.48184,15.6263,15.6263,4.19973,6.07085
12,482,41.0296,49.6919,49.6919,13.6946,9.63458
12,485,143.081,164.076,164.076,48.2569,9.48469
12,487,137.829,168.992,168.992,52.9179,7.74507
12,504,15.9787,13.1467,13.1467,5.39516,9.46866
12,528,0.180787,0.171229,0.171229,0.0608015,9.52532
12,552,0.00139989,0.00218221,0.00218221,0.00055575,7.3316
12,576,2.00543e-5,2.79296e-5,2.79296e-5,4.89976e-6,14.929
12,577,12.9611,14.6275,14.6275,3.89907,11.2184
12,578,37.3722,46.5234,46.5234,12.716,9.35923
12,581,146.127,154.406,154.406,44.962,10.8605
12,583,143.079,159.06,159.06,49.3426,9.16959
12,600,13.024,12.382,12.382,5.0706,7.57104
12,624,0.13354,0.161682,0.161682,0.0575512,6.37323
12,648,0.00154257,0.00207916,0.00207916,0.00053714,9.03502
13,0,0,0,0,0,0
13,1,105.555,85.4486,85.4486,89.1548,0.887927
13,2,144.188,146.237,146.237,147.89,-0.120809
13,5,154.352,169.115,169.115,160.978,-0.198667
13,7,128.541,135.453,135.453,123.247,0.207317
13,24,5.38406,7.41239,7.41239,5.25009,0.123174
13,48,0.0460088,0.0964805,0.0964805,0.0530918,-0.643954
13,72,0.00037666,0.00124944,0.00124944,0.000536897,-1.44058
13,96,4.95145e-6,1.592e-5,1.592e-5,5.29108e-6,-0.309839
13,97,15.0451,11.5409,11.5409,13.2546,0.652023
13,98,34.7938,36.7013,36.7013,40.6507,-0.695449
13,101,127.588,117.346,117.346,118.159,0.385169
13,103,128.435,117.536,117.536,108.836,0.869209
13,120,5.67946,8.55192,8.55192,5.44076,0.21176
13,144,0.051868,0.11221,0.11221,0.0551082,-0.2838
13,168,0.000444811,0.00145126,0.00145126,0.000557806,-0.977784
13,192,4.33844e-6,1.86249e-5,1.86249e-5,5.53406e-6,-1.04282
13,193,17.0678,14.7234,14.7234,16.8977,0.0485944
13,194,53.6389,46.8357,46.8357,51.8616,0.165417
13,197,139.955,152.505,152.505,151.736,-0.37476
13,199,156.663,154.306,154.306,141.439,0.519559
13,216,8.59862,11.4627,11.4627,7.17244,0.959777
13,240,0.0805368,0.150365,0.150365,0.0712449,0.629531
13,264,0.000559512,0.00193907,0.00193907,0.00070523,-0.99735
13,288,1.46011e-5,2.50207e-5,2.50207e-5,7.01698e-6,5.21696
13,289,30.1383,26.1791,26.1791,29.8712,0.0431683
13,290,94.0253,83,83,91.4112,0.138032
13,293,264.115,268.14,268.14,267.861,-0.0675058
13,295,219.037,272.468,272.468,250.049,-0.598637
13,312,11.8174,20.527,20.527,12.7578,-0.355826
13,336,0.0997788,0.27317,0.27317,0.127963,-1.06313
13,360,0.00111667,0.00357396,0.00357396,0.00128116,-0.619749
13,384,1.04403e-5,4.66081e-5,4.66081e-5,1.27804e-5,-0.883779
13,385,25.6752,20.6219,20.6219,23.2366,0.506563
13,386,77.3146,65.4792,65.4792,71.2497,0.410873
13,389,247.412,215.094,215.094,212.045,0.80507
13,391,211.301,220.59,220.59,200.27,0.265862
13,408,10.8917,17.0914,17.0914,10.3313,0.261827
13,432,0.115052,0.225,0.225,0.104091,0.508279
13,456,0.00103905,0.00290776,0.00290776,0.00104703,-0.0367967
13,480,7.89819e-6,3.73893e-5,3.73893e-5,1.05039e-5,-1.19739
13,481,22.5004,18.5251,18.5251,20.7295,0.412348
13,482,56.9303,58.8434,58.8434,63.5945,-0.505822
13,485,217.868,193.562,193.562,190.68,0.688228
13,487,239.452,199.315,199.315,180.517,1.57584
13,504,11.7358,15.6324,15.6324,9.43577,1.17656
13,528,0.100204,0.203965,0.203965,0.0949508,0.267043
13,552,0.000894249,0.0026215,0.0026215,0.000953909,-0.301881
13,576,1.0965e-5,3.36755e-5,3.36755e-5,9.49744e-6,0.745841
13,577,24.1105,17.3407,17.3407,19.3026,1.20228
13,578,68.3165,55.0904,55.0904,59.2304,0.740447
13,581,167.809,181.425,181.425,179.323,-0.309916
13,583,203.041,187.278,187.278,169.686,0.948827
13,600,10.8847,14.6453,14.6453,8.81752,1.13161
13,624,0.0773136,0.189824,0.189824,0.0890818,-0.637654
13,648,0.000857468,0.0023952,0.0023952,0.000900637,-0.23136
14,0,0,0,0,0,0
14,1,71.2936,85.4486,85.4486,69.1131,0.15229
14,2,99.684,146.237,146.237,107.745,-0.361108
14,5,132.848,169.115,169.115,129.119,0.139393
14,7,108.46,135.453,135.453,111.712,-0.140516
14,24,11.8221,7.41239,7.41239,10.8907,0.412802
14,48,0.256639,0.0964805,0.0964805,0.246031,0.208101
14,72,0.00487274,0.00124944,0.00124944,0.00481453,0.0583536
14,96,9.1175e-5,1.592e-5,1.592e-5,8.70012e-5,0.231563
14,97,8.29256,11.5409,11.5409,7.16736,0.757767
14,98,24.7164,36.7013,36.7013,24.1487,0.113465
14,101,103.428,117.346,117.346,92.198,0.587929
14,103,101.3,117.536,117.536,107.359,-0.272384
14,120,21.9875,8.55192,8.55192,20.4069,0.373872
14,144,0.659233,0.11221,0.11221,0.571963,0.736474
14,168,0.0124078,0.00145126,0.00145126,0.012146,0.10405
14,192,0.000230863,1.86249e-5,1.86249e-5,0.000230775,0.00185061
14,193,8.33352,14.7234,14.7234,9.49247,-0.589318
14,194,29.7732,46.8357,46.8357,31.9729,-0.332077
14,197,140.863,152.505,152.505,123.102,0.696385
14,199,129.908,154.306,154.306,145.566,-0.519201
14,216,31.4717,11.4627,11.4627,29.9353,0.247741
14,240,1.07311,0.150365,0.150365,0.855416,1.2284
14,264,0.0204376,0.00193907,0.00193907,0.0183064,0.561955
14,288,0.000319466,2.50207e-5,2.50207e-5,0.000347989,-0.395645
14,289,16.9102,26.1791,26.1791,18.1296,-0.324661
14,290,63.6325,83,83,60.8162,0.223526
14,293,206.425,268.14,268.14,233.192,-0.554042
14,295,317.352,272.468,272.468,276.675,0.709646
14,312,64.78,20.527,20.527,58.5113,0.517128
14,336,1.67056,0.27317,0.27317,1.71188,-0.116498
14,360,0.0389272,0.00357396,0.00357396,0.0369266,0.261507
14,384,0.000789976,4.66081e-5,4.66081e-5,0.000707026,0.566292
14,385,17.5831,20.6219,20.6219,15.6487,0.596646
14,386,55.1181,65.4792,65.4792,52.5259,0.238213
14,389,251.972,215.094,215.094,202.769,1.17127
14,391,259.454,220.59,220.59,242.299,0.341736
14,408,45.544,17.0914,17.0914,53.6023,-0.725637
14,432,1.69013,0.225,0.225,1.59578,0.285379
14,456,0.0338178,0.00290776,0.00290776,0.0344925,-0.0944151
14,480,0.000650692,3.73893e-5,3.73893e-5,0.000659778,-0.0664713
14,481,18.1514,18.5251,18.5251,14.7626,1.10802
14,482,44.264,58.8434,58.8434,49.5583,-0.515658
14,485,222.582,193.562,193.562,191.491,0.783697
14,487,227.521,199.315,199.315,229.114,-0.0335598
14,504,51.7953,15.6324,15.6324,51.0547,0.0700166
14,528,1.55737,0.203965,0.203965,1.52632,0.0981955
14,552,0.0369253,0.0026215,0.0026215,0.0331423,0.550965
14,576,0.000559484,3.36755e-5,3.36755e-5,0.000636268,-0.582496
14,577,14.2214,17.3407,17.3407,14.2859,-0.0217719
14,578,49.7259,55.0904,55.0904,47.9605,0.177672
14,581,182.244,181.425,181.425,185.384,-0.0817558
14,583,235.467,187.278,187.278,222.004,0.292708
14,600,59.1366,14.6453,14.6453,49.6646,0.920567
14,624,1.53721,0.189824,0.189824,1.4921,0.145918
14,648,0.0348901,0.0023952,0.0023952,0.0326852,0.325614
15,0,0,0,0,0,0
15,1,119.959,85.4486,85.4486,100.421,0.939109
15,2,205.809,146.237,146.237,190.148,0.397547
15,5,240.11,169.115,169.115,234.491,0.11567
15,7,214.647,135.453,135.453,189.879,0.629624
15,24,14.5164,7.41239,7.41239,13.555,0.342331
15,48,0.23544,0.0964805,0.0964805,0.289,-0.894552
15,72,0.00563558,0.00124944,0.00124944,0.00616201,-0.412364
15,96,0.000153223,1.592e-5,1.592e-5,0.000131204,0.810072
15,97,12.8332,11.5409,11.5409,15.1329,-0.733538
15,98,47.5121,36.7013,36.7013,47.3322,0.0183451
15,101,154.537,117.346,117.346,147.859,0.217997
15,103,149.639,117.536,117.536,143.979,0.189732
15,120,11.8866,8.55192,8.55192,12.164,-0.110098
15,144,0.298826,0.11221,0.11221,0.262553,0.66685
15,168,0.00573349,0.00145126,0.00145126,0.00565968,0.062948
15,192,0.000114324,1.86249e-5,1.86249e-5,0.000121663,-0.291142
15,193,21.883,14.7234,14.7234,19.4488,0.604108
15,194,62.3978,46.8357,46.8357,60.8353,0.123977
15,197,181.384,152.505,152.505,188.954,-0.193379
15,199,202.02,154.306,154.306,186.402,0.40441
15,216,17.1928,11.4627,11.4627,15.9358,0.380731
15,240,0.355764,0.150365,0.150365,0.341097,0.207562
15,264,0.00743247,0.00193907,0.00193907,0.00729864,0.0885028
15,288,0.000159729,2.50207e-5,2.50207e-5,0.000155085,0.144559
15,289,33.6076,26.1791,26.1791,34.041,-0.0614477
15,290,97.9598,83,83,106.146,-0.37227
15,293,388.444,268.14,268.14,330.729,0.842317
15,295,369.045,272.468,272.468,326.191,0.634141
15,312,28.9656,20.527,20.527,28.0105,0.164594
15,336,0.728371,0.27317,0.27317,0.594133,1.09057
15,360,0.0115846,0.00357396,0.00357396,0.0125736,-0.379644
15,384,0.000258396,4.66081e-5,4.66081e-5,0.000266349,-0.144137
15,385,26.952,20.6219,20.6219,25.9475,0.186858
15,386,77.2384,65.4792,65.4792,81.0417,-0.226529
15,389,244.567,215.094,215.094,256.47,-0.224016
15,391,267.789,220.59,220.59,255.576,0.230659
15,408,29.5323,17.0914,17.0914,22.2657,1.57528
15,432,0.545726,0.225,0.225,0.475732,0.710172
15,456,0.0107521,0.00290776,0.00290776,0.0102047,0.258907
15,480,0.000255,3.73893e-5,3.73893e-5,0.000217693,0.827213
15,481,23.9335,18.5251,18.5251,22.8619,0.226253
15,482,78.2123,58.8434,58.8434,71.4348,0.457952
15,485,236.423,193.562,193.562,227.013,0.20007
15,487,221.594,199.315,199.315,226.679,-0.108285
15,504,23.1297,15.6324,15.6324,19.9098,0.780627
15,528,0.437943,0.203965,0.203965,0.428142,0.110494
15,552,0.00851788,0.0026215,0.0026215,0.00919259,-0.354281
15,576,0.000171647,3.36755e-5,3.36755e-5,0.000197304,-0.62766
15,577,18.1309,17.3407,17.3407,21.0968,-0.678581
15,578,69.6218,55.0904,55.0904,65.9326,0.27008
15,581,200.826,181.425,181.425,208.512,-0.177912
15,583,220.744,187.278,187.278,208.988,0.271523
15,600,15.89,14.6453,14.6453,18.3921,-0.656659
15,624,0.386904,0.189824,0.189824,0.389299,-0.0297017
15,648,0.00906936,0.0023952,0.0023952,0.00821251,0.503607
16,0,0,0,0,0,0
16,1,232.771,241.001,241.001,223.296,0.204831
16,2,315.877,344.326,344.326,303.68,0.193872
16,5,256.459,372.364,372.364,300.603,-0.708821
16,7,198.655,299.217,299.217,226.357,-0.590713
16,24,6.75715,16.6084,16.6084,8.99977,-1.20278
16,48,0.0627862,0.213305,0.213305,0.0844889,-1.23987
16,72,0.000463584,0.002717,0.002717,0.000792671,-2.00393
16,96,3.55068e-6,3.47481e-5,3.47481e-5,7.48143e-6,-2.53603
16,97,14.0061,12.595,12.595,13.1741,0.304827
16,98,41.0586,40.1055,40.1055,39.7224,0.162365
16,101,109.647,131.634,131.634,112.678,-0.129852
16,103,118.197,134.174,134.174,101.544,0.791599
16,120,4.40874,10.209,10.209,4.63655,-0.237155
16,144,0.0376244,0.134202,0.134202,0.0442965,-0.727036
16,168,0.00028046,0.00173453,0.00173453,0.00042231,-1.6213
16,192,4.45624e-6,2.22216e-5,2.22216e-5,4.12965e-6,0.381736
16,193,30.3981,24.4627,24.4627,25.7705,0.866751
16,194,90.8172,77.6002,77.6002,77.4426,0.833614
16,197,252.437,251.967,251.967,218.968,0.737786
16,199,194.488,256.933,256.933,197.085,-0.0635868
16,216,8.06742,19.5695,19.5695,8.98806,-0.494408
16,240,0.0684001,0.257624,0.257624,0.0874478,-1.05138
16,264,0.000498323,0.00332797,0.00332797,0.000847295,-1.98802
16,288,1.1266e-5,4.27977e-5,4.27977e-5,8.1422e-6,1.85185
16,289,37.3194,37.9027,37.9027,39.8751,-0.309365
16,290,121.526,119.637,119.637,119.365,0.0873575
16,293,359.371,391.925,391.925,338.255,0.301325
16,295,316.649,399.936,399.936,305.331,0.178928
16,312,12.7992,30.845,30.845,13.9853,-0.409377
16,336,0.0938522,0.405671,0.405671,0.134094,-1.44855
16,360,0.000766826,0.00524449,0.00524449,0.00128635,-1.94945
16,384,2.7904e-5,6.76519e-5,6.76519e-5,1.22012e-5,6.21209
16,385,49.5046,32.4818,32.4818,33.9729,2.20674
16,386,122.445,102.616,102.616,101.823,0.977563
16,389,327.479,336.052,336.052,289.38,0.635492
16,391,305.028,346.429,346.429,263.542,0.759843
16,408,13.115,27.1556,27.1556,12.1863,0.367859
16,432,0.0877732,0.358492,0.358492,0.117611,-1.22456
16,456,0.000698547,0.00462962,0.00462962,0.00113442,-1.85459
16,480,6.77012e-6,5.95103e-5,5.95103e-5,1.08571e-5,-1.81698
16,481,37.3809,30.1356,30.1356,31.3827,0.922564
16,482,118.205,95.2282,95.2282,94.0956,1.23674
16,485,336.493,311.833,311.833,269.68,1.19584
16,487,291.529,322.395,322.395,245.656,0.901345
16,504,11.8312,25.4615,25.4615,11.3772,0.192631
16,528,0.0835878,0.336069,0.336069,0.10909,-1.12837
16,552,0.000653779,0.00434035,0.00434035,0.00104679,-1.81222
16,576,9.85446e-6,5.58366e-5,5.58366e-5,9.99833e-6,-0.0694552
16,577,43.0878,28.7599,28.7599,29.8462,2.14148
16,578,114.354,90.8918,90.8918,89.5048,1.34008
16,581,340.179,297.691,297.691,256.946,1.56358
16,583,272.636,307.879,307.879,234.515,0.784625
16,600,11.5475,24.4484,24.4484,10.8146,0.327092
16,624,0.0850215,0.319575,0.319575,0.103025,-0.843479
16,648,0.000754006,0.0041018,0.0041018,0.00098444,-1.12985
17,0,0,0,0,0,0
17,1,488.756,241.001,241.001,365.942,1.61994
17,2,572.95,344.326,344.326,543.985,0.257009
17,5,646.415,372.364,372.364,632.081,0.109466
17,7,551.352,299.217,299.217,538.482,0.115368
17,24,45.0499,16.6084,16.6084,45.1472,-0.0104088
17,48,1.02852,0.213305,0.213305,0.814237,1.27031
17,72,0.0132396,0.002717,0.002717,0.01241,0.322668
17,96,0.000187195,3.47481e-5,3.47481e-5,0.000179546,0.205633
17,97,18.4769,12.595,12.595,17.0166,0.414242
17,98,61.1067,40.1055,40.1055,56.7336,0.372059
17,101,215.978,131.634,131.634,212.903,0.069705
17,103,230.278,134.174,134.174,244.241,-0.275954
17,120,33.3578,10.209,10.209,38.8033,-0.677383
17,144,0.778982,0.134202,0.134202,0.801845,-0.137623
17,168,0.0135361,0.00173453,0.00173453,0.0127776,0.286498
17,192,0.000226892,2.22216e-5,2.22216e-5,0.00018691,1.03249
17,193,33.9423,24.4627,24.4627,32.5205,0.211038
17,194,86.0193,77.6002,77.6002,107.963,-0.981053
17,197,435.201,251.967,251.967,400.434,0.419074
17,199,463.557,256.933,256.933,460.18,0.0354224
17,216,63.6478,19.5695,19.5695,73.821,-0.665185
17,240,1.82048,0.257624,0.257624,1.53068,0.913861
17,264,0.0232677,0.00332797,0.00332797,0.024429,-0.229461
17,288,0.000373385,4.27977e-5,4.27977e-5,0.000357539,0.213917
17,289,56.7708,37.9027,37.9027,50.4464,0.60514
17,290,161.312,119.637,119.637,166.457,-0.149195
17,293,649.338,391.925,391.925,613.015,0.286001
17,295,656.36,399.936,399.936,708.267,-0.353745
17,312,98.7483,30.845,30.845,117.525,-0.77118
17,336,2.23243,0.405671,0.405671,2.46431,-0.454189
17,360,0.0430603,0.00524449,0.00524449,0.03946,0.440398
17,384,0.000463375,6.76519e-5,6.76519e-5,0.000578324,-0.959402
17,385,44.7883,32.4818,32.4818,43.7302,0.116789
17,386,132.747,102.616,102.616,144.374,-0.388729
17,389,560.125,336.052,336.052,536.178,0.215584
17,391,506.11,346.429,346.429,622.719,-0.90387
17,408,110.77,27.1556,27.1556,106.292,0.203389
17,432,2.54756,0.358492,0.358492,2.2535,0.629853
17,456,0.0369216,0.00462962,0.00462962,0.035855,0.143583
17,480,0.000445293,5.95103e-5,5.95103e-5,0.00052348,-0.720938
17,481,43.2018,30.1356,30.1356,40.8771,0.274505
17,482,125.772,95.2282,95.2282,134.975,-0.329109
17,485,498.813,311.833,311.833,503.298,-0.0430126
17,487,583.859,322.395,322.395,585.104,-0.0102697
17,504,95.8935,25.4615,25.4615,100.872,-0.238207
17,528,2.34898,0.336069,0.336069,2.14134,0.468031
17,552,0.0374608,0.00434035,0.00434035,0.0344421,0.42306
17,576,0.000558959,5.58366e-5,5.58366e-5,0.000506249,0.50257
17,577,44.275,28.7599,28.7599,39.2292,0.620839
17,578,156.557,90.8918,90.8918,129.543,1.00653
17,581,495.947,297.691,297.691,482.705,0.132412
17,583,611.226,307.879,307.879,561.792,0.424731
17,600,100.706,24.4484,24.4484,97.6405,0.151542
17,624,2.28273,0.319575,0.319575,2.12048,0.369323
17,648,0.0385654,0.0041018,0.0041018,0.0341431,0.625187
18,0,0,0,0,0,0
18,1,675.958,241.001,241.001,665.894,0.072951
18,2,1630.34,344.326,344.326,1480.39,0.488929
18,5,2091.26,372.364,372.364,2155.39,-0.143625
18,7,1857,299.217,299.217,1860.24,-0.00840063
18,24,190.006,16.6084,16.6084,177.467,0.341042
18,48,5.31657,0.213305,0.213305,4.74325,0.583429
18,72,0.124496,0.002717,0.002717,0.125217,-0.0277697
19,0,0,0,0,0,0
19,1,250.648,357.901,357.901,259.592,-0.166294
19,2,306.394,488.458,488.458,330.552,-0.35276
19,5,256.583,525.846,525.846,315.884,-0.906146
19,7,211.144,425.073,425.073,233.057,-0.453841
19,24,9.4779,23.8341,23.8341,9.47941,-0.000764811
19,48,0.0717204,0.308393,0.308393,0.0987168,-1.32001
19,72,0.000802393,0.00394654,0.00394654,0.00102469,-1.04713
19,96,9.81581e-6,5.03517e-5,5.03517e-5,1.05994e-5,-0.356845
19,97,20.0459,24.1001,24.1001,20.9391,-0.205902
19,98,77.3791,76.4582,76.4582,60.8978,1.30633
19,101,156.389,248.84,248.84,159.389,-0.090826
19,103,142.933,253.9,253.9,135.747,0.25552
19,120,5.72637,19.3367,19.3367,5.8638,-0.113126
19,144,0.0536326,0.254802,0.254802,0.0590933,-0.446043
19,168,0.000503226,0.00329081,0.00329081,0.000596298,-0.753385
19,192,1.01088e-5,4.22091e-5,4.22091e-5,6.00937e-6,3.29272
19,193,32.4115,37.6706,37.6706,33.3162,-0.131064
19,194,119.921,118.91,118.91,96.5628,1.1676
19,197,303.372,389.514,389.514,251.848,0.987504
19,199,245.118,397.649,397.649,215.105,0.673471
19,216,9.42138,30.6898,30.6898,9.36025,0.0315212
19,240,0.102386,0.40369,0.40369,0.0967163,0.282975
19,264,0.000953411,0.00521926,0.00521926,0.000997634,-0.213962
19,288,1.36605e-5,6.73302e-5,6.73302e-5,1.01935e-5,1.64168
19,289,43.37,46.8043,46.8043,41.62,0.202962
19,290,124.979,147.081,147.081,120.308,0.187405
19,293,352.404,475.203,475.203,315.437,0.565674
19,295,331.851,490.813,490.813,270.779,1.08865
19,312,11.7369,38.4059,38.4059,11.8448,-0.0439504
19,336,0.130331,0.500915,0.500915,0.121334,0.35793
19,360,0.00124446,0.00644578,0.00644578,0.00124353,0.00363379
19,384,1.24962e-5,8.26943e-5,8.26943e-5,1.2379e-5,0.0457336
19,385,44.2293,42.4846,42.4846,37.7211,0.83281
19,386,102.297,133.57,133.57,109.116,-0.301627
19,389,273.333,434.842,434.842,289.438,-0.268576
19,391,270.526,450.464,450.464,248.541,0.426965
19,408,10.9629,35.651,35.651,10.8719,0.0403852
19,432,0.117488,0.466383,0.466383,0.111426,0.262594
19,456,0.0010738,0.00597424,0.00597424,0.00114324,-0.293179
19,480,1.54412e-5,7.65712e-5,7.65712e-5,1.15956e-5,1.60078
19,481,48.6522,40.3083,40.3083,35.7282,1.74602
19,482,108.604,126.749,126.749,103.379,0.243915
19,485,295.613,414.499,414.499,276.924,0.325762
19,487,299.395,429.646,429.646,238.035,1.24426
19,504,12.5008,34.097,34.097,10.4301,0.958268
19,528,0.11466,0.445827,0.445827,0.108382,0.279589
19,552,0.000979914,0.00573003,0.00573003,0.00112233,-0.61251
19,576,1.033e-5,7.35327e-5,7.35327e-5,1.1525e-5,-0.50052
19,577,43.6285,38.9596,38.9596,34.4799,1.28072
19,578,123.93,122.518,122.518,99.7813,1.16818
19,581,306.971,400.806,400.806,264.291,0.779476
19,583,259.232,415.703,415.703,227.806,0.665866
19,600,12.3919,33.1309,33.1309,9.93775,1.192
19,624,0.122058,0.442086,0.442086,0.102167,0.939716
19,648,0.000950981,0.0057904,0.0057904,0.00103763,-0.403071
20,0,0,0,0,0,0
20,1,139.912,357.901,357.901,140.861,-0.0325375
20,2,155.461,488.458,488.458,179.756,-0.652387
20,5,203.343,525.846,525.846,199.894,0.0832864
20,7,159.878,425.073,425.073,163.247,-0.0996164
20,24,10.8562,23.8341,23.8341,10.9024,-0.0204636
20,48,0.230509,0.308393,0.308393,0.209375,0.487197
20,72,0.00421317,0.00394654,0.00394654,0.00401724,0.235423
20,96,8.52889e-5,5.03517e-5,5.03517e-5,7.69638e-5,0.522116
20,97,15.1683,24.1001,24.1001,15.1234,0.014322
20,98,42.2208,76.4582,76.4582,46.4145,-0.436123
20,101,136.198,248.84,248.84,140.099,-0.134398
20,103,135.736,253.9,253.9,134.375,0.0488714
20,120,8.39269,19.3367,19.3367,10.0924,-0.812898
20,144,0.219186,0.254802,0.254802,0.190164,0.736669
20,168,0.00362635,0.00329081,0.00329081,0.00357959,0.0630589
20,192,8.07787e-5,4.22091e-5,4.22091e-5,6.74943e-5,0.950035
20,193,30.7768,37.6706,37.6706,25.7097,0.951301
20,194,91.2323,118.91,118.91,78.5852,0.776806
20,197,208.755,389.514,389.514,236.488,-0.566042
20,199,267.117,397.649,397.649,227.468,0.841354
20,216,21.358,30.6898,30.6898,17.2514,1.14901
20,240,0.342963,0.40369,0.40369,0.327514,0.227697
20,264,0.00656953,0.00521926,0.00521926,0.00621903,0.272044
20,288,0.00011377,6.73302e-5,6.73302e-5,0.000117935,-0.170462
20,289,34.2851,46.8043,46.8043,34.7449,-0.0638806
20,290,123.734,147.081,147.081,105.799,0.818226
20,293,327.402,475.203,475.203,319.74,0.115665
20,295,386.439,490.813,490.813,309.375,1.20234
20,312,20.7956,38.4059,38.4059,23.5149,-0.558175
20,336,0.451693,0.500915,0.500915,0.446491,0.0562397
20,360,0.00767765,0.00644578,0.00644578,0.00847683,-0.455068
20,384,0.000178963,8.26943e-5,8.26943e-5,0.000160863,0.543109
20,385,36.3566,42.4846,42.4846,33.5009,0.411453
20,386,110.327,133.57,133.57,102.037,0.392158
20,389,352.538,434.842,434.842,310.441,0.654549
20,391,302.841,450.464,450.464,299.747,0.0498243
20,408,21.5475,35.651,35.651,22.8551,-0.27616
20,432,0.458852,0.466383,0.466383,0.430021,0.323609
20,456,0.00879743,0.00597424,0.00597424,0.00812717,0.398082
20,480,0.000134979,7.65712e-5,7.65712e-5,0.000153479,-0.581815
20,481,34.8234,40.3083,40.3083,32.9243,0.278407
20,482,83.6028,126.749,126.749,100.289,-0.803089
20,485,287.318,414.499,414.499,304.983,-0.279582
20,487,284.654,429.646,429.646,294.707,-0.164647
20,504,22.5251,34.097,34.097,22.5174,0.0016563
20,528,0.444856,0.445827,0.445827,0.428648,0.182515
20,552,0.00741193,0.00573003,0.00573003,0.00808292,-0.400695
20,576,0.000164859,7.35327e-5,7.35327e-5,0.000152748,0.382677
20,577,34.4041,38.9596,38.9596,32.5881,0.26898
20,578,121.901,122.518,122.518,99.2682,1.1005
20,581,346.057,400.806,400.806,299.642,0.747679
20,583,304.713,415.703,415.703,290.634,0.233824
20,600,20.6583,33.1309,33.1309,22.1218,-0.319309
20,624,0.485314,0.442086,0.442086,0.415838,0.80644
20,648,0.00829893,0.0057904,0.0057904,0.00780379,0.306258
21,0,0,0,0,0,0
21,1,254.134,357.901,357.901,242.327,0.235184
21,2,391.737,488.458,488.458,319.051,1.09966
21,5,361.129,525.846,525.846,343.387,0.249387
21,7,268.243,425.073,425.073,278.146,-0.17186
21,24,12.4936,23.8341,23.8341,14.4637,-0.657456
21,48,0.171372,0.308393,0.308393,0.158736,0.384235
21,72,0.001673,0.00394654,0.00394654,0.00172472,-0.14475
21,96,2.18117e-5,5.03517e-5,5.03517e-5,2.08778e-5,0.215908
21,97,19.4974,24.1001,24.1001,18.4486,0.27441
21,98,63.1649,76.4582,76.4582,58.5226,0.382892
21,101,178.374,248.84,248.84,189.993,-0.295191
21,103,168.937,253.9,253.9,193.569,-0.61424
21,120,12.9223,19.3367,19.3367,13.6747,-0.265581
21,144,0.13395,0.254802,0.254802,0.150302,-0.525153
21,168,0.00152611,0.00329081,0.00329081,0.00161227,-0.257961
21,192,1.85891e-5,4.22091e-5,4.22091e-5,1.71542e-5,0.403734
21,193,26.9974,37.6706,37.6706,29.4045,-0.395127
21,194,114.802,118.91,118.91,92.8149,1.14343
21,197,325.528,389.514,389.514,300.779,0.397162
21,199,290.578,397.649,397.649,307.548,-0.266346
21,216,25.8834,30.6898,30.6898,22.0209,0.846634
21,240,0.251979,0.40369,0.40369,0.23955,0.250439
21,264,0.00279607,0.00521926,0.00521926,0.00252967,0.50832
21,288,2.29343e-5,6.73302e-5,6.73302e-5,2.68146e-5,-0.698486
21,289,30.0284,46.8043,46.8043,37.5912,-0.971087
21,290,122.699,147.081,147.081,118.12,0.187138
21,293,388.402,475.203,475.203,383.612,0.0602669
21,295,385.385,490.813,490.813,395.261,-0.120608
21,312,24.612,38.4059,38.4059,28.8017,-0.702157
21,336,0.345471,0.500915,0.500915,0.314865,0.469178
21,360,0.00323673,0.00644578,0.00644578,0.00335551,-0.170855
21,384,3.70864e-5,8.26943e-5,8.26943e-5,3.57096e-5,0.186104
21,385,38.8566,42.4846,42.4846,34.9193,0.54425
21,386,129.939,133.57,133.57,109.766,0.887078
21,389,327.269,434.842,434.842,359.166,-0.428658
21,391,450.345,450.464,450.464,370.157,1.04565
21,408,27.6261,35.651,35.651,27.208,0.074186
21,432,0.297486,0.466383,0.466383,0.300178,-0.043278
21,456,0.00350055,0.00597424,0.00597424,0.0032176,0.424468
21,480,3.94286e-5,7.65712e-5,7.65712e-5,3.4299e-5,0.721884
21,481,31.4527,40.3083,40.3083,33.6202,-0.311179
21,482,112.895,126.749,126.749,105.697,0.3287
21,485,385.353,414.499,414.499,344.075,0.579067
21,487,390.413,429.646,429.646,356.174,0.464004
21,504,25.2503,34.097,34.097,26.2616,-0.185872
21,528,0.283808,0.445827,0.445827,0.287008,-0.0538099
21,552,0.00375562,0.00573003,0.00573003,0.00305817,1.1008
21,576,3.19472e-5,7.35327e-5,7.35327e-5,3.25774e-5,-0.0933828
21,577,37.8219,38.9596,38.9596,32.8361,0.732903
21,578,112.832,122.518,122.518,103.239,0.448507
21,581,331.88,400.806,400.806,336.679,-0.0688034
21,583,322.095,415.703,415.703,348.577,-0.366703
21,600,26.8825,33.1309,33.1309,25.7375,0.214735
21,624,0.281236,0.442086,0.442086,0.281792,-0.00952784
21,648,0.00290013,0.0057904,0.0057904,0.00299425,-0.151726
22,0,0,0,0,0,0
22,1,345.61,357.901,357.901,352.317,-0.0918912
22,2,615.395,488.458,488.458,503.304,1.07498
22,5,518.592,525.846,525.846,519.848,-0.0116631
22,7,454.943,425.073,425.073,400.26,0.659438
22,24,13.5461,23.8341,23.8341,16.5124,-0.867102
22,48,0.140429,0.308393,0.308393,0.152387,-0.378748
22,72,0.00124803,0.00394654,0.00394654,0.00140344,-0.534496
22,96,1.7567e-5,5.03517e-5,5.03517e-5,1.29586e-5,1.71652
22,97,21.509,24.1001,24.1001,24.3241,-0.558621
22,98,78.0834,76.4582,76.4582,75.1875,0.185915
22,101,237.74,248.84,248.84,226.296,0.244094
22,103,215.032,253.9,253.9,216.066,-0.0231063
22,120,11.0304,19.3367,19.3367,11.1844,-0.0664501
22,144,0.105465,0.254802,0.254802,0.103194,0.106205
22,168,0.000899014,0.00329081,0.00329081,0.000954699,-0.281535
22,192,7.6584e-6,4.22091e-5,4.22091e-5,8.75309e-6,-0.603662
22,193,35.2089,37.6706,37.6706,36.8127,-0.210301
22,194,112.06,118.91,118.91,113.259,-0.0510805
22,197,351.764,389.514,389.514,340.082,0.165815
22,199,343.253,397.649,397.649,325.815,0.258344
22,216,17.4032,30.6898,30.6898,17.0607,0.0969065
22,240,0.156812,0.40369,0.40369,0.159247,-0.0738059
22,264,0.00117053,0.00521926,0.00521926,0.00148143,-1.01299
22,288,1.76963e-5,6.73302e-5,6.73302e-5,1.37211e-5,1.3984
22,289,54.353,60.6376,60.6376,56.726,-0.201923
22,290,174.077,189.595,189.595,173.004,0.0299362
22,293,542.181,608.399,608.399,515.975,0.245158
22,295,433.27,628.314,628.314,497.594,-0.623965
22,312,31.796,49.4803,49.4803,26.3596,0.995484
22,336,0.223455,0.651527,0.651527,0.244396,-0.413592
22,360,0.00231826,0.00842643,0.00842643,0.0022584,0.127941
22,384,1.80778e-5,0.000109011,0.000109011,2.07368e-5,-0.61893
22,385,61.1929,54.0267,54.0267,48.0901,1.31515
22,386,172.903,169.037,169.037,146.819,0.857519
22,389,439.452,546.52,546.52,443.745,-0.0466973
22,391,414.138,566.697,566.697,430.028,-0.178349
22,408,29.0181,44.9732,44.9732,22.9107,1.28673
22,432,0.224477,0.588952,0.588952,0.214047,0.235209
22,456,0.00193884,0.00756796,0.00756796,0.00197202,-0.0812087
22,480,1.7405e-5,9.72078e-5,9.72078e-5,1.819e-5,-0.20832
22,481,47.9155,51.1087,51.1087,44.1571,0.410834
22,482,142.499,159.94,159.94,134.858,0.273473
22,485,462.963,516.077,516.077,407.817,0.652691
22,487,428.358,537.052,537.052,396.709,0.385084
22,504,20.7624,42.9668,42.9668,21.4614,-0.157219
22,528,0.236631,0.562209,0.562209,0.200437,0.871595
22,552,0.00213368,0.00722647,0.00722647,0.00186468,0.696343
22,576,1.51393e-5,9.27128e-5,9.27128e-5,1.72107e-5,-0.580922
22,577,53.0713,49.4044,49.4044,41.797,1.30198
22,578,154.765,154.621,154.621,127.672,1.02432
22,581,380.668,499.375,499.375,388.326,-0.0951873
22,583,438.951,520.105,520.105,377.488,0.785925
22,600,20.7439,41.7437,41.7437,20.3979,0.0818876
22,624,0.190799,0.555586,0.555586,0.189115,0.0429827
22,648,0.00194464,0.0072579,0.0072579,0.00174506,0.552031
23,0,0,0,0,0,0
23,1,313.644,357.901,357.901,285.375,0.478139
23,2,379.145,488.458,488.458,378.509,0.00810952
23,5,420.224,525.846,525.846,407.181,0.154619
23,7,307.087,425.073,425.073,330.166,-0.337407
23,24,24.5906,23.8341,23.8341,22.2255,0.513646
23,48,0.415437,0.308393,0.308393,0.428952,-0.152085
23,72,0.00753949,0.00394654,0.00394654,0.00822502,-0.402301
23,96,0.00013994,5.03517e-5,5.03517e-5,0.000156438,-0.509021
23,97,20.4513,24.1001,24.1001,20.5386,-0.0205164
23,98,63.8924,76.4582,76.4582,64.0225,-0.00981006
23,101,219.872,248.84,248.84,199.376,0.496227
23,103,178.96,253.9,253.9,197.312,-0.448938
23,120,17.3805,19.3367,19.3367,15.9039,0.44814
23,144,0.306649,0.254802,0.254802,0.29757,0.147261
23,168,0.00622371,0.00329081,0.00329081,0.00554469,0.591105
23,192,9.91882e-5,4.22091e-5,4.22091e-5,0.000103824,-0.215539
23,193,36.7268,37.6706,37.6706,33.1593,0.5193
23,194,93.1719,118.91,118.91,102.895,-0.45611
23,197,300.867,389.514,389.514,321.261,-0.306424
23,199,333.777,397.649,397.649,318.647,0.229195
23,216,25.7134,30.6898,30.6898,25.8437,-0.0243323
23,240,0.58049,0.40369,0.40369,0.48627,0.935247
23,264,0.0117925,0.00521926,0.00521926,0.00915097,1.39334
23,288,0.000177313,6.73302e-5,6.73302e-5,0.000171915,0.151565
23,289,72.7813,60.6376,60.6376,54.8105,1.58259
23,290,201.41,189.595,189.595,168.627,0.938386
23,293,442.286,608.399,608.399,522.061,-0.737575
23,295,594.342,628.314,628.314,520.69,0.682763
23,312,45.4439,49.4803,49.4803,42.5222,0.331645
23,336,0.784073,0.651527,0.651527,0.796899,-0.0776901
23,360,0.0148215,0.00842643,0.00842643,0.0148911,-0.0225676
23,384,0.000278581,0.000109011,0.000109011,0.000278978,-0.00686727
23,385,54.5629,54.0267,54.0267,49.8965,0.451414
23,386,141.107,169.037,169.037,153.602,-0.392656
23,389,492.145,546.52,546.52,479.716,0.125058
23,391,525.19,566.697,566.697,480.439,0.449604
23,408,41.1891,44.9732,44.9732,39.789,0.169843
23,432,0.672281,0.588952,0.588952,0.748967,-0.494214
23,456,0.0154925,0.00756796,0.00756796,0.014076,0.485755
23,480,0.000263843,9.72078e-5,9.72078e-5,0.000264245,-0.00736032
23,481,43.2121,51.1087,51.1087,47.739,-0.457714
23,482,142.386,159.94,159.94,146.988,-0.151123
23,485,486.232,516.077,516.077,459.098,0.285283
23,487,414.794,537.052,537.052,460.563,-0.479682
23,504,37.3628,42.9668,42.9668,38.1533,-0.100002
23,528,0.897067,0.562209,0.562209,0.72714,1.12799
23,552,0.0161011,0.00722647,0.00722647,0.0138263,0.794166
23,576,0.00027343,9.27128e-5,9.27128e-5,0.000262713,0.196895
23,577,48.0965,49.4044,49.4044,46.4934,0.166429
23,578,126.318,154.621,154.621,143.164,-0.567961
23,581,441.22,499.375,499.375,446.989,-0.0622905
23,583,531.097,520.105,520.105,448.814,0.884926
23,600,38.2881,41.7437,41.7437,37.2483,0.134738
23,624,0.644325,0.555586,0.555586,0.705533,-0.418749
23,648,0.0149902,0.0072579,0.0072579,0.0133393,0.597413
24,0,0,0,0,0,0
24,1,881.815,357.901,357.901,882.99,-0.00642484
24,2,2109.87,488.458,488.458,2042.96,0.158081
24,5,2775.21,525.846,525.846,2933.44,-0.260362
24,7,1992.71,425.073,425.073,2446.29,-0.894985
24,24,133.337,23.8341,23.8341,147.373,-0.459712
24,48,1.88154,0.308393,0.308393,1.72074,0.451072
24,72,0.0231847,0.00394654,0.00394654,0.0173973,1.6057
25,0,0,0,0,0,0
25,1,458.986,357.901,357.901,373.58,1.10349
25,2,479.991,488.458,488.458,534.272,-0.490406
25,5,634.573,525.846,525.846,624.214,0.0801062
25,7,600.127,425.073,425.073,538.077,0.55662
25,24,44.1494,23.8341,23.8341,49.5497,-0.526063
25,48,0.899638,0.308393,0.308393,0.976282,-0.378934
25,72,0.0164468,0.00394654,0.00394654,0.0177459,-0.353348
25,96,0.000366341,5.03517e-5,5.03517e-5,0.000311437,0.850945
25,97,22.0034,24.1001,24.1001,21.6747,0.0731993
25,98,78.0139,76.4582,76.4582,71.8962,0.410715
25,101,340.834,248.84,248.84,266.264,1.35181
25,103,345.382,253.9,253.9,305.539,0.629427
25,120,48.6385,19.3367,19.3367,49.6898,-0.102132
25,144,1.21512,0.254802,0.254802,1.13339,0.348064
25,168,0.0200925,0.00329081,0.00329081,0.0213071,-0.275146
25,192,0.000426496,4.22091e-5,4.22091e-5,0.000383792,0.537083
25,193,39.0224,37.6706,37.6706,33.601,0.778806
25,194,121.532,118.91,118.91,110.791,0.467924
25,197,356.121,389.514,389.514,407.44,-0.607962
25,199,469.017,397.649,397.649,469.724,-0.00726428
25,216,84.4278,30.6898,30.6898,78.6007,0.357839
25,240,2.01677,0.40369,0.40369,1.81855,0.526114
25,264,0.0344592,0.00521926,0.00521926,0.0344183,0.00574173
25,288,0.000805864,6.73302e-5,6.73302e-5,0.000625498,1.39185
25,289,57.077,60.6376,60.6376,54.2205,0.25429
25,290,208.693,189.595,189.595,176.779,0.871373
25,293,741.336,608.399,608.399,639.845,0.765625
25,295,753.072,628.314,628.314,741.982,0.0721445
25,312,133.348,49.4803,49.4803,128.673,0.175341
25,336,2.91236,0.651527,0.651527,3.01277,-0.160872
25,360,0.0621153,0.00842643,0.00842643,0.0576318,0.375504
25,384,0.000850846,0.000109011,0.000109011,0.00105279,-0.925877
25,385,49.5231,54.0267,54.0267,48.6041,0.0912595
25,386,180.297,169.037,169.037,158.533,0.66265
25,389,591.197,546.52,546.52,575.936,0.127902
25,391,681.804,566.697,566.697,671.006,0.0776766
25,408,117.482,44.9732,44.9732,119.029,-0.0627345
25,432,2.57521,0.588952,0.588952,2.79622,-0.381502
25,456,0.0537108,0.00756796,0.00756796,0.0530689,0.0583779
25,480,0.000836595,9.72078e-5,9.72078e-5,0.000964603,-0.640548
25,481,42.0576,51.1087,51.1087,46.1644,-0.429397
25,482,161.256,159.94,159.94,150.593,0.341768
25,485,551.812,516.077,516.077,547.581,0.0372918
25,487,679.419,537.052,537.052,639.013,0.305205
25,504,123.966,42.9668,42.9668,114.218,0.411944
25,528,2.88354,0.562209,0.562209,2.68046,0.365696
25,552,0.0557695,0.00722647,0.00722647,0.0506345,0.489509
25,576,0.000996625,9.27128e-5,9.27128e-5,0.000915239,0.429219
25,577,45.6109,49.4044,49.4044,44.7526,0.0925719
25,578,153.637,154.621,154.621,145.996,0.252615
25,581,551.753,499.375,499.375,531.108,0.187627
25,583,668.507,520.105,520.105,620.216,0.375828
25,600,112.541,41.7437,41.7437,111.279,0.0547404
25,624,2.28346,0.555586,0.555586,2.6145,-0.61116
25,648,0.0554314,0.0072579,0.0072579,0.0493845,0.591026
26,0,0,0,0,0,0
26,1,589.685,357.901,357.901,536.279,0.480682
26,2,788.946,488.458,488.458,763.684,0.159668
26,5,685.893,525.846,525.846,858.19,-0.96908
26,7,683.308,425.073,425.073,720.241,-0.247513
26,24,51.0567,23.8341,23.8341,51.1385,-0.00771453
26,48,0.733445,0.308393,0.308393,0.686344,0.331244
26,72,0.00759364,0.00394654,0.00394654,0.0077227,-0.0806651
26,96,8.2133e-5,5.03517e-5,5.03517e-5,8.04563e-5,0.100589
26,97,37.7011,24.1001,24.1001,32.7274,0.733539
26,98,113.314,76.4582,76.4582,107.983,0.238287
26,101,337.652,248.84,248.84,391.514,-0.664052
26,103,470.02,253.9,253.9,441.359,0.313454
26,120,62.0236,19.3367,19.3367,59.2239,0.228175
26,144,1.09568,0.254802,0.254802,0.945683,0.765618
26,168,0.0110767,0.00329081,0.00329081,0.0113383,-0.111368
26,192,0.00011215,4.22091e-5,4.22091e-5,0.000122207,-0.397248
26,193,58.9019,37.6706,37.6706,49.3995,0.928483
26,194,161.631,118.91,118.91,162.013,-0.0113733
26,197,623.782,389.514,389.514,584.862,0.321201
26,199,663.459,397.649,397.649,663.081,0.00274588
26,216,87.2923,30.6898,30.6898,92.3184,-0.262787
26,240,1.81204,0.40369,0.40369,1.49585,1.02031
26,264,0.0202803,0.00521926,0.00521926,0.0179895,0.614656
26,288,0.00021539,6.73302e-5,6.73302e-5,0.000194013,0.531843
26,289,94.0356,60.6376,60.6376,78.3928,0.963172
26,290,221.268,189.595,189.595,254.178,-0.624966
26,293,1027.41,608.399,608.399,901.717,0.672849
26,295,1107.99,628.314,628.314,1029.37,0.368692
26,312,130.778,49.4803,49.4803,149.387,-0.601279
26,336,2.46891,0.651527,0.651527,2.45287,0.0315756
26,360,0.031045,0.00842643,0.00842643,0.029728,0.213825
27,0,0,0,0,0,0
27,1,252.842,357.901,357.901,230.829,0.460321
27,2,300.991,488.458,488.458,290.825,0.168719
27,5,306.079,525.846,525.846,300.047,0.0970325
27,7,268.313,425.073,425.073,231.803,0.760249
27,24,6.30472,23.8341,23.8341,7.91882,-0.983861
27,48,0.0363509,0.308393,0.308393,0.0546028,-1.61345
27,72,0.000198819,0.00394654,0.00394654,0.000376121,-2.27536
27,96,2.26641e-6,5.03517e-5,5.03517e-5,2.41419e-6,-0.295475
27,97,29.6529,24.1001,24.1001,22.6023,1.5057
27,98,83.0704,76.4582,76.4582,69.2715,0.961512
27,101,193.134,248.84,248.84,204.185,-0.261248
27,103,208.826,253.9,253.9,190.708,0.458567
27,120,7.60559,19.3367,19.3367,7.91529,-0.188858
27,144,0.0342212,0.254802,0.254802,0.0531256,-1.7176
27,168,0.000204439,0.00329081,0.00329081,0.000355271,-2.04926
27,192,3.02096e-6,4.22091e-5,4.22091e-5,2.27367e-6,1.58644
27,193,43.7448,37.6706,37.6706,36.8262,0.906829
27,194,126.536,118.91,118.91,112.394,0.607323
27,197,390.888,389.514,389.514,332.403,0.84927
27,199,331.065,397.649,397.649,312.136,0.292716
27,216,13.1546,30.6898,30.6898,13.1049,0.01833
27,240,0.0600988,0.40369,0.40369,0.088077,-1.53328
27,264,0.000315959,0.00521926,0.00521926,0.000589966,-2.24181
27,288,2.32285e-6,6.73302e-5,6.73302e-5,3.86402e-6,-1.9252
27,289,58.5432,60.6376,60.6376,62.4466,-0.301715
27,290,203.393,189.595,189.595,188.984,0.368018
27,293,565.337,608.399,608.399,554.367,0.0955179
27,295,542.237,628.314,628.314,523.767,0.170212
27,312,20.7876,49.4803,49.4803,22.3017,-0.327701
27,336,0.111574,0.651527,0.651527,0.151925,-1.282
27,360,0.000513079,0.00842643,0.00842643,0.00102666,-2.41461
27,384,7.42731e-6,0.000109011,0.000109011,6.86412e-6,0.39603
27,385,65.2597,54.0267,54.0267,58.4509,0.56227
27,386,174.201,169.037,169.037,177,-0.0763307
27,389,563.582,546.52,546.52,521.253,0.39197
27,391,548.974,566.697,566.697,495.487,0.521054
27,408,20.5438,44.9732,44.9732,21.1668,-0.142062
27,432,0.106381,0.588952,0.588952,0.139782,-1.15338
27,456,0.000484897,0.00756796,0.00756796,0.000928969,-2.30736
27,480,1.3598e-5,9.72078e-5,9.72078e-5,6.26961e-6,5.64197
27,481,66.7862,51.1087,51.1087,56.7984,0.848779
27,482,173.889,159.94,159.94,172.026,0.0522822
27,485,625.834,516.077,516.077,507.83,1.12161
27,487,469.697,537.052,537.052,483.078,-0.133703
27,504,23.2096,42.9668,42.9668,20.7579,0.570096
27,528,0.095242,0.562209,0.562209,0.140337,-1.55103
27,552,0.000467655,0.00722647,0.00722647,0.000934155,-2.41044
27,576,6.98622e-6,9.27128e-5,9.27128e-5,6.14657e-6,0.65937
27,577,64.7941,49.4044,49.4044,55.8737,0.770623
27,578,188.058,154.621,154.621,169.237,0.536812
27,581,483.357,499.375,499.375,500.059,-0.161222
27,583,496.255,520.105,520.105,475.902,0.206436
27,600,18.7602,41.7437,41.7437,20.4637,-0.401821
27,624,0.108957,0.555586,0.555586,0.139628,-1.06028
27,648,0.00045639,0.0072579,0.0072579,0.000945119,-2.496
28,0,0,0,0,0,0
28,1,232.88,357.901,357.901,206.936,0.605165
28,2,241.445,488.458,488.458,267.715,-0.473627
28,5,272.435,525.846,525.846,281.193,-0.15033
28,7,227.043,425.073,425.073,223.8,0.0699336
28,24,11.1676,23.8341,23.8341,13.1165,-0.717217
28,48,0.218735,0.308393,0.308393,0.212894,0.132436
28,72,0.00293224,0.00394654,0.00394654,0.0034469,-0.720698
28,96,4.8198e-5,5.03517e-5,5.03517e-5,5.49595e-5,-0.593837
28,97,19.7474,24.1001,24.1001,16.6818,0.887044
28,98,49.6245,76.4582,76.4582,51.1709,-0.145866
28,101,168.244,248.84,248.84,152.904,0.484256
28,103,123.624,253.9,253.9,145.68,-0.730774
28,120,10.7934,19.3367,19.3367,9.7865,0.496612
28,144,0.189363,0.254802,0.254802,0.154478,1.09004
28,168,0.00253596,0.00329081,0.00329081,0.00244881,0.171772
28,192,4.17485e-5,4.22091e-5,4.22091e-5,3.87474e-5,0.373861
28,193,29.1084,37.6706,37.6706,27.185,0.341526
28,194,81.1979,118.91,118.91,83.0384,-0.106984
28,197,287.088,389.514,389.514,249.01,0.738109
28,199,221.144,397.649,397.649,238.135,-0.34438
28,216,18.7993,30.6898,30.6898,16.0784,0.816825
28,240,0.268013,0.40369,0.40369,0.256302,0.220549
28,264,0.00449781,0.00521926,0.00521926,0.00404093,0.545728
28,288,7.6038e-5,6.73302e-5,6.73302e-5,6.39161e-5,0.915432
28,289,45.5738,60.6376,60.6376,45.4816,0.00978404
28,290,150.144,189.595,189.595,137.815,0.431803
28,293,356.157,608.399,608.399,410.402,-0.637989
28,295,431.344,628.314,628.314,394.868,0.445874
28,312,25.4774,49.4803,49.4803,27.0397,-0.278877
28,336,0.442734,0.651527,0.651527,0.433162,0.10667
28,360,0.00733377,0.00842643,0.00842643,0.00693395,0.278319
28,384,0.000117635,0.000109011,0.000109011,0.000111006,0.288225
28,385,48.5674,54.0267,54.0267,41.8878,0.769721
28,386,154.846,169.037,169.037,127.005,1.05812
28,389,379.892,546.52,546.52,380.533,-0.00813507
28,391,326.697,566.697,566.697,367.056,-0.530727
28,408,25.5092,44.9732,44.9732,25.1905,0.0610629
28,432,0.364947,0.588952,0.588952,0.399053,-0.412535
28,456,0.00679936,0.00756796,0.00756796,0.00632133,0.36501
28,480,0.000103398,9.72078e-5,9.72078e-5,0.000100015,0.163257
28,481,41.9072,51.1087,51.1087,40.3422,0.187248
28,482,147.839,159.94,159.94,122.341,1.00603
28,485,403.413,516.077,516.077,366.511,0.485992
28,487,340.747,537.052,537.052,354.16,-0.182804
28,504,28.9125,42.9668,42.9668,24.3379,0.907273
28,528,0.426801,0.562209,0.562209,0.385472,0.517521
28,552,0.00608135,0.00722647,0.00722647,0.00610963,-0.0223451
28,576,8.83048e-5,9.27128e-5,9.27128e-5,9.66584e-5,-0.417153
28,577,37.8935,49.4044,49.4044,39.4572,-0.191282
28,578,135.045,154.621,154.621,119.666,0.620316
28,581,409.051,499.375,499.375,360.089,0.656313
28,583,321.141,520.105,520.105,347.942,-0.371801
28,600,24.4573,41.7437,41.7437,24.0086,0.0902081
28,624,0.401839,0.555586,0.555586,0.382772,0.240437
28,648,0.00672025,0.0072579,0.0072579,0.00610188,0.489152
29,0,0,0,0,0,0
29,1,404.975,357.901,357.901,322.483,1.23472
29,2,536.462,488.458,488.458,523.873,0.115991
29,5,429.248,525.846,525.846,568.972,-1.18534
29,7,397.36,425.073,425.073,437.67,-0.444568
29,24,9.09086,23.8341,23.8341,15.2297,-1.94563
29,48,0.0352357,0.308393,0.308393,0.0964794,-3.06401
29,72,0.000214651,0.00394654,0.00394654,0.000596869,-3.09098
29,96,2.5117e-6,5.03517e-5,5.03517e-5,3.73747e-6,-1.58305
29,97,23.3916,24.1001,24.1001,24.309,-0.182165
29,98,67.4966,76.4582,76.4582,76.3488,-0.559643
29,101,228.607,248.84,248.84,238.872,-0.207409
29,103,208.745,253.9,253.9,234.645,-0.532791
29,120,9.92939,19.3367,19.3367,11.6909,-0.727292
29,144,0.0497714,0.254802,0.254802,0.0751396,-1.62961
29,168,0.000213836,0.00329081,0.00329081,0.000466758,-2.61552
29,192,8.12297e-6,4.22091e-5,4.22091e-5,2.94917e-6,8.46786
29,193,41.7879,37.6706,37.6706,35.0225,0.932426
29,194,118.805,118.91,118.91,109.434,0.413331
29,197,337.434,389.514,389.514,344.172,-0.094498
29,199,326.21,397.649,397.649,338.034,-0.168831
29,216,13.1469,30.6898,30.6898,17.0761,-1.11067
29,240,0.0740889,0.40369,0.40369,0.109924,-1.57355
29,264,0.000289576,0.00521926,0.00521926,0.000691859,-2.80659
29,288,2.91815e-6,6.73302e-5,6.73302e-5,4.65671e-6,-1.80208
29,289,61.8079,60.6376,60.6376,51.5636,0.958974
29,290,199.177,189.595,189.595,159.571,1.19805
29,293,538.689,608.399,608.399,494.572,0.430562
29,295,618.205,628.314,628.314,490.714,1.25405
29,312,22.4673,49.4803,49.4803,25.0893,-0.504445
29,336,0.12034,0.651527,0.651527,0.161663,-1.2338
29,360,0.00046136,0.00842643,0.00842643,0.00100548,-2.61208
29,384,3.3248e-6,0.000109011,0.000109011,6.32186e-6,-2.28831
29,385,54.2318,54.0267,54.0267,41.8227,1.43217
29,386,161.436,169.037,169.037,129.576,1.18681
29,389,507.419,546.52,546.52,403.158,1.24828
29,391,484.428,566.697,566.697,404.441,0.954623
29,408,22.9093,44.9732,44.9732,21.2771,0.370274
29,432,0.10961,0.588952,0.588952,0.137266,-0.972526
29,456,0.000448125,0.00756796,0.00756796,0.000845406,-2.26828
29,480,5.44703e-6,9.72078e-5,9.72078e-5,5.15449e-6,0.273945
29,481,51.4649,51.1087,51.1087,37.3848,1.81793
29,482,175.466,159.94,159.94,115.871,2.4826
29,485,486.08,516.077,516.077,362.27,1.64962
29,487,407.788,537.052,537.052,364.397,0.574768
29,504,21.8682,42.9668,42.9668,19.5245,0.579416
29,528,0.101946,0.562209,0.562209,0.126064,-0.923437
29,552,0.000460364,0.00722647,0.00722647,0.000789304,-2.01157
29,576,4.48426e-6,9.27128e-5,9.27128e-5,4.95952e-6,-0.462553
29,577,44.2277,49.4044,49.4044,34.6915,1.32684
29,578,119.814,154.621,154.621,107.543,0.550738
29,581,487.51,499.375,499.375,336.611,2.16383
29,583,466.236,520.105,520.105,339.203,1.80768
29,600,17.7,41.7437,41.7437,18.2134,-0.136076
29,624,0.10168,0.555586,0.555586,0.117665,-0.655742
29,648,0.00044605,0.0072579,0.0072579,0.000729889,-1.87707
30,0,0,0,0,0,0
30,1,210.789,357.901,357.901,240.244,-0.591784
30,2,318.739,488.458,488.458,316.213,0.0385495
30,5,393.727,525.846,525.846,365.849,0.367808
30,7,293.454,425.073,425.073,312.631,-0.296075
30,24,26.9644,23.8341,23.8341,24.6107,0.46163
30,48,0.429397,0.308393,0.308393,0.462092,-0.341517
30,72,0.00879509,0.00394654,0.00394654,0.00849836,0.168537
30,96,0.000171412,5.03517e-5,5.03517e-5,0.000154044,0.544233
30,97,21.9461,24.1001,24.1001,20.122,0.43755
30,98,76.1073,76.4582,76.4582,64.8763,0.835595
30,101,199.105,248.84,248.84,221.631,-0.49058
30,103,213.387,253.9,253.9,237.132,-0.483328
30,120,28.4556,19.3367,19.3367,25.4028,0.580058
30,144,0.536644,0.254802,0.254802,0.488581,0.474828
30,168,0.00895244,0.00329081,0.00329081,0.00909715,-0.0767825
30,192,0.000197633,4.22091e-5,4.22091e-5,0.000169504,0.801006
30,193,39.898,37.6706,37.6706,33.4006,0.938953
30,194,124.214,118.91,118.91,107.134,0.769566
30,197,359.236,389.514,389.514,364.254,-0.0665039
30,199,402.281,397.649,397.649,392.09,0.125451
30,216,50.0402,30.6898,30.6898,42.6507,0.836285
30,240,0.820227,0.40369,0.40369,0.825892,-0.0331083
30,264,0.0179317,0.00521926,0.00521926,0.0155118,0.753015
30,288,0.00031712,6.73302e-5,6.73302e-5,0.000290504,0.44224
30,289,62.534,60.6376,60.6376,57.5052,0.42211
30,290,180.633,189.595,189.595,182.623,-0.0525937
30,293,612.957,608.399,608.399,614.381,-0.0111872
30,295,633.401,628.314,628.314,665.127,-0.230234
30,312,81.2347,49.4803,49.4803,73.8286,0.484204
30,336,1.44508,0.651527,0.651527,1.42478,0.0687601
30,360,0.0283892,0.00842643,0.00842643,0.0266874,0.307802
30,384,0.000475247,0.000109011,0.000109011,0.000499086,-0.230555
30,385,55.7121,54.0267,54.0267,54.4853,0.108676
30,386,203.036,169.037,169.037,173.091,0.835044
30,389,552.515,546.52,546.52,591.631,-0.319127
30,391,718.264,566.697,566.697,638.896,0.599621
30,408,70.9856,44.9732,44.9732,71.3247,-0.0229525
30,432,1.31839,0.588952,0.588952,1.38799,-0.24204
30,456,0.0233976,0.00756796,0.00756796,0.0261285,-0.504496
30,480,0.000557448,9.72078e-5,9.72078e-5,0.000491727,0.645124
30,481,55.1361,51.1087,51.1087,53.2497,0.170997
30,482,179.544,159.94,159.94,169.18,0.295671
30,485,534.885,516.077,516.077,577.865,-0.359009
30,487,729.169,537.052,537.052,624.795,0.806341
30,504,77.3774,42.9668,42.9668,69.952,0.512372
30,528,1.34712,0.562209,0.562209,1.36599,-0.0666964
30,552,0.0259324,0.00722647,0.00722647,0.0256989,0.0438572
30,576,0.000494363,9.27128e-5,9.27128e-5,0.000483412,0.109345
30,577,49.1702,49.4044,49.4044,52.568,-0.311984
30,578,179.403,154.621,154.621,167.02,0.357875
30,581,593.828,499.375,499.375,570.331,0.19886
30,583,606.763,520.105,520.105,616.966,-0.0798242
30,600,72.4121,41.7437,41.7437,69.1516,0.227588
30,624,1.38582,0.555586,0.555586,1.34441,0.148668
30,648,0.026799,0.0072579,0.0072579,0.0253282,0.280309