id,time,y1,popPred_medianCOV,popPred,indivPred_SAEM,indWRes_SAEM
1,0,0,0,0,0,0
1,1,3.61044,3.65553,3.65553,3.37925,0.403457
1,2,5.48312,6.11602,6.11602,5.29659,0.207676
1,5,4.52307,5.98162,5.98162,3.9727,0.816971
1,7,1.31497,2.70994,2.70994,1.27893,0.166168
1,24,9.15273e-5,0.00323713,0.00323713,8.37189e-5,0.550021
1,48,1.02502e-10,2.42021e-7,2.42021e-7,1.03745e-10,-0.0706202
1,72,1.00074e-16,1.80945e-11,1.80945e-11,1.28561e-16,-0.128293
1,96,1.54e-22,1.35282e-15,1.35282e-15,1.59312e-22,-2.3925e-8
1,97,19.1167,18.2777,18.2777,16.8962,0.775007
1,98,33.5042,30.5801,30.5801,26.483,1.56346
1,101,25.1415,29.9081,29.9081,19.8635,1.56694
1,103,8.44513,13.5497,13.5497,6.39467,1.89093
1,120,0.000496886,0.0161856,0.0161856,0.000418594,1.10297
1,144,5.89711e-10,1.21011e-6,1.21011e-6,5.18723e-10,0.807026
1,168,6.21394e-16,9.04727e-11,9.04727e-11,6.42803e-16,-0.0964146
1,192,8.58556e-22,6.76412e-15,6.76412e-15,7.96562e-22,2.79195e-7
1,193,45.1344,36.5553,36.5553,33.7925,1.97929
1,194,57.4334,61.1602,61.1602,52.9659,0.497401
1,197,42.0356,59.8162,59.8162,39.727,0.342694
1,199,15.1935,27.0994,27.0994,12.7893,1.10856
1,216,0.00103117,0.0323713,0.0323713,0.000837189,1.36641
1,240,1.33165e-9,2.42021e-6,2.42021e-6,1.03745e-9,1.67236
1,264,1.4362e-15,1.80945e-10,1.80945e-10,1.28561e-15,0.678212
1,288,1.72623e-21,1.35282e-14,1.35282e-14,1.59312e-21,5.99454e-7
1,289,42.9866,36.5553,36.5553,33.7925,1.60447
1,290,55.2668,61.1602,61.1602,52.9659,0.256175
1,293,36.7615,59.8162,59.8162,39.727,-0.440204
1,295,12.1328,27.0994,27.0994,12.7893,-0.302711
1,312,0.000914937,0.0323713,0.0323713,0.000837189,0.547653
1,336,1.25912e-9,2.42021e-6,2.42021e-6,1.03745e-9,1.26003
1,360,1.17763e-15,1.80945e-10,1.80945e-10,1.28561e-15,-0.486298
1,384,1.49257e-21,1.35282e-14,1.35282e-14,1.59312e-21,-4.52851e-7
1,385,46.6923,36.5553,36.5553,33.7925,2.25116
1,386,58.666,61.1602,61.1602,52.9659,0.634638
1,389,48.5383,59.8162,59.8162,39.727,1.30796
1,391,13.4218,27.0994,27.0994,12.7893,0.291636
1,408,0.000885454,0.0323713,0.0323713,0.000837189,0.339981
1,432,1.01118e-9,2.42021e-6,2.42021e-6,1.03745e-9,-0.149327
1,456,1.2715e-15,1.80945e-10,1.80945e-10,1.28561e-15,-0.063509
1,480,1.72383e-21,1.35282e-14,1.35282e-14,1.59312e-21,5.88636e-7
1,481,39.9883,36.5553,36.5553,33.7925,1.08125
1,482,67.7553,61.1602,61.1602,52.9659,1.64663
1,485,43.2349,59.8162,59.8162,39.727,0.52071
1,487,14.563,27.0994,27.0994,12.7893,0.817821
1,504,0.000842321,0.0323713,0.0323713,0.000837189,0.0361533
1,528,1.17226e-9,2.42021e-6,2.42021e-6,1.03745e-9,0.766312
1,552,1.26595e-15,1.80945e-10,1.80945e-10,1.28561e-15,-0.0885334
1,576,1.49415e-21,1.35282e-14,1.35282e-14,1.59312e-21,-4.45748e-7
1,577,40.1671,36.5553,36.5553,33.7925,1.11245
1,578,54.4858,61.1602,61.1602,52.9659,0.169218
1,581,49.883,59.8162,59.8162,39.727,1.50756
1,583,13.8764,27.0994,27.0994,12.7893,0.501237
1,600,0.000974244,0.0323713,0.0323713,0.000837189,0.965414
1,624,1.00728e-9,2.42021e-6,2.42021e-6,1.03745e-9,-0.171468
1,648,1.23666e-15,1.80945e-10,1.80945e-10,1.28561e-15,-0.220452
2,0,0,0,0,0,0
2,1,3.67146,3.65553,3.65553,3.19599,0.877329
2,2,5.96966,6.11602,6.11602,4.79713,1.44141
2,5,3.62612,5.98162,5.98162,3.00646,1.21546
2,7,0.889011,2.70994,2.70994,0.754573,1.05066
2,24,5.71937e-6,0.00323713,0.00323713,5.95237e-6,-0.230838
2,48,3.90632e-13,2.42021e-7,2.42021e-7,3.7191e-13,0.296853
2,72,2.16304e-20,1.80945e-11,1.80945e-11,2.32374e-20,-7.23718e-6
2,96,1.10671e-27,1.35282e-15,1.35282e-15,1.4519e-27,-1.5546e-12
2,97,18.4959,18.2777,18.2777,15.9799,0.928457
2,98,33.8731,30.5801,30.5801,23.9856,2.43096
2,101,19.0006,29.9081,29.9081,15.0323,1.55677
2,103,4.18879,13.5497,13.5497,3.77287,0.650105
2,120,3.06962e-5,0.0161856,0.0161856,2.97618e-5,0.18513
2,144,1.8525e-12,1.21011e-6,1.21011e-6,1.85955e-12,-0.0223576
2,168,1.02597e-19,9.04727e-11,9.04727e-11,1.16187e-19,-6.12023e-5
2,192,5.16125e-27,6.76412e-15,6.76412e-15,7.25948e-27,-9.44958e-12
2,193,35.6441,36.5553,36.5553,31.9599,0.67979
2,194,60.882,61.1602,61.1602,47.9713,1.58712
2,197,37.2881,59.8162,59.8162,30.0646,1.41688
2,199,8.1941,27.0994,27.0994,7.54573,0.506714
2,216,6.92524e-5,0.0323713,0.0323713,5.95237e-5,0.963849
2,240,3.44291e-12,2.42021e-6,2.42021e-6,3.7191e-12,-0.437951
2,264,2.36027e-19,1.80945e-10,1.80945e-10,2.32374e-19,1.64526e-5
2,288,1.16177e-26,1.35282e-14,1.35282e-14,1.4519e-26,-1.30663e-11
2,289,41.5392,36.5553,36.5553,31.9599,1.76755
2,290,53.1541,61.1602,61.1602,47.9713,0.637132
2,293,35.3263,59.8162,59.8162,30.0646,1.03208
2,295,6.37602,27.0994,27.0994,7.54573,-0.91415
2,312,7.84656e-5,0.0323713,0.0323713,5.95237e-5,1.87662
2,336,3.70261e-12,2.42021e-6,2.42021e-6,3.7191e-12,-0.0261514
2,360,2.44197e-19,1.80945e-10,1.80945e-10,2.32374e-19,5.32482e-5
2,384,1.14098e-26,1.35282e-14,1.35282e-14,1.4519e-26,-1.40022e-11
2,385,34.6543,36.5553,36.5553,31.9599,0.497159
2,386,55.3963,61.1602,61.1602,47.9713,0.912767
2,389,34.2692,59.8162,59.8162,30.0646,0.824732
2,391,8.62419,27.0994,27.0994,7.54573,0.842837
2,408,6.09613e-5,0.0323713,0.0323713,5.95237e-5,0.142425
2,432,3.14004e-12,2.42021e-6,2.42021e-6,3.7191e-12,-0.91818
2,456,2.1304e-19,1.80945e-10,1.80945e-10,2.32374e-19,-8.70697e-5
2,480,1.05397e-26,1.35282e-14,1.35282e-14,1.4519e-26,-1.7921e-11
2,481,30.5987,36.5553,36.5553,31.9599,-0.251158
2,482,55.4224,61.1602,61.1602,47.9713,0.915976
2,485,35.8324,59.8162,59.8162,30.0646,1.13135
2,487,9.99982,27.0994,27.0994,7.54573,1.91792
2,504,5.72207e-5,0.0323713,0.0323713,5.95237e-5,-0.228159
2,528,4.00446e-12,2.42021e-6,2.42021e-6,3.7191e-12,0.452474
2,552,1.97525e-19,1.80945e-10,1.80945e-10,2.32374e-19,-0.000156945
2,576,1.46474e-26,1.35282e-14,1.35282e-14,1.4519e-26,5.78606e-13
2,577,34.5638,36.5553,36.5553,31.9599,0.480461
2,578,59.7917,61.1602,61.1602,47.9713,1.45309
2,581,38.0601,59.8162,59.8162,30.0646,1.56831
2,583,7.54852,27.0994,27.0994,7.54573,0.00218045
2,600,6.22956e-5,0.0323713,0.0323713,5.95237e-5,0.274624
2,624,3.59886e-12,2.42021e-6,2.42021e-6,3.7191e-12,-0.190664
2,648,2.01956e-19,1.80945e-10,1.80945e-10,2.32374e-19,-0.000136991
3,0,0,0,0,0,0
3,1,3.07185,3.65553,3.65553,3.12911,-0.10792
3,2,5.04536,6.11602,6.11602,4.62333,0.538304
3,5,2.85961,5.98162,5.98162,2.71116,0.322889
3,7,0.762261,2.70994,2.70994,0.618216,1.37404
3,24,2.30167e-6,0.00323713,0.00323713,2.15782e-6,0.393143
3,48,3.54676e-14,2.42021e-7,2.42021e-7,4.26421e-14,-0.992186
3,72,7.53352e-22,1.80945e-11,1.80945e-11,8.42677e-22,-4.02286e-7
3,96,1.47377e-29,1.35282e-15,1.35282e-15,1.66527e-29,-8.62434e-15
3,97,17.0764,18.2777,18.2777,15.6456,0.53932
3,98,26.9982,30.5801,30.5801,23.1166,0.990209
3,101,19.0645,29.9081,29.9081,13.5558,2.39642
3,103,3.81721,13.5497,13.5497,3.09108,1.3853
3,120,1.09212e-5,0.0161856,0.0161856,1.07891e-5,0.0722301
3,144,1.74316e-13,1.21011e-6,1.21011e-6,2.1321e-13,-1.07578
3,168,3.45883e-21,9.04727e-11,9.04727e-11,4.21339e-21,-3.39822e-6
3,192,6.47103e-29,6.76412e-15,6.76412e-15,8.32635e-29,-8.3556e-14
3,193,32.7411,36.5553,36.5553,31.2911,0.273255
3,194,49.6768,61.1602,61.1602,46.2333,0.439227
3,197,35.8404,59.8162,59.8162,27.1116,1.89863
3,199,8.38661,27.0994,27.0994,6.18216,2.10281
3,216,2.30948e-5,0.0323713,0.0323713,2.15782e-5,0.414478
3,240,3.5932e-13,2.42021e-6,2.42021e-6,4.26421e-13,-0.927959
3,264,7.57644e-21,1.80945e-10,1.80945e-10,8.42677e-21,-3.82956e-6
3,288,1.38086e-28,1.35282e-14,1.35282e-14,1.66527e-28,-1.28086e-13
3,289,35.8752,36.5553,36.5553,31.2911,0.863927
3,290,54.2663,61.1602,61.1602,46.2333,1.02463
3,293,28.8452,59.8162,59.8162,27.1116,0.377083
3,295,6.35578,27.0994,27.0994,6.18216,0.165612
3,312,2.5319e-5,0.0323713,0.0323713,2.15782e-5,1.02234
3,336,3.97528e-13,2.42021e-6,2.42021e-6,4.26421e-13,-0.399567
3,360,6.84286e-21,1.80945e-10,1.80945e-10,8.42677e-21,-7.13333e-6
3,384,1.52981e-28,1.35282e-14,1.35282e-14,1.66527e-28,-6.10049e-14
3,385,36.3819,36.5553,36.5553,31.2911,0.959408
3,386,63.4973,61.1602,61.1602,46.2333,2.20206
3,389,29.1143,59.8162,59.8162,27.1116,0.435623
3,391,6.91748,27.0994,27.0994,6.18216,0.701417
3,408,2.46626e-5,0.0323713,0.0323713,2.15782e-5,0.842947
3,432,4.36857e-13,2.42021e-6,2.42021e-6,4.26421e-13,0.14433
3,456,7.52364e-21,1.80945e-10,1.80945e-10,8.42677e-21,-4.06735e-6
3,480,1.34916e-28,1.35282e-14,1.35282e-14,1.66527e-28,-1.42362e-13
3,481,33.6424,36.5553,36.5553,31.2911,0.443115
3,482,58.7752,61.1602,61.1602,46.2333,1.59975
3,485,34.3368,59.8162,59.8162,27.1116,1.57157
3,487,7.20462,27.0994,27.0994,6.18216,0.97532
3,504,2.3717e-5,0.0323713,0.0323713,2.15782e-5,0.584509
3,528,4.65334e-13,2.42021e-6,2.42021e-6,4.26421e-13,0.538144
3,552,7.60433e-21,1.80945e-10,1.80945e-10,8.42677e-21,-3.70397e-6
3,576,1.6053e-28,1.35282e-14,1.35282e-14,1.66527e-28,-2.70073e-14
3,577,36.8239,36.5553,36.5553,31.2911,1.04271
3,578,45.1348,61.1602,61.1602,46.2333,-0.140113
3,581,28.7684,59.8162,59.8162,27.1116,0.360365
3,583,7.93805,27.0994,27.0994,6.18216,1.67493
3,600,2.22433e-5,0.0323713,0.0323713,2.15782e-5,0.181767
3,624,4.08351e-13,2.42021e-6,2.42021e-6,4.26421e-13,-0.249888
3,648,7.88184e-21,1.80945e-10,1.80945e-10,8.42677e-21,-2.45417e-6
4,0,0,0,0,0,0
4,1,4.4491,3.65553,3.65553,3.87633,0.871362
4,2,8.80558,6.11602,6.11602,6.83045,1.70525
4,5,8.97163,5.98162,5.98162,8.22861,0.532494
4,7,5.11251,2.70994,2.70994,4.77902,0.411515
4,24,0.0535031,0.00323713,0.00323713,0.0471456,0.795217
4,48,7.33125e-5,2.42021e-7,2.42021e-7,6.94361e-5,0.329213
4,72,9.09006e-8,1.80945e-11,1.80945e-11,1.02266e-7,-0.655367
4,96,1.40461e-10,1.35282e-15,1.35282e-15,1.50617e-10,-0.397665
4,97,18.2179,18.2777,18.2777,19.3817,-0.354088
4,98,36.1434,30.5801,30.5801,34.1522,0.343825
4,101,45.0325,29.9081,29.9081,41.1431,0.557479
4,103,31.1307,13.5497,13.5497,23.8951,1.7857
4,120,0.232284,0.0161856,0.0161856,0.235728,-0.0861526
4,144,0.000345432,1.21011e-6,1.21011e-6,0.000347181,-0.0297103
4,168,5.25029e-7,9.04727e-11,9.04727e-11,5.11329e-7,0.158003
4,192,6.56814e-10,6.76412e-15,6.76412e-15,7.53086e-10,-0.753869
4,193,48.0868,36.5553,36.5553,38.7633,1.4184
4,194,83.4465,61.1602,61.1602,68.3045,1.30731
4,197,93.6081,59.8162,59.8162,82.2861,0.811404
4,199,52.5648,27.0994,27.0994,47.7902,0.589171
4,216,0.562872,0.0323713,0.0323713,0.471456,1.14347
4,240,0.00080396,2.42021e-6,2.42021e-6,0.000694361,0.930811
4,264,1.13344e-6,1.80945e-10,1.80945e-10,1.02266e-6,0.638841
4,288,1.64492e-9,1.35282e-14,1.35282e-14,1.50617e-9,0.543246
4,289,82.6108,73.1107,73.1107,77.5267,0.386729
4,290,142.125,122.32,122.32,136.609,0.238125
4,293,195.08,119.632,119.632,164.572,1.09317
4,295,98.6898,54.1988,54.1988,95.5804,0.191848
4,312,1.06197,0.0647425,0.0647425,0.942912,0.744602
4,336,0.00142269,4.84043e-6,4.84043e-6,0.00138872,0.144256
4,360,1.66374e-6,3.61891e-10,3.61891e-10,2.04531e-6,-1.10017
4,384,3.32154e-9,2.70565e-14,2.70565e-14,3.01234e-9,0.605307
4,385,85.5116,73.1107,73.1107,77.5267,0.607381
4,386,165.349,122.32,122.32,136.609,1.24064
4,389,164.245,119.632,119.632,164.572,-0.011725
4,391,102.12,54.1988,54.1988,95.5804,0.403476
4,408,1.15025,0.0647425,0.0647425,0.942912,1.29672
4,432,0.00150676,4.84043e-6,4.84043e-6,0.00138872,0.501232
4,456,1.80559e-6,3.61891e-10,3.61891e-10,2.04531e-6,-0.691189
4,480,2.90586e-9,2.70565e-14,2.70565e-14,3.01234e-9,-0.208467
4,481,88.4052,73.1107,73.1107,77.5267,0.827486
4,482,191.289,122.32,122.32,136.609,2.36042
4,485,146.549,119.632,119.632,164.572,-0.645847
4,487,110.255,54.1988,54.1988,95.5804,0.905402
4,504,0.883455,0.0647425,0.0647425,0.942912,-0.371852
4,528,0.00152092,4.84043e-6,4.84043e-6,0.00138872,0.561369
4,552,1.8113e-6,3.61891e-10,3.61891e-10,2.04531e-6,-0.674714
4,576,2.78961e-9,2.70565e-14,2.70565e-14,3.01234e-9,-0.436039
4,577,97.8043,73.1107,73.1107,77.5267,1.54244
4,578,161.09,122.32,122.32,136.609,1.05681
4,581,187.245,119.632,119.632,164.572,0.812453
4,583,111.806,54.1988,54.1988,95.5804,1.00107
4,600,1.20147,0.0647425,0.0647425,0.942912,1.61707
4,624,0.00120787,4.84043e-6,4.84043e-6,0.00138872,-0.767963
4,648,2.27989e-6,3.61891e-10,3.61891e-10,2.04531e-6,0.676331
5,0,0,0,0,0,0
5,1,3.88406,3.65553,3.65553,3.35913,0.921536
5,2,7.0642,6.11602,6.11602,5.24008,2.05285
5,5,4.5928,5.98162,5.98162,3.8542,1.13009
5,7,1.38539,2.70994,2.70994,1.20847,0.863333
5,24,6.0873e-5,0.00323713,0.00323713,6.32123e-5,-0.218235
5,48,6.10708e-11,2.42021e-7,2.42021e-7,5.70721e-11,0.41318
5,72,4.50042e-17,1.80945e-11,1.80945e-11,5.15282e-17,-0.0293818
5,96,3.74618e-23,1.35282e-15,1.35282e-15,4.65229e-23,-4.08079e-8
5,97,19.0376,18.2777,18.2777,16.7957,0.787168
5,98,33.2606,30.5801,30.5801,26.2004,1.58909
5,101,20.2036,29.9081,29.9081,19.271,0.28538
5,103,7.10499,13.5497,13.5497,6.04236,1.0371
5,120,0.000349456,0.0161856,0.0161856,0.000316062,0.623073
5,144,2.66923e-10,1.21011e-6,1.21011e-6,2.8536e-10,-0.381018
5,168,3.07487e-16,9.04727e-11,9.04727e-11,2.57641e-16,0.224484
5,192,1.97063e-22,6.76412e-15,6.76412e-15,2.32615e-22,-1.60111e-7
5,193,43.8217,36.5553,36.5553,33.5913,1.796
5,194,64.5255,61.1602,61.1602,52.4008,1.3645
5,197,43.6471,59.8162,59.8162,38.542,0.781098
5,199,13.0583,27.0994,27.0994,12.0847,0.475074
5,216,0.000655044,0.0323713,0.0323713,0.000632123,0.213825
5,240,6.07506e-10,2.42021e-6,2.42021e-6,5.70721e-10,0.3801
5,264,4.36111e-16,1.80945e-10,1.80945e-10,5.15282e-16,-0.356554
5,288,2.74369e-22,1.35282e-14,1.35282e-14,4.65229e-22,-8.59557e-7
5,289,77.3395,73.1107,73.1107,67.1826,0.89155
5,290,122.421,122.32,122.32,104.802,0.99141
5,293,89.5091,119.632,119.632,77.0841,0.950548
5,295,35.0028,54.1988,54.1988,24.1694,2.64325
5,312,0.00155751,0.0647425,0.0647425,0.00126425,1.36793
5,336,1.28278e-9,4.84043e-6,4.84043e-6,1.14144e-9,0.730232
5,360,8.80904e-16,3.61891e-10,3.61891e-10,1.03056e-15,-0.674013
5,384,6.75107e-22,2.70565e-14,2.70565e-14,9.30459e-22,-1.15e-6
5,385,83.5922,73.1107,73.1107,67.1826,1.4404
5,386,117.6,122.32,122.32,104.802,0.720162
5,389,92.5413,119.632,119.632,77.0841,1.18252
5,391,33.1736,54.1988,54.1988,24.1694,2.19694
5,408,0.0013853,0.0647425,0.0647425,0.00126425,0.564666
5,432,1.10614e-9,4.84043e-6,4.84043e-6,1.14144e-9,-0.182377
5,456,8.16966e-16,3.61891e-10,3.61891e-10,1.03056e-15,-0.961962
5,480,7.38677e-22,2.70565e-14,2.70565e-14,9.30459e-22,-8.63708e-7
5,481,72.4493,73.1107,73.1107,67.1826,0.462298
5,482,125.42,122.32,122.32,104.802,1.16017
5,485,95.4395,119.632,119.632,77.0841,1.40424
5,487,31.6579,54.1988,54.1988,24.1694,1.82712
5,504,0.00128002,0.0647425,0.0647425,0.00126425,0.0735806
5,528,1.00181e-9,4.84043e-6,4.84043e-6,1.14144e-9,-0.72138
5,552,1.05176e-15,3.61891e-10,3.61891e-10,1.03056e-15,0.0954614
5,576,7.55836e-22,2.70565e-14,2.70565e-14,9.30459e-22,-7.86428e-7
5,577,69.1853,73.1107,73.1107,67.1826,0.175788
5,578,112.677,122.32,122.32,104.802,0.443167
5,581,85.2934,119.632,119.632,77.0841,0.628035
5,583,28.4203,54.1988,54.1988,24.1694,1.03717
5,600,0.0013726,0.0647425,0.0647425,0.00126425,0.505427
5,624,9.98433e-10,4.84043e-6,4.84043e-6,1.14144e-9,-0.738839
5,648,1.0008e-15,3.61891e-10,3.61891e-10,1.03056e-15,-0.134053
6,0,0,0,0,0,0
6,1,3.94351,3.65553,3.65553,3.66702,0.444643
6,2,7.15967,6.11602,6.11602,6.15187,0.966073
6,5,7.43601,5.98162,5.98162,6.08274,1.31199
6,7,2.59661,2.70994,2.70994,2.793,-0.414669
6,24,0.00416743,0.00323713,0.00323713,0.00373972,0.674457
6,48,2.80951e-7,2.42021e-7,2.42021e-7,3.28481e-7,-0.85329
6,72,2.92606e-11,1.80945e-11,1.80945e-11,2.88523e-11,0.0834428
6,96,2.4328e-15,1.35282e-15,1.35282e-15,2.53427e-15,-0.236115
6,97,20.9346,18.2777,18.2777,18.3351,0.836077
6,98,35.6985,30.5801,30.5801,30.7593,0.94692
6,101,36.1598,29.9081,29.9081,30.4137,1.11415
6,103,16.4593,13.5497,13.5497,13.965,1.05329
6,120,0.0162669,0.0161856,0.0161856,0.0186986,-0.766912
6,144,1.93604e-6,1.21011e-6,1.21011e-6,1.6424e-6,1.05431
6,168,1.49605e-10,9.04727e-11,9.04727e-11,1.44262e-10,0.21841
6,192,1.26662e-14,6.76412e-15,6.76412e-15,1.26713e-14,-0.00236544
6,193,39.5357,36.5553,36.5553,36.6702,0.460812
6,194,64.7417,61.1602,61.1602,61.5187,0.308956
6,197,79.0986,59.8162,59.8162,60.8274,1.77138
6,199,34.6173,27.0994,27.0994,27.93,1.41194
6,216,0.0428728,0.0323713,0.0323713,0.0373972,0.863446
6,240,2.99502e-6,2.42021e-6,2.42021e-6,3.28481e-6,-0.520249
6,264,2.71969e-10,1.80945e-10,1.80945e-10,2.88523e-10,-0.338358
6,288,2.91195e-14,1.35282e-14,1.35282e-14,2.53427e-14,0.878867
6,289,75.6126,73.1107,73.1107,73.3404,0.182701
6,290,166.875,122.32,122.32,123.037,2.10114
6,293,140.897,119.632,119.632,121.655,0.932739
6,295,60.7958,54.1988,54.1988,55.8601,0.521065
6,312,0.0956781,0.0647425,0.0647425,0.0747943,1.64657
6,336,6.23939e-6,4.84043e-6,4.84043e-6,6.56961e-6,-0.296424
6,360,5.58983e-10,3.61891e-10,3.61891e-10,5.77047e-10,-0.184598
7,0,0,0,0,0,0
7,1,3.97774,3.65553,3.65553,3.55259,0.705717
7,2,7.3415,6.11602,6.11602,5.80119,1.56578
7,5,6.32306,5.98162,5.98162,5.14287,1.35329
7,7,2.29075,2.70994,2.70994,2.06034,0.659468
7,24,0.00108596,0.00323713,0.00323713,0.000865324,1.50365
7,48,1.24035e-8,2.42021e-7,2.42021e-7,1.47907e-8,-0.951794
7,72,2.53731e-13,1.80945e-11,1.80945e-11,2.52811e-13,0.0214523
8,0,0,0,0,0,0
8,1,3.85897,3.65553,3.65553,3.48852,0.62624
8,2,7.33619,6.11602,6.11602,5.61097,1.81322
8,5,5.34835,5.98162,5.98162,4.67743,0.84587
8,7,2.16067,2.70994,2.70994,1.73142,1.46203
8,24,0.000419623,0.00323713,0.00323713,0.000371323,0.767073
8,48,2.37832e-9,2.42021e-7,2.42021e-7,2.45743e-9,-0.189843
8,72,1.42746e-14,1.80945e-11,1.80945e-11,1.62634e-14,-0.721163
8,96,1.03562e-19,1.35282e-15,1.35282e-15,1.07632e-19,-1.83315e-5
8,97,19.9654,18.2777,18.2777,17.4426,0.85294
8,98,32.8858,30.5801,30.5801,28.0548,1.01548
8,101,25.5807,29.9081,29.9081,23.3871,0.553107
8,103,8.9436,13.5497,13.5497,8.65708,0.195177
8,120,0.0024528,0.0161856,0.0161856,0.00185661,1.89366
8,144,1.16059e-8,1.21011e-6,1.21011e-6,1.22872e-8,-0.326957
8,168,8.32102e-14,9.04727e-11,9.04727e-11,8.1317e-14,0.137289
8,192,4.94186e-19,6.76412e-15,6.76412e-15,5.3816e-19,-0.00019804
8,193,43.8372,36.5553,36.5553,34.8852,1.51329
8,194,83.1197,61.1602,61.1602,56.1097,2.83877
8,197,63.2855,59.8162,59.8162,46.7743,2.08168
8,199,16.9925,27.0994,27.0994,17.3142,-0.109566
8,216,0.00390799,0.0323713,0.0323713,0.00371323,0.309304
8,240,2.77058e-8,2.42021e-6,2.42021e-6,2.45743e-8,0.751465
8,264,1.78936e-13,1.80945e-10,1.80945e-10,1.62634e-13,0.591115
8,288,9.25583e-19,1.35282e-14,1.35282e-14,1.07632e-18,-0.00067886
8,289,116.7,91.3883,91.3883,87.2129,1.99382
8,290,156.42,152.901,152.901,140.274,0.678774
8,293,115.611,149.54,149.54,116.936,-0.0668259
8,295,45.1685,67.7485,67.7485,43.2854,0.256556
8,312,0.0101595,0.0809282,0.0809282,0.00928307,0.556784
8,336,5.71741e-8,6.05053e-6,6.05053e-6,6.14358e-8,-0.40908
8,360,4.1184e-13,4.52363e-10,4.52363e-10,4.06585e-13,0.0762207
8,384,2.10622e-18,3.38206e-14,3.38206e-14,2.6908e-18,-0.00263272
8,385,101.288,91.3883,91.3883,87.2129,0.951716
8,386,169.833,152.901,152.901,140.274,1.24268
8,389,141.402,149.54,149.54,116.936,1.23384
8,391,51.3423,67.7485,67.7485,43.2854,1.09767
8,408,0.00885308,0.0809282,0.0809282,0.00928307,-0.27316
8,432,7.32085e-8,6.05053e-6,6.05053e-6,6.14358e-8,1.13004
8,456,4.56974e-13,4.52363e-10,4.52363e-10,4.06585e-13,0.730843
8,480,2.57116e-18,3.38206e-14,3.38206e-14,2.6908e-18,-0.000538828
8,481,97.6937,91.3883,91.3883,87.2129,0.708687
8,482,150.578,152.901,152.901,140.274,0.433182
8,485,137.062,149.54,149.54,116.936,1.01498
8,487,48.0007,67.7485,67.7485,43.2854,0.642411
8,504,0.0107703,0.0809282,0.0809282,0.00928307,0.944767
8,528,6.22788e-8,6.05053e-6,6.05053e-6,6.14358e-8,0.0809141
8,552,4.30772e-13,4.52363e-10,4.52363e-10,4.06585e-13,0.350808
8,576,2.38528e-18,3.38206e-14,3.38206e-14,2.6908e-18,-0.00137593
8,577,84.7829,91.3883,91.3883,87.2129,-0.164311
8,578,134.912,152.901,152.901,140.274,-0.225424
8,581,160.441,149.54,149.54,116.936,2.19399
8,583,56.1416,67.7485,67.7485,43.2854,1.75152
8,600,0.00958266,0.0809282,0.0809282,0.00928307,0.190317
8,624,5.49679e-8,6.05053e-6,6.05053e-6,6.14358e-8,-0.620846
8,648,4.25076e-13,4.52363e-10,4.52363e-10,4.06585e-13,0.268185
9,0,0,0,0,0,0
9,1,4.66417,3.65553,3.65553,3.89813,1.15887
9,2,8.29451,6.11602,6.11602,6.90393,1.1878
9,5,8.67062,5.98162,5.98162,8.48875,0.126349
9,7,4.89105,2.70994,2.70994,5.04718,-0.18243
9,24,0.0669421,0.00323713,0.00323713,0.0607848,0.597365
9,48,0.0001118,2.42021e-7,2.42021e-7,0.000118648,-0.340385
9,72,2.34422e-7,1.80945e-11,1.80945e-11,2.31593e-7,0.0720421
10,0,0,0,0,0,0
10,1,3.87855,3.65553,3.65553,3.61024,0.438273
10,2,6.50147,6.11602,6.11602,5.9761,0.518432
10,5,7.84112,5.98162,5.98162,5.59803,2.36294
10,7,3.0636,2.70994,2.70994,2.40402,1.61797
10,24,0.00189684,0.00323713,0.00323713,0.00182228,0.241295
10,48,6.84949e-8,2.42021e-7,2.42021e-7,7.16891e-8,-0.262755
10,72,3.09994e-12,1.80945e-11,1.80945e-11,2.82027e-12,0.584784
10,96,1.18622e-16,1.35282e-15,1.35282e-15,1.1095e-16,0.0345509
10,97,21.5302,18.2777,18.2777,18.0512,1.13656
10,98,38.6974,30.5801,30.5801,29.8805,1.74009
10,101,31.6495,29.9081,29.9081,27.9902,0.770972
10,103,13.2896,13.5497,13.5497,12.0201,0.622821
10,120,0.00981047,0.0161856,0.0161856,0.0091114,0.452452
10,144,4.42539e-7,1.21011e-6,1.21011e-6,3.58445e-7,1.3835
10,168,1.4139e-11,9.04727e-11,9.04727e-11,1.41014e-11,0.0157479
10,192,5.23693e-16,6.76412e-15,6.76412e-15,5.54752e-16,-0.139875
10,193,42.2799,36.5553,36.5553,36.1024,1.00906
10,194,76.8078,61.1602,61.1602,59.761,1.68216
10,197,58.946,59.8162,59.8162,55.9803,0.312419
10,199,28.606,27.0994,27.0994,24.0402,1.12001
10,216,0.0197758,0.0323713,0.0323713,0.0182228,0.502559
10,240,8.53326e-7,2.42021e-6,2.42021e-6,7.16891e-7,1.12232
10,264,2.69593e-11,1.80945e-10,1.80945e-10,2.82027e-11,-0.259993
10,288,1.2075e-15,1.35282e-14,1.35282e-14,1.1095e-15,0.441344
10,289,80.3643,73.1107,73.1107,72.2049,0.666404
10,290,144.082,122.32,122.32,119.522,1.21177
10,293,133.005,119.632,119.632,111.961,1.10846
10,295,54.6651,54.1988,54.1988,48.0804,0.807615
10,312,0.0437881,0.0647425,0.0647425,0.0364456,1.18806
10,336,1.59342e-6,4.84043e-6,4.84043e-6,1.43378e-6,0.656589
10,360,6.08274e-11,3.61891e-10,3.61891e-10,5.64054e-11,0.46231
10,384,1.83304e-15,2.70565e-14,2.70565e-14,2.21901e-15,-1.02573
10,385,84.9523,73.1107,73.1107,72.2049,1.04111
10,386,133.633,122.32,122.32,119.522,0.696248
10,389,110.539,119.632,119.632,111.961,-0.0748987
10,391,55.7907,54.1988,54.1988,48.0804,0.945674
10,408,0.0393084,0.0647425,0.0647425,0.0364456,0.463212
10,432,1.37118e-6,4.84043e-6,4.84043e-6,1.43378e-6,-0.257479
10,456,4.772e-11,3.61891e-10,3.61891e-10,5.64054e-11,-0.908055
10,480,2.29946e-15,2.70565e-14,2.70565e-14,2.21901e-15,0.213802
10,481,97.1618,73.1107,73.1107,72.2049,2.03829
10,482,168.829,122.32,122.32,119.522,2.43279
10,485,121.407,119.632,119.632,111.961,0.497571
10,487,54.5556,54.1988,54.1988,48.0804,0.794184
10,504,0.0386869,0.0647425,0.0647425,0.0364456,0.362657
10,528,1.66962e-6,4.84043e-6,4.84043e-6,1.43378e-6,0.970018
10,552,4.89847e-11,3.61891e-10,3.61891e-10,5.64054e-11,-0.775834
10,576,2.01561e-15,2.70565e-14,2.70565e-14,2.21901e-15,-0.54055
10,577,90.4496,73.1107,73.1107,72.2049,1.49009
10,578,128.163,122.32,122.32,119.522,0.426348
10,581,108.057,119.632,119.632,111.961,-0.205589
10,583,55.9559,54.1988,54.1988,48.0804,0.96594
10,600,0.0392785,0.0647425,0.0647425,0.0364456,0.458381
10,624,1.71096e-6,4.84043e-6,4.84043e-6,1.43378e-6,1.14005
10,648,6.12334e-11,3.61891e-10,3.61891e-10,5.64054e-11,0.504761
11,0,0,0,0,0,0
11,1,4.69931,3.65553,3.65553,3.77413,1.44562
11,2,8.18715,6.11602,6.11602,6.49304,1.53864
11,5,9.41748,5.98162,5.98162,7.10526,1.91907
11,7,3.54392,2.70994,2.70994,3.68754,-0.229672
11,24,0.0142841,0.00323713,0.00323713,0.0139819,0.12747
11,48,4.22968e-6,2.42021e-7,2.42021e-7,5.33876e-6,-1.22508
11,72,2.33866e-9,1.80945e-11,1.80945e-11,2.03853e-9,0.868246
11,96,6.67711e-13,1.35282e-15,1.35282e-15,7.7838e-13,-0.838447
11,97,21.8648,18.2777,18.2777,18.8706,0.9357
11,98,33.5873,30.5801,30.5801,32.4652,0.203833
11,101,39.4762,29.9081,29.9081,35.5263,0.655659
11,103,23.277,13.5497,13.5497,18.4377,1.54782
11,120,0.0744618,0.0161856,0.0161856,0.0699093,0.384022
11,144,3.36804e-5,1.21011e-6,1.21011e-6,2.66938e-5,1.54346
11,168,8.69739e-9,9.04727e-11,9.04727e-11,1.01926e-8,-0.8651
11,192,3.7154e-12,6.76412e-15,6.76412e-15,3.8919e-12,-0.26744
11,193,39.1516,36.5553,36.5553,37.7413,0.220371
11,194,61.8268,61.1602,61.1602,64.9304,-0.281871
11,197,93.9541,59.8162,59.8162,71.0526,1.90075
11,199,42.7039,27.0994,27.0994,36.8754,0.9321
11,216,0.170628,0.0323713,0.0323713,0.139819,1.29944
11,240,5.08876e-5,2.42021e-6,2.42021e-6,5.33876e-5,-0.276151
11,264,2.30468e-8,1.80945e-10,1.80945e-10,2.03853e-8,0.769944
11,288,8.57697e-12,1.35282e-14,1.35282e-14,7.7838e-12,0.600914
11,289,79.5147,73.1107,73.1107,75.4826,0.315017
11,290,157.976,122.32,122.32,129.861,1.27673
11,293,180.644,119.632,119.632,142.105,1.5993
11,295,82.909,54.1988,54.1988,73.7507,0.732303
11,312,0.295017,0.0647425,0.0647425,0.279637,0.324345
11,336,0.000111792,4.84043e-6,4.84043e-6,0.000106775,0.277063
11,360,3.52138e-8,3.61891e-10,3.61891e-10,4.07705e-8,-0.803742
12,0,0,0,0,0,0
12,1,4.60412,3.65553,3.65553,3.98792,0.91121
12,2,9.78573,6.11602,6.11602,7.21223,2.10425
12,5,11.1842,5.98162,5.98162,9.64317,0.942412
12,7,5.76192,2.70994,2.70994,6.3038,-0.506922
12,24,0.187601,0.00323713,0.00323713,0.169964,0.611927
12,48,0.00122366,2.42021e-7,2.42021e-7,0.00103503,1.07478
12,72,6.6527e-6,1.80945e-11,1.80945e-11,6.30299e-6,0.327193
12,96,3.18013e-8,1.35282e-15,1.35282e-15,3.83832e-8,-1.01123
12,97,20.5815,18.2777,18.2777,19.9396,0.189852
12,98,39.9832,30.5801,30.5801,36.0612,0.641377
12,101,61.0501,29.9081,29.9081,48.2158,1.56972
12,103,36.9782,13.5497,13.5497,31.519,1.02141
12,120,0.817509,0.0161856,0.0161856,0.84982,-0.224216
12,144,0.00467435,1.21011e-6,1.21011e-6,0.00517513,-0.570658
12,168,2.9618e-5,9.04727e-11,9.04727e-11,3.15149e-5,-0.354951
12,192,1.80429e-7,6.76412e-15,6.76412e-15,1.91916e-7,-0.352974
12,193,41.8661,36.5553,36.5553,39.8792,0.293811
12,194,91.745,61.1602,61.1602,72.1223,1.60446
12,197,101.131,59.8162,59.8162,96.4317,0.28741
12,199,76.0792,27.0994,27.0994,63.038,1.21999
12,216,1.71356,0.0323713,0.0323713,1.69964,0.0482923
12,240,0.0115242,2.42021e-6,2.42021e-6,0.0103503,0.66888
12,264,6.80916e-5,1.80945e-10,1.80945e-10,6.30299e-5,0.473583
12,288,3.49282e-7,1.35282e-14,1.35282e-14,3.83832e-7,-0.530821
12,289,84.8585,73.1107,73.1107,79.7583,0.377097
12,290,151.286,122.32,122.32,144.245,0.287877
12,293,254.882,119.632,119.632,192.863,1.89634
12,295,165.438,54.1988,54.1988,126.076,1.84114
12,312,4.27776,0.0647425,0.0647425,3.39928,1.52401
12,336,0.02146,4.84043e-6,4.84043e-6,0.0207005,0.216362
12,360,0.000125778,3.61891e-10,3.61891e-10,0.00012606,-0.0131599
12,384,7.70524e-7,2.70565e-14,2.70565e-14,7.67664e-7,0.0219709
12,385,94.7789,73.1107,73.1107,79.7583,1.11059
12,386,162.647,122.32,122.32,144.245,0.752337
12,389,259.168,119.632,119.632,192.863,2.02738
12,391,156.29,54.1988,54.1988,126.076,1.41322
12,408,3.8307,0.0647425,0.0647425,3.39928,0.748435
12,432,0.0212997,4.84043e-6,4.84043e-6,0.0207005,0.17069
12,456,0.000132024,3.61891e-10,3.61891e-10,0.00012606,0.279017
12,480,7.44239e-7,2.70565e-14,2.70565e-14,7.67664e-7,-0.17995
12,481,80.8503,73.1107,73.1107,79.7583,0.080739
12,482,170.243,122.32,122.32,144.245,1.06289
12,485,227.358,119.632,119.632,192.863,1.05475
12,487,143.856,54.1988,54.1988,126.076,0.831657
12,504,3.60078,0.0647425,0.0647425,3.39928,0.349567
12,528,0.0184169,4.84043e-6,4.84043e-6,0.0207005,-0.650573
12,552,0.00011485,3.61891e-10,3.61891e-10,0.00012606,-0.524393
12,576,6.6562e-7,2.70565e-14,2.70565e-14,7.67664e-7,-0.783894
12,577,94.2617,73.1107,73.1107,79.7583,1.07234
12,578,186.49,122.32,122.32,144.245,1.72712
12,581,212.476,119.632,119.632,192.863,0.599681
12,583,156.024,54.1988,54.1988,126.076,1.40078
12,600,3.42122,0.0647425,0.0647425,3.39928,0.0380585
12,624,0.0209961,4.84043e-6,4.84043e-6,0.0207005,0.0842014
12,648,0.000159187,3.61891e-10,3.61891e-10,0.00012606,1.54973
13,0,0,0,0,0,0
13,1,4.41517,3.65553,3.65553,3.82538,0.90921
13,2,8.09797,6.11602,6.11602,6.66079,1.27241
13,5,7.82258,5.98162,5.98162,7.64938,0.133522
13,7,4.40443,2.70994,2.70994,4.20249,0.283377
13,24,0.0273846,0.00323713,0.00323713,0.0258516,0.349687
13,48,2.11555e-5,2.42021e-7,2.42021e-7,1.95457e-5,0.48572
13,72,1.48165e-8,1.80945e-11,1.80945e-11,1.47779e-8,0.0154139
13,96,1.03609e-11,1.35282e-15,1.35282e-15,1.11731e-11,-0.428722
13,97,21.4656,18.2777,18.2777,19.1269,0.721061
13,98,35.2327,30.5801,30.5801,33.3039,0.341527
13,101,37.501,29.9081,29.9081,38.2469,-0.11501
13,103,24.1946,13.5497,13.5497,21.0124,0.893081
13,120,0.152624,0.0161856,0.0161856,0.129258,1.06602
13,144,8.81705e-5,1.21011e-6,1.21011e-6,9.77283e-5,-0.576743
13,168,7.99519e-8,9.04727e-11,9.04727e-11,7.38895e-8,0.483844
13,192,5.34111e-11,6.76412e-15,6.76412e-15,5.58657e-11,-0.259108
13,193,46.7553,36.5553,36.5553,38.2538,1.31057
13,194,65.7838,61.1602,61.1602,66.6079,-0.0729561
13,197,84.7276,59.8162,59.8162,76.4938,0.634772
13,199,44.5593,27.0994,27.0994,42.0249,0.355642
13,216,0.335708,0.0323713,0.0323713,0.258516,1.76085
13,240,0.00023571,2.42021e-6,2.42021e-6,0.000195457,1.2145
13,264,1.45634e-7,1.80945e-10,1.80945e-10,1.47779e-7,-0.0856175
13,288,1.13609e-10,1.35282e-14,1.35282e-14,1.11731e-10,0.0991015
13,289,88.9062,73.1107,73.1107,76.5077,0.955672
13,290,149.259,122.32,122.32,133.216,0.710217
13,293,196.547,119.632,119.632,152.988,1.67905
13,295,95.8028,54.1988,54.1988,84.0497,0.824626
13,312,0.545634,0.0647425,0.0647425,0.517033,0.326214
13,336,0.000441557,4.84043e-6,4.84043e-6,0.000390913,0.763989
13,360,2.96185e-7,3.61891e-10,3.61891e-10,2.95558e-7,0.0125177
13,384,1.88423e-10,2.70565e-14,2.70565e-14,2.23463e-10,-0.924698
13,385,102.999,73.1107,73.1107,76.5077,2.04189
13,386,149.543,122.32,122.32,133.216,0.722755
13,389,170.081,119.632,119.632,152.988,0.65891
13,391,98.4867,54.1988,54.1988,84.0497,1.01293
13,408,0.587853,0.0647425,0.0647425,0.517033,0.807754
13,432,0.000397928,4.84043e-6,4.84043e-6,0.000390913,0.105818
13,456,3.11473e-7,3.61891e-10,3.61891e-10,2.95558e-7,0.317547
13,480,2.53011e-10,2.70565e-14,2.70565e-14,2.23463e-10,0.779765
13,481,94.6651,73.1107,73.1107,76.5077,1.39956
13,482,174.014,122.32,122.32,133.216,1.80604
13,485,203.683,119.632,119.632,152.988,1.95414
13,487,113.321,54.1988,54.1988,84.0497,2.05372
13,504,0.586157,0.0647425,0.0647425,0.517033,0.788414
13,528,0.000432399,4.84043e-6,4.84043e-6,0.000390913,0.625839
13,552,3.05783e-7,3.61891e-10,3.61891e-10,2.95558e-7,0.204022
13,576,2.16529e-10,2.70565e-14,2.70565e-14,2.23463e-10,-0.182972
13,577,107.04,73.1107,73.1107,76.5077,2.35342
13,578,167.639,122.32,122.32,133.216,1.52384
13,581,173.944,119.632,119.632,152.988,0.807783
13,583,107.081,54.1988,54.1988,84.0497,1.61592
13,600,0.500024,0.0647425,0.0647425,0.517033,-0.194003
13,624,0.00039029,4.84043e-6,4.84043e-6,0.000390913,-0.00940805
13,648,3.14065e-7,3.61891e-10,3.61891e-10,2.95558e-7,0.369262
14,0,0,0,0,0,0
14,1,3.54441,3.65553,3.65553,3.25064,0.532937
14,2,5.41652,6.11602,6.11602,4.94249,0.565587
14,5,3.15514,5.98162,5.98162,3.26922,-0.205788
14,7,0.88328,2.70994,2.70994,0.885583,-0.015336
14,24,1.50458e-5,0.00323713,0.00323713,1.33629e-5,0.742644
14,48,1.99044e-12,2.42021e-7,2.42021e-7,2.08603e-12,-0.270246
14,72,3.37163e-19,1.80945e-11,1.80945e-11,3.25643e-19,5.18848e-5
14,96,4.66172e-26,1.35282e-15,1.35282e-15,5.08348e-26,-1.89943e-11
14,97,19.5685,18.2777,18.2777,16.2532,1.20287
14,98,30.1093,30.5801,30.5801,24.7124,1.28786
14,101,16.8233,29.9081,29.9081,16.3461,0.17214
14,103,4.90824,13.5497,13.5497,4.42792,0.639701
14,120,6.96236e-5,0.0161856,0.0161856,6.68147e-5,0.247916
14,144,9.81124e-12,1.21011e-6,1.21011e-6,1.04302e-11,-0.349939
14,168,1.84307e-18,9.04727e-11,9.04727e-11,1.62821e-18,0.000967622
14,192,2.476e-25,6.76412e-15,6.76412e-15,2.54174e-25,-2.96056e-11
14,193,43.1558,36.5553,36.5553,32.5064,1.93196
14,194,52.4025,61.1602,61.1602,49.4249,0.355271
14,197,39.7024,59.8162,59.8162,32.6922,1.26451
14,199,11.3207,27.0994,27.0994,8.85583,1.64134
14,216,0.000140057,0.0323713,0.0323713,0.000133629,0.283636
14,240,2.13677e-11,2.42021e-6,2.42021e-6,2.08603e-11,0.143413
14,264,3.40016e-18,1.80945e-10,1.80945e-10,3.25643e-18,0.000647299
14,288,4.06035e-25,1.35282e-14,1.35282e-14,5.08348e-25,-4.60775e-10
14,289,83.128,73.1107,73.1107,65.0128,1.64318
14,290,91.1488,122.32,122.32,98.8498,-0.459425
14,293,75.2068,119.632,119.632,65.3845,0.885894
14,295,22.4915,54.1988,54.1988,17.7117,1.59146
14,312,0.000326959,0.0647425,0.0647425,0.000267259,1.31731
14,336,3.66195e-11,4.84043e-6,4.84043e-6,4.17207e-11,-0.721038
14,360,7.66182e-18,3.61891e-10,3.61891e-10,6.51285e-18,0.0051745
14,384,8.42676e-25,2.70565e-14,2.70565e-14,1.0167e-24,-7.83716e-10
14,385,61.9397,73.1107,73.1107,65.0128,-0.278755
14,386,100.331,122.32,122.32,98.8498,0.0883848
14,389,73.6483,119.632,119.632,65.3845,0.745333
14,391,19.9248,54.1988,54.1988,17.7117,0.736864
14,408,0.000279566,0.0647425,0.0647425,0.000267259,0.271568
14,432,4.63228e-11,4.84043e-6,4.84043e-6,4.17207e-11,0.650506
14,456,5.98173e-18,3.61891e-10,3.61891e-10,6.51285e-18,-0.00239198
14,480,9.14481e-25,2.70565e-14,2.70565e-14,1.0167e-24,-4.60332e-10
14,481,74.2188,73.1107,73.1107,65.0128,0.835047
14,482,122.125,122.32,122.32,98.8498,1.38857
14,485,66.2307,119.632,119.632,65.3845,0.0763282
14,487,17.2142,54.1988,54.1988,17.7117,-0.165635
14,504,0.000249578,0.0647425,0.0647425,0.000267259,-0.390119
14,528,4.37056e-11,4.84043e-6,4.84043e-6,4.17207e-11,0.280563
14,552,5.61898e-18,3.61891e-10,3.61891e-10,6.51285e-18,-0.00402566
14,576,8.89515e-25,2.70565e-14,2.70565e-14,1.0167e-24,-5.72772e-10
14,577,86.5175,73.1107,73.1107,65.0128,1.95063
14,578,123.548,122.32,122.32,98.8498,1.47345
14,581,63.9004,119.632,119.632,65.3845,-0.133854
14,583,19.5507,54.1988,54.1988,17.7117,0.612324
14,600,0.000289058,0.0647425,0.0647425,0.000267259,0.481012
14,624,3.78814e-11,4.84043e-6,4.84043e-6,4.17207e-11,-0.542677
14,648,6.60959e-18,3.61891e-10,3.61891e-10,6.51285e-18,0.000435667
15,0,0,0,0,0,0
15,1,4.22205,3.65553,3.65553,3.86647,0.542322
15,2,8.33229,6.11602,6.11602,6.79739,1.33162
15,5,8.24197,5.98162,5.98162,8.11343,0.0934309
15,7,5.69332,2.70994,2.70994,4.66209,1.30443
15,24,0.0417048,0.00323713,0.00323713,0.0420028,-0.0418454
15,48,5.68692e-5,2.42021e-7,2.42021e-7,5.44243e-5,0.264915
15,72,6.9564e-8,1.80945e-11,1.80945e-11,7.05192e-8,-0.0798796
15,96,9.13334e-11,1.35282e-15,1.35282e-15,9.13739e-11,-0.00261132
15,97,22.3457,18.2777,18.2777,19.3324,0.919198
15,98,33.996,30.5801,30.5801,33.9869,0.00157855
15,101,54.9649,29.9081,29.9081,40.5671,2.09297
15,103,24.0334,13.5497,13.5497,23.3104,0.182891
15,120,0.236509,0.0161856,0.0161856,0.210014,0.743967
15,144,0.000275088,1.21011e-6,1.21011e-6,0.000272122,0.0642966
15,168,3.82617e-7,9.04727e-11,9.04727e-11,3.52596e-7,0.502103
15,192,4.63746e-10,6.76412e-15,6.76412e-15,4.56869e-10,0.088767
15,193,47.1451,36.5553,36.5553,38.6647,1.29342
15,194,75.5687,61.1602,61.1602,67.9739,0.658892
15,197,80.6992,59.8162,59.8162,81.1343,-0.031624
15,199,52.1476,27.0994,27.0994,46.6209,0.699083
15,216,0.506529,0.0323713,0.0323713,0.420028,1.21446
15,240,0.000537879,2.42021e-6,2.42021e-6,0.000544243,-0.0689589
15,264,7.90743e-7,1.80945e-10,1.80945e-10,7.05192e-7,0.715413
15,288,9.11265e-10,1.35282e-14,1.35282e-14,9.13739e-10,-0.0159641
15,289,88.3538,73.1107,73.1107,77.3295,0.840715
15,290,167.947,122.32,122.32,135.948,1.38805
15,293,191.584,119.632,119.632,162.269,1.06539
15,295,92.7883,54.1988,54.1988,93.2418,-0.0286796
15,312,1.02554,0.0647425,0.0647425,0.840056,1.30208
15,336,0.00125689,4.84043e-6,4.84043e-6,0.00108849,0.912385
15,360,1.29639e-6,3.61891e-10,3.61891e-10,1.41038e-6,-0.476623
15,384,1.83181e-9,2.70565e-14,2.70565e-14,1.82748e-9,0.013987
15,385,105.527,73.1107,73.1107,77.3295,2.15032
15,386,168.537,122.32,122.32,135.948,1.41364
15,389,197.027,119.632,119.632,162.269,1.26321
15,391,104.92,54.1988,54.1988,93.2418,0.738595
15,408,0.793277,0.0647425,0.0647425,0.840056,-0.328384
15,432,0.00106945,4.84043e-6,4.84043e-6,0.00108849,-0.103147
15,456,1.35854e-6,3.61891e-10,3.61891e-10,1.41038e-6,-0.216783
15,480,1.7738e-9,2.70565e-14,2.70565e-14,1.82748e-9,-0.173225
15,481,81.7439,73.1107,73.1107,77.3295,0.336647
15,482,135.316,122.32,122.32,135.948,-0.0273887
15,485,214.004,119.632,119.632,162.269,1.88017
15,487,97.4701,54.1988,54.1988,93.2418,0.267423
15,504,0.897655,0.0647425,0.0647425,0.840056,0.404343
15,528,0.00098543,4.84043e-6,4.84043e-6,0.00108849,-0.558335
15,552,1.28164e-6,3.61891e-10,3.61891e-10,1.41038e-6,-0.538308
15,576,1.6802e-9,2.70565e-14,2.70565e-14,1.82748e-9,-0.475245
15,577,106.325,73.1107,73.1107,77.3295,2.21118
15,578,140.352,122.32,122.32,135.948,0.191026
15,581,173.991,119.632,119.632,162.269,0.426029
15,583,115.185,54.1988,54.1988,93.2418,1.38779
15,600,0.997985,0.0647425,0.0647425,0.840056,1.10865
15,624,0.00124239,4.84043e-6,4.84043e-6,0.00108849,0.833815
15,648,1.42933e-6,3.61891e-10,3.61891e-10,1.41038e-6,0.0792068
16,0,0,0,0,0,0
16,1,3.98055,3.65553,3.65553,3.58796,0.645266
16,2,7.75363,6.11602,6.11602,5.90806,1.84216
16,5,7.16035,5.98162,5.98162,5.4178,1.89672
16,7,2.65846,2.70994,2.70994,2.26539,1.02322
16,24,0.00174437,0.00323713,0.00323713,0.00136886,1.61772
16,48,4.51007e-8,2.42021e-7,2.42021e-7,3.91015e-8,0.904775
16,72,1.12919e-12,1.80945e-11,1.80945e-11,1.11694e-12,0.0647142
16,96,3.30119e-17,1.35282e-15,1.35282e-15,3.19053e-17,0.00498366
16,97,21.1569,18.2777,18.2777,17.9398,1.05752
16,98,32.8845,30.5801,30.5801,29.5403,0.667607
16,101,32.9685,29.9081,29.9081,27.089,1.27993
16,103,16.3615,13.5497,13.5497,11.3269,2.62114
16,120,0.00715701,0.0161856,0.0161856,0.00684429,0.269444
16,144,1.99231e-7,1.21011e-6,1.21011e-6,1.95507e-7,0.11232
16,168,6.5093e-12,9.04727e-11,9.04727e-11,5.58468e-12,0.97636
16,192,1.45173e-16,6.76412e-15,6.76412e-15,1.59526e-16,-0.0646422
16,193,38.8654,36.5553,36.5553,35.8796,0.490756
16,194,68.8012,61.1602,61.1602,59.0806,0.970271
16,197,62.3454,59.8162,59.8162,54.178,0.889004
16,199,25.365,27.0994,27.0994,22.6539,0.705747
16,216,0.0159681,0.0323713,0.0323713,0.0136886,0.982042
16,240,4.05309e-7,2.42021e-6,2.42021e-6,3.91015e-7,0.215575
16,264,9.82135e-12,1.80945e-10,1.80945e-10,1.11694e-11,-0.711714
16,288,2.5293e-16,1.35282e-14,1.35282e-14,3.19053e-16,-0.297792
16,289,76.0215,73.1107,73.1107,71.7591,0.350283
16,290,137.269,122.32,122.32,118.161,0.953627
16,293,126.354,119.632,119.632,108.356,0.979506
16,295,47.6833,54.1988,54.1988,45.3077,0.309201
16,312,0.0356099,0.0647425,0.0647425,0.0273772,1.77335
16,336,7.39966e-7,4.84043e-6,4.84043e-6,7.8203e-7,-0.317193
16,360,2.54123e-11,3.61891e-10,3.61891e-10,2.23387e-11,0.81138
16,384,5.7999e-16,2.70565e-14,2.70565e-14,6.38106e-16,-0.261729
16,385,63.2727,73.1107,73.1107,71.7591,-0.697415
16,386,120.868,122.32,122.32,118.161,0.13511
16,389,140.064,119.632,119.632,108.356,1.72568
16,391,60.6471,54.1988,54.1988,45.3077,1.99653
16,408,0.031421,0.0647425,0.0647425,0.0273772,0.871048
16,432,7.97083e-7,4.84043e-6,4.84043e-6,7.8203e-7,0.11351
16,456,2.55964e-11,3.61891e-10,3.61891e-10,2.23387e-11,0.859997
16,480,6.27865e-16,2.70565e-14,2.70565e-14,6.38106e-16,-0.0461194
16,481,96.653,73.1107,73.1107,71.7591,2.04577
16,482,102.071,122.32,122.32,118.161,-0.80301
16,485,111.746,119.632,119.632,108.356,0.184523
16,487,51.7726,54.1988,54.1988,45.3077,0.841447
16,504,0.0256497,0.0647425,0.0647425,0.0273772,-0.372102
16,528,8.25493e-7,4.84043e-6,4.84043e-6,7.8203e-7,0.327748
16,552,2.235e-11,3.61891e-10,3.61891e-10,2.23387e-11,0.00297817
16,576,4.62246e-16,2.70565e-14,2.70565e-14,6.38106e-16,-0.792001
16,577,89.6223,73.1107,73.1107,71.7591,1.46799
16,578,152.68,122.32,122.32,118.161,1.72277
16,581,131.371,119.632,119.632,108.356,1.25254
16,583,46.0822,54.1988,54.1988,45.3077,0.100799
16,600,0.0302474,0.0647425,0.0647425,0.0273772,0.618267
16,624,9.28658e-7,4.84043e-6,4.84043e-6,7.8203e-7,1.10569
16,648,2.02729e-11,3.61891e-10,3.61891e-10,2.23387e-11,-0.545351
17,0,0,0,0,0,0
17,1,3.4833,3.65553,3.65553,3.64884,-0.267528
17,2,7.47666,6.11602,6.11602,6.09519,1.33658
17,5,6.61151,5.98162,5.98162,5.9234,0.685067
17,7,3.18745,2.70994,2.70994,2.66257,1.16253
17,24,0.00362237,0.00323713,0.00323713,0.00297514,1.28289
17,48,2.10054e-7,2.42021e-7,2.42021e-7,2.02428e-7,0.222154
17,72,1.21157e-11,1.80945e-11,1.80945e-11,1.37731e-11,-0.709661
18,0,0,0,0,0,0
18,1,4.378,3.65553,3.65553,3.94947,0.639864
18,2,8.34201,6.11602,6.11602,7.0791,1.05206
18,5,12.1667,5.98162,5.98162,9.13198,1.95975
18,7,6.43067,2.70994,2.70994,5.73419,0.716273
18,24,0.110184,0.00323713,0.00323713,0.109819,0.0195732
18,48,0.000543474,2.42021e-7,2.42021e-7,0.000412627,1.87002
18,72,1.37273e-6,1.80945e-11,1.80945e-11,1.55038e-6,-0.675702
18,96,5.49395e-9,1.35282e-15,1.35282e-15,5.82529e-9,-0.335424
18,97,24.0102,18.2777,18.2777,19.7474,1.27301
18,98,47.9488,30.5801,30.5801,35.3955,2.09148
18,101,47.1911,29.9081,29.9081,45.6599,0.197762
18,103,36.2101,13.5497,13.5497,28.6709,1.55068
18,120,0.637433,0.0161856,0.0161856,0.549096,0.948719
18,144,0.00202453,1.21011e-6,1.21011e-6,0.00206314,-0.110342
18,168,7.97198e-6,9.04727e-11,9.04727e-11,7.75189e-6,0.167432
18,192,2.93555e-8,6.76412e-15,6.76412e-15,2.91264e-8,0.0463696
18,193,48.2295,36.5553,36.5553,39.4947,1.30423
18,194,81.8626,61.1602,61.1602,70.791,0.922307
18,197,116.368,59.8162,59.8162,91.3198,1.61755
18,199,61.4626,27.0994,27.0994,57.3419,0.423786
18,216,1.25141,0.0323713,0.0323713,1.09819,0.822749
18,240,0.00464072,2.42021e-6,2.42021e-6,0.00412627,0.735239
18,264,1.60026e-5,1.80945e-10,1.80945e-10,1.55038e-5,0.189717
18,288,4.92181e-8,1.35282e-14,1.35282e-14,5.82529e-8,-0.914624
18,289,88.3347,73.1107,73.1107,78.9894,0.697695
18,290,161.894,122.32,122.32,141.582,0.84604
18,293,266.541,119.632,119.632,182.64,2.70905
18,295,135.724,54.1988,54.1988,114.684,1.08191
18,312,2.41151,0.0647425,0.0647425,2.19638,0.577605
18,336,0.00896013,4.84043e-6,4.84043e-6,0.00825255,0.505629
18,360,2.95338e-5,3.61891e-10,3.61891e-10,3.10076e-5,-0.28028
18,384,1.0797e-7,2.70565e-14,2.70565e-14,1.16506e-7,-0.432054
18,385,95.7652,73.1107,73.1107,78.9894,1.25243
18,386,162.834,122.32,122.32,141.582,0.8852
18,389,240.148,119.632,119.632,182.64,1.85685
18,391,140.555,54.1988,54.1988,114.684,1.33031
18,408,2.57496,0.0647425,0.0647425,2.19638,1.01645
18,432,0.00809531,4.84043e-6,4.84043e-6,0.00825255,-0.112361
18,456,2.66803e-5,3.61891e-10,3.61891e-10,3.10076e-5,-0.82298
18,480,1.4606e-7,2.70565e-14,2.70565e-14,1.16506e-7,1.49596
18,481,80.8652,73.1107,73.1107,78.9894,0.140037
18,482,158.028,122.32,122.32,141.582,0.685006
18,485,212.553,119.632,119.632,182.64,0.96585
18,487,121.864,54.1988,54.1988,114.684,0.369206
18,504,2.48285,0.0647425,0.0647425,2.19638,0.769156
18,528,0.00971693,4.84043e-6,4.84043e-6,0.00825255,1.04643
18,552,3.05344e-5,3.61891e-10,3.61891e-10,3.10076e-5,-0.0899839
18,576,1.05575e-7,2.70565e-14,2.70565e-14,1.16506e-7,-0.553255
18,577,77.6061,73.1107,73.1107,78.9894,-0.103273
18,578,175.466,122.32,122.32,141.582,1.41135
18,581,215.341,119.632,119.632,182.64,1.05587
18,583,119.88,54.1988,54.1988,114.684,0.2672
18,600,2.28489,0.0647425,0.0647425,2.19638,0.237633
18,624,0.00913755,4.84043e-6,4.84043e-6,0.00825255,0.63241
18,648,2.53284e-5,3.61891e-10,3.61891e-10,3.10076e-5,-1.0801
19,0,0,0,0,0,0
19,1,3.72028,3.65553,3.65553,3.1983,0.962456
19,2,5.89438,6.11602,6.11602,4.8032,1.33969
19,5,3.65145,5.98162,5.98162,3.01716,1.23976
19,7,1.00269,2.70994,2.70994,0.75973,1.88591
19,24,6.63925e-6,0.00323713,0.00323713,6.16144e-6,0.45732
19,48,4.28842e-13,2.42021e-7,2.42021e-7,4.00332e-13,0.419971
19,72,2.19432e-20,1.80945e-11,1.80945e-11,2.6011e-20,-1.83199e-5
19,96,1.60043e-27,1.35282e-15,1.35282e-15,1.69003e-27,-4.03552e-13
19,97,16.1438,18.2777,18.2777,15.9915,0.0561802
19,98,27.983,30.5801,30.5801,24.016,0.974094
19,101,17.6042,29.9081,29.9081,15.0858,0.984454
19,103,4.4641,13.5497,13.5497,3.79865,1.03306
19,120,3.3203e-5,0.0161856,0.0161856,3.08072e-5,0.458607
19,144,1.91496e-12,1.21011e-6,1.21011e-6,2.00166e-12,-0.255418
19,168,1.36345e-19,9.04727e-11,9.04727e-11,1.30055e-19,2.83253e-5
19,192,6.52221e-27,6.76412e-15,6.76412e-15,8.45017e-27,-8.68279e-12
19,193,43.8184,36.5553,36.5553,31.983,2.18226
19,194,50.76,61.1602,61.1602,48.032,0.334925
19,197,32.9502,59.8162,59.8162,30.1716,0.543085
19,199,7.46156,27.0994,27.0994,7.5973,-0.105361
19,216,5.69871e-5,0.0323713,0.0323713,6.16144e-5,-0.442879
19,240,4.11732e-12,2.42021e-6,2.42021e-6,4.00332e-12,0.167939
19,264,2.56192e-19,1.80945e-10,1.80945e-10,2.6011e-19,-1.76472e-5
19,288,1.47164e-26,1.35282e-14,1.35282e-14,1.69003e-26,-9.83585e-12
19,289,64.3471,73.1107,73.1107,63.966,0.0351425
19,290,111.784,122.32,122.32,96.0641,0.965028
19,293,78.4434,119.632,119.632,60.3431,1.76889
19,295,18.3554,54.1988,54.1988,15.1946,1.22672
19,312,0.000128988,0.0647425,0.0647425,0.000123229,0.275599
19,336,8.96951e-12,4.84043e-6,4.84043e-6,8.00663e-12,0.709189
19,360,4.47829e-19,3.61891e-10,3.61891e-10,5.20221e-19,-0.000326025
19,384,3.23806e-26,2.70565e-14,2.70565e-14,3.38007e-26,-6.39561e-12
19,385,67.3942,73.1107,73.1107,63.966,0.316058
19,386,111.861,122.32,122.32,96.0641,0.969754
19,389,69.545,119.632,119.632,60.3431,0.89927
19,391,17.9488,54.1988,54.1988,15.1946,1.06893
19,408,0.00011931,0.0647425,0.0647425,0.000123229,-0.187543
19,432,7.42444e-12,4.84043e-6,4.84043e-6,8.00663e-12,-0.428805
19,456,4.91436e-19,3.61891e-10,3.61891e-10,5.20221e-19,-0.000129636
19,480,2.82524e-26,2.70565e-14,2.70565e-14,3.38007e-26,-2.49875e-11
19,481,80.4479,73.1107,73.1107,63.966,1.5195
19,482,107.631,122.32,122.32,96.0641,0.71009
19,485,72.0757,119.632,119.632,60.3431,1.14659
19,487,18.9305,54.1988,54.1988,15.1946,1.44993
19,504,0.00012965,0.0647425,0.0647425,0.000123229,0.30728
19,528,6.45036e-12,4.84043e-6,4.84043e-6,8.00663e-12,-1.14624
19,552,4.8621e-19,3.61891e-10,3.61891e-10,5.20221e-19,-0.000153173
19,576,2.73017e-26,2.70565e-14,2.70565e-14,3.38007e-26,-2.9269e-11
19,577,81.3309,73.1107,73.1107,63.966,1.60091
19,578,113.168,122.32,122.32,96.0641,1.04995
19,581,54.5058,119.632,119.632,60.3431,-0.570461
19,583,16.3307,54.1988,54.1988,15.1946,0.440942
19,600,0.000123389,0.0647425,0.0647425,0.000123229,0.0076679
19,624,8.32641e-12,4.84043e-6,4.84043e-6,8.00663e-12,0.235527
19,648,5.21514e-19,3.61891e-10,3.61891e-10,5.20221e-19,5.82383e-6
20,0,0,0,0,0,0
20,1,4.26451,3.65553,3.65553,3.63158,1.02778
20,2,6.60957,6.11602,6.11602,6.04175,0.554231
20,5,6.18785,5.98162,5.98162,5.77582,0.420686
20,7,3.31296,2.70994,2.70994,2.54399,1.78253
20,24,0.002363,0.00323713,0.00323713,0.00239156,-0.070421
20,48,1.0992e-7,2.42021e-7,2.42021e-7,1.27498e-7,-0.813034
20,72,7.10399e-12,1.80945e-11,1.80945e-11,6.79715e-12,0.266212
20,96,3.38055e-16,1.35282e-15,1.35282e-15,3.62368e-16,-0.109494
20,97,19.8411,18.2777,18.2777,18.1579,0.546645
20,98,42.5957,30.5801,30.5801,30.2087,2.41811
20,101,33.5486,29.9081,29.9081,28.8791,0.953518
20,103,13.3064,13.5497,13.5497,12.7199,0.271903
20,120,0.014707,0.0161856,0.0161856,0.0119578,1.35579
20,144,5.60423e-7,1.21011e-6,1.21011e-6,6.37491e-7,-0.712919
20,168,3.66297e-11,9.04727e-11,9.04727e-11,3.39858e-11,0.458767
20,192,1.60714e-15,6.76412e-15,6.76412e-15,1.81184e-15,-0.666238
20,193,48.8754,36.5553,36.5553,36.3158,2.03949
20,194,64.0865,61.1602,61.1602,60.4175,0.358117
20,197,63.0181,59.8162,59.8162,57.7582,0.537047
20,199,26.1672,27.0994,27.0994,25.4399,0.168586
20,216,0.0259841,0.0323713,0.0323713,0.0239156,0.510049
20,240,1.39709e-6,2.42021e-6,2.42021e-6,1.27498e-6,0.5648
20,264,7.88769e-11,1.80945e-10,1.80945e-10,6.79715e-11,0.946144
20,288,3.88926e-15,1.35282e-14,1.35282e-14,3.62368e-15,0.432209
20,289,75.9619,73.1107,73.1107,72.6316,0.27039
20,290,129.419,122.32,122.32,120.835,0.418932
20,293,129.653,119.632,119.632,115.516,0.721676
20,295,60.4498,54.1988,54.1988,50.8798,1.1092
20,312,0.0508646,0.0647425,0.0647425,0.0478312,0.373983
20,336,2.95924e-6,4.84043e-6,4.84043e-6,2.54996e-6,0.946503
20,360,1.50695e-10,3.61891e-10,3.61891e-10,1.35943e-10,0.639913
20,384,7.26644e-15,2.70565e-14,2.70565e-14,7.24736e-15,0.0155262
20,385,83.1513,73.1107,73.1107,72.6316,0.854114
20,386,152.57,122.32,122.32,120.835,1.54879
20,389,116.008,119.632,119.632,115.516,0.0251057
20,391,56.0287,54.1988,54.1988,50.8798,0.596776
20,408,0.0386519,0.0647425,0.0647425,0.0478312,-1.13172
20,432,2.42661e-6,4.84043e-6,4.84043e-6,2.54996e-6,-0.285277
20,456,1.2331e-10,3.61891e-10,3.61891e-10,1.35943e-10,-0.548022
20,480,8.41335e-15,2.70565e-14,2.70565e-14,7.24736e-15,0.948765
20,481,102.116,73.1107,73.1107,72.6316,2.39389
20,482,141.655,122.32,122.32,120.835,1.01611
20,485,153.443,119.632,119.632,115.516,1.93619
20,487,50.1658,54.1988,54.1988,50.8798,-0.0827571
20,504,0.0558595,0.0647425,0.0647425,0.0478312,0.989811
20,528,2.72331e-6,4.84043e-6,4.84043e-6,2.54996e-6,0.400892
20,552,1.17808e-10,3.61891e-10,3.61891e-10,1.35943e-10,-0.786682
20,576,8.00344e-15,2.70565e-14,2.70565e-14,7.24736e-15,0.615224
20,577,76.9063,73.1107,73.1107,72.6316,0.347074
20,578,146.581,122.32,122.32,120.835,1.2565
20,581,127.87,119.632,119.632,115.516,0.630638
20,583,58.5029,54.1988,54.1988,50.8798,0.883552
20,600,0.0545775,0.0647425,0.0647425,0.0478312,0.831753
20,624,2.52971e-6,4.84043e-6,4.84043e-6,2.54996e-6,-0.0468494
20,648,1.22301e-10,3.61891e-10,3.61891e-10,1.35943e-10,-0.591801
21,0,0,0,0,0,0
21,1,3.71496,3.65553,3.65553,3.32955,0.682618
21,2,6.54303,6.11602,6.11602,5.15774,1.58389
21,5,3.552,5.98162,5.98162,3.68583,-0.214124
21,7,1.2837,2.70994,2.70994,1.11123,0.915266
21,24,4.4024e-5,0.00323713,0.00323713,4.16493e-5,0.33624
21,48,2.41928e-11,2.42021e-7,2.42021e-7,2.34886e-11,0.176798
21,72,1.18682e-17,1.80945e-11,1.80945e-11,1.32467e-17,-0.00620823
21,96,5.74214e-24,1.35282e-15,1.35282e-15,7.47064e-24,-7.78444e-9
21,97,18.8084,18.2777,18.2777,16.6477,0.765356
21,98,32.1815,30.5801,30.5801,25.7887,1.46186
21,101,19.3008,29.9081,29.9081,18.4291,0.278918
21,103,5.98048,13.5497,13.5497,5.55617,0.450343
21,120,0.000230746,0.0161856,0.0161856,0.000208247,0.637135
21,144,1.01464e-10,1.21011e-6,1.21011e-6,1.17443e-10,-0.802371
21,168,5.60195e-17,9.04727e-11,9.04727e-11,6.62335e-17,-0.0459999
21,192,3.20113e-23,6.76412e-15,6.76412e-15,3.73532e-23,-2.40577e-8
21,193,39.7442,36.5553,36.5553,33.2955,1.14217
21,194,55.4519,61.1602,61.1602,51.5774,0.442997
21,197,52.7742,59.8162,59.8162,36.8583,2.54647
21,199,14.2129,27.0994,27.0994,11.1123,1.64544
21,216,0.000522743,0.0323713,0.0323713,0.000416493,1.5044
21,240,2.12571e-10,2.42021e-6,2.42021e-6,2.34886e-10,-0.560252
21,264,1.17455e-16,1.80945e-10,1.80945e-10,1.32467e-16,-0.0676068
21,288,6.04061e-23,1.35282e-14,1.35282e-14,7.47064e-23,-6.44025e-8
21,289,82.5957,73.1107,73.1107,66.591,1.41735
21,290,113.588,122.32,122.32,103.155,0.596471
21,293,74.5579,119.632,119.632,73.7165,0.0673075
21,295,26.1156,54.1988,54.1988,22.2247,1.03243
21,312,0.000888912,0.0647425,0.0647425,0.000832986,0.395931
21,336,4.70209e-10,4.84043e-6,4.84043e-6,4.69773e-10,0.00547804
21,360,2.7191e-16,3.61891e-10,3.61891e-10,2.64934e-16,0.0314177
21,384,1.31968e-22,2.70565e-14,2.70565e-14,1.49413e-22,-7.85631e-8
21,385,75.2786,73.1107,73.1107,66.591,0.769353
21,386,133.058,122.32,122.32,103.155,1.70951
21,389,87.1804,119.632,119.632,73.7165,1.07708
21,391,24.1059,54.1988,54.1988,22.2247,0.499167
21,408,0.0010066,0.0647425,0.0647425,0.000832986,1.2291
21,432,4.46021e-10,4.84043e-6,4.84043e-6,4.69773e-10,-0.298158
21,456,2.6456e-16,3.61891e-10,3.61891e-10,2.64934e-16,-0.00168482
21,480,1.37807e-22,2.70565e-14,2.70565e-14,1.49413e-22,-5.22693e-8
21,481,78.7976,73.1107,73.1107,66.591,1.08099
21,482,110.745,122.32,122.32,103.155,0.433934
21,485,92.9592,119.632,119.632,73.7165,1.53937
21,487,27.3219,54.1988,54.1988,22.2247,1.35251
21,504,0.000770929,0.0647425,0.0647425,0.000832986,-0.439332
21,528,4.28569e-10,4.84043e-6,4.84043e-6,4.69773e-10,-0.517241
21,552,2.15186e-16,3.61891e-10,3.61891e-10,2.64934e-16,-0.224046
21,576,1.35593e-22,2.70565e-14,2.70565e-14,1.49413e-22,-6.22368e-8
21,577,79.7597,73.1107,73.1107,66.591,1.16619
21,578,124.076,122.32,122.32,103.155,1.19602
21,581,76.9533,119.632,119.632,73.7165,0.258932
21,583,21.3569,54.1988,54.1988,22.2247,-0.230269
21,600,0.000855938,0.0647425,0.0647425,0.000832986,0.162486
21,624,4.70904e-10,4.84043e-6,4.84043e-6,4.69773e-10,0.0142058
21,648,2.65771e-16,3.61891e-10,3.61891e-10,2.64934e-16,0.00376931
22,0,0,0,0,0,0
22,1,5.25451,3.65553,3.65553,4.09896,1.66249
22,2,9.97053,6.11602,6.11602,7.60627,1.83301
22,5,13.5177,5.98162,5.98162,11.2735,1.17393
22,7,7.4636,2.70994,2.70994,8.25396,-0.564684
22,24,0.723298,0.00323713,0.00323713,0.583157,1.41717
22,48,0.0158119,2.42021e-7,2.42021e-7,0.0138362,0.842043
22,72,0.000359123,1.80945e-11,1.80945e-11,0.000328284,0.553972
22,96,6.70519e-6,1.35282e-15,1.35282e-15,7.78902e-6,-0.820581
22,97,25.7654,18.2777,18.2777,20.4948,1.51656
22,98,48.3101,30.5801,30.5801,38.0314,1.59381
22,101,60.152,29.9081,29.9081,56.3676,0.395916
22,103,43.6727,13.5497,13.5497,41.2698,0.343346
22,120,3.15841,0.0161856,0.0161856,2.91579,0.490711
22,144,0.0901077,1.21011e-6,1.21011e-6,0.0691812,1.78382
22,168,0.00122725,9.04727e-11,9.04727e-11,0.00164142,-1.48801
22,192,3.89513e-5,6.76412e-15,6.76412e-15,3.89451e-5,0.00093525
22,193,48.5376,36.5553,36.5553,40.9896,1.08592
22,194,96.2221,61.1602,61.1602,76.0628,1.56295
22,197,147.59,59.8162,59.8162,112.735,1.82324
22,199,93.4602,27.0994,27.0994,82.5397,0.78023
22,216,8.06091,0.0323713,0.0323713,5.83157,2.25441
22,240,0.153713,2.42021e-6,2.42021e-6,0.138362,0.654275
22,264,0.00277629,1.80945e-10,1.80945e-10,0.00328285,-0.90996
22,288,7.52891e-5,1.35282e-14,1.35282e-14,7.78902e-5,-0.196929
22,289,113.426,91.3883,91.3883,102.474,0.630279
22,290,211.125,152.901,152.901,190.157,0.650274
22,293,323.073,149.54,149.54,281.838,0.862787
22,295,240.042,67.7485,67.7485,206.349,0.962897
22,312,15.8382,0.0809282,0.0809282,14.5789,0.509368
22,336,0.388852,6.05053e-6,6.05053e-6,0.345906,0.732154
22,360,0.00896631,4.52363e-10,4.52363e-10,0.00820711,0.545512
22,384,0.000180774,3.38206e-14,3.38206e-14,0.000194726,-0.422514
22,385,140.82,91.3883,91.3883,102.474,2.20671
22,386,257.303,152.901,152.901,190.157,2.08232
22,389,359.884,149.54,149.54,281.838,1.63301
22,391,261.272,67.7485,67.7485,206.349,1.56962
22,408,16.669,0.0809282,0.0809282,14.5789,0.84544
22,432,0.379554,6.05053e-6,6.05053e-6,0.345906,0.57365
22,456,0.0082908,4.52363e-10,4.52363e-10,0.00820711,0.0601284
22,480,0.000173495,3.38206e-14,3.38206e-14,0.000194726,-0.642941
22,481,124.934,91.3883,91.3883,102.474,1.29249
22,482,232.504,152.901,152.901,190.157,1.31326
22,485,351.265,149.54,149.54,281.838,1.45268
22,487,204.632,67.7485,67.7485,206.349,-0.0490815
22,504,13.8572,0.0809282,0.0809282,14.5789,-0.291931
22,528,0.333238,6.05053e-6,6.05053e-6,0.345906,-0.215965
22,552,0.00827874,4.52363e-10,4.52363e-10,0.00820711,0.0514686
22,576,0.000178259,3.38206e-14,3.38206e-14,0.000194726,-0.498674
22,577,120.845,91.3883,91.3883,102.474,1.05719
22,578,214.944,152.901,152.901,190.157,0.768683
22,581,310.652,149.54,149.54,281.838,0.602883
22,583,206.257,67.7485,67.7485,206.349,-0.0026332
22,600,16.7153,0.0809282,0.0809282,14.5789,0.864151
22,624,0.433328,6.05053e-6,6.05053e-6,0.345906,1.49041
22,648,0.00836908,4.52363e-10,4.52363e-10,0.00820711,0.11638
23,0,0,0,0,0,0
23,1,4.10107,3.65553,3.65553,3.77009,0.517724
23,2,6.41524,6.11602,6.11602,6.47995,-0.0588894
23,5,8.50008,5.98162,5.98162,7.06397,1.19889
23,7,3.71632,2.70994,2.70994,3.64954,0.10791
23,24,0.0129732,0.00323713,0.00323713,0.0133151,-0.151432
23,48,5.07595e-6,2.42021e-7,2.42021e-7,4.81522e-6,0.319321
23,72,1.74932e-9,1.80945e-11,1.80945e-11,1.74135e-9,0.0270132
23,96,6.43809e-13,1.35282e-15,1.35282e-15,6.29732e-13,0.131829
23,97,21.1239,18.2777,18.2777,18.8504,0.711208
23,98,40.1547,30.5801,30.5801,32.3997,1.41149
23,101,40.3179,29.9081,29.9081,35.3199,0.834487
23,103,24.964,13.5497,13.5497,18.2477,2.17052
23,120,0.0676773,0.0161856,0.0161856,0.0665757,0.0975727
23,144,2.67162e-5,1.21011e-6,1.21011e-6,2.40761e-5,0.646661
23,168,8.42943e-9,9.04727e-11,9.04727e-11,8.70674e-9,-0.187822
23,192,3.12575e-12,6.76412e-15,6.76412e-15,3.14866e-12,-0.0429086
23,193,49.021,36.5553,36.5553,37.7009,1.77068
23,194,82.7559,61.1602,61.1602,64.7995,1.63414
23,197,91.4882,59.8162,59.8162,70.6397,1.74048
23,199,39.5261,27.0994,27.0994,36.4954,0.489726
23,216,0.162713,0.0323713,0.0323713,0.133151,1.30927
23,240,5.14317e-5,2.42021e-6,2.42021e-6,4.81522e-5,0.401648
23,264,1.45925e-8,1.80945e-10,1.80945e-10,1.74135e-8,-0.95534
23,288,6.26066e-12,1.35282e-14,1.35282e-14,6.29732e-12,-0.0343228
23,289,109.075,91.3883,91.3883,94.2522,0.927397
23,290,169.501,152.901,152.901,161.999,0.273104
23,293,225.91,149.54,149.54,176.599,1.64663
23,295,102.382,67.7485,67.7485,91.2385,0.720239
23,312,0.347991,0.0809282,0.0809282,0.332879,0.267718
23,336,0.000121202,6.05053e-6,6.05053e-6,0.00012038,0.0402477
23,360,3.72447e-8,4.52363e-10,4.52363e-10,4.35337e-8,-0.851923
23,384,1.49745e-11,3.38206e-14,3.38206e-14,1.57433e-11,-0.287961
23,385,105.004,91.3883,91.3883,94.2522,0.672742
23,386,183.69,152.901,152.901,161.999,0.789622
23,389,195.984,149.54,149.54,176.599,0.64732
23,391,99.6501,67.7485,67.7485,91.2385,0.543678
23,408,0.386899,0.0809282,0.0809282,0.332879,0.957002
23,432,0.000118027,6.05053e-6,6.05053e-6,0.00012038,-0.115272
23,456,3.9874e-8,4.52363e-10,4.52363e-10,4.35337e-8,-0.495743
23,480,1.52546e-11,3.38206e-14,3.38206e-14,1.57433e-11,-0.183064
23,481,103.048,91.3883,91.3883,94.2522,0.550333
23,482,206.184,152.901,152.901,161.999,1.60846
23,485,193.138,149.54,149.54,176.599,0.552266
23,487,125.112,67.7485,67.7485,91.2385,2.18943
23,504,0.454769,0.0809282,0.0809282,0.332879,2.15936
23,528,0.000131617,6.05053e-6,6.05053e-6,0.00012038,0.550453
23,552,4.85292e-8,4.52363e-10,4.52363e-10,4.35337e-8,0.676696
23,576,1.46147e-11,3.38206e-14,3.38206e-14,1.57433e-11,-0.422744
23,577,94.4104,91.3883,91.3883,94.2522,0.00989837
23,578,155.382,152.901,152.901,161.999,-0.240861
23,581,200.678,149.54,149.54,176.599,0.804073
23,583,123.828,67.7485,67.7485,91.2385,2.10639
23,600,0.461199,0.0809282,0.0809282,0.332879,2.27328
23,624,0.000122651,6.05053e-6,6.05053e-6,0.00012038,0.111225
23,648,4.04692e-8,4.52363e-10,4.52363e-10,4.35337e-8,-0.415128
24,0,0,0,0,0,0
24,1,4.89771,3.65553,3.65553,3.71977,1.86745
24,2,7.2938,6.11602,6.11602,6.3183,0.910473
24,5,7.4617,5.98162,5.98162,6.56778,0.802646
24,7,3.59376,2.70994,2.70994,3.20512,0.715051
24,24,0.00786285,0.00323713,0.00323713,0.00720223,0.540907
24,48,1.53678e-6,2.42021e-7,2.42021e-7,1.31396e-6,1.00004
24,72,2.57837e-10,1.80945e-11,1.80945e-11,2.39715e-10,0.445814
24,96,3.91093e-14,1.35282e-15,1.35282e-15,4.3733e-14,-0.623479
24,97,20.3737,18.2777,18.2777,18.5988,0.562744
24,98,40.6462,30.5801,30.5801,31.5915,1.69023
24,101,36.0626,29.9081,29.9081,32.8389,0.578916
24,103,17.1314,13.5497,13.5497,16.0256,0.406899
24,120,0.0402053,0.0161856,0.0161856,0.0360112,0.686831
24,144,7.67441e-6,1.21011e-6,1.21011e-6,6.56979e-6,0.991526
24,168,1.12745e-9,9.04727e-11,9.04727e-11,1.19858e-9,-0.349966
24,192,2.11615e-13,6.76412e-15,6.76412e-15,2.18665e-13,-0.190123
24,193,46.2281,36.5553,36.5553,37.1977,1.43164
24,194,76.6071,61.1602,61.1602,63.183,1.25293
24,197,65.5939,59.8162,59.8162,65.6778,-0.00753432
24,199,31.9235,27.0994,27.0994,32.0512,-0.0234969
24,216,0.100855,0.0323713,0.0323713,0.0720223,2.3608
24,240,1.39468e-5,2.42021e-6,2.42021e-6,1.31396e-5,0.362281
24,264,2.07965e-9,1.80945e-10,1.80945e-10,2.39715e-9,-0.781075
24,288,4.28679e-13,1.35282e-14,1.35282e-14,4.3733e-13,-0.116657
24,289,120.088,91.3883,91.3883,92.9942,1.71814
24,290,173.571,152.901,152.901,157.958,0.582924
24,293,201.243,149.54,149.54,164.194,1.33062
24,295,98.9081,67.7485,67.7485,80.1281,1.38214
24,312,0.180352,0.0809282,0.0809282,0.180056,0.00971208
24,336,3.52036e-5,6.05053e-6,6.05053e-6,3.28489e-5,0.422709
24,360,6.50076e-9,4.52363e-10,4.52363e-10,5.99288e-9,0.499763
24,384,1.14603e-12,3.38206e-14,3.38206e-14,1.09333e-12,0.284268
24,385,94.2883,91.3883,91.3883,92.9942,0.0820646
24,386,174.843,152.901,152.901,157.958,0.630378
24,389,187.38,149.54,149.54,164.194,0.832709
24,391,102.479,67.7485,67.7485,80.1281,1.64495
24,408,0.208394,0.0809282,0.0809282,0.180056,0.928112
24,432,2.79625e-5,6.05053e-6,6.05053e-6,3.28489e-5,-0.877229
24,456,6.11884e-9,4.52363e-10,4.52363e-10,5.99288e-9,0.123949
24,480,1.0178e-12,3.38206e-14,3.38206e-14,1.09333e-12,-0.407383
24,481,116.481,91.3883,91.3883,92.9942,1.48941
24,482,195.043,152.901,152.901,157.958,1.38455
24,485,198.887,149.54,149.54,164.194,1.246
24,487,85.7511,67.7485,67.7485,80.1281,0.413834
24,504,0.199453,0.0809282,0.0809282,0.180056,0.635288
24,528,3.39527e-5,6.05053e-6,6.05053e-6,3.28489e-5,0.198158
24,552,5.98283e-9,4.52363e-10,4.52363e-10,5.99288e-9,-0.00988907
24,576,1.08852e-12,3.38206e-14,3.38206e-14,1.09333e-12,-0.0259162
24,577,115.01,91.3883,91.3883,92.9942,1.39611
24,578,166.106,152.901,152.901,157.958,0.304204
24,581,185.17,149.54,149.54,164.194,0.753357
24,583,97.2865,67.7485,67.7485,80.1281,1.2628
24,600,0.195932,0.0809282,0.0809282,0.180056,0.51998
24,624,3.93663e-5,6.05053e-6,6.05053e-6,3.28489e-5,1.17001
24,648,5.91067e-9,4.52363e-10,4.52363e-10,5.99288e-9,-0.0808953
25,0,0,0,0,0,0
25,1,4.24897,3.65553,3.65553,3.75555,0.774786
25,2,6.96766,6.11602,6.11602,6.43295,0.49017
25,5,7.49019,5.98162,5.98162,6.91712,0.488567
25,7,4.37361,2.70994,2.70994,3.51566,1.43912
25,24,0.0112235,0.00323713,0.00323713,0.0111608,0.0331233
25,48,2.98233e-6,2.42021e-7,2.42021e-7,3.31641e-6,-0.594059
25,72,1.14954e-9,1.80945e-11,1.80945e-11,9.85466e-10,0.98182
25,96,2.72814e-13,1.35282e-15,1.35282e-15,2.92829e-13,-0.403072
25,97,21.2493,18.2777,18.2777,18.7777,0.776176
25,98,38.5367,30.5801,30.5801,32.1648,1.16825
25,101,39.4321,29.9081,29.9081,34.5856,0.826364
25,103,18.0572,13.5497,13.5497,17.5783,0.160665
25,120,0.0664671,0.0161856,0.0161856,0.0558041,1.12683
25,144,1.71892e-5,1.21011e-6,1.21011e-6,1.65821e-5,0.215909
25,168,6.06463e-9,9.04727e-11,9.04727e-11,4.92733e-9,1.36115
25,192,1.25375e-12,6.76412e-15,6.76412e-15,1.46415e-12,-0.84742
25,193,42.914,36.5553,36.5553,37.5555,0.841418
25,194,65.6527,61.1602,61.1602,64.3295,0.121295
25,197,88.3637,59.8162,59.8162,69.1712,1.63624
25,199,41.7598,27.0994,27.0994,35.1566,1.10763
25,216,0.143931,0.0323713,0.0323713,0.111608,1.7079
25,240,3.38729e-5,2.42021e-6,2.42021e-6,3.31641e-5,0.126024
25,264,1.0765e-8,1.80945e-10,1.80945e-10,9.85466e-9,0.544733
25,288,3.14315e-12,1.35282e-14,1.35282e-14,2.92829e-12,0.432679
25,289,105.252,91.3883,91.3883,93.8887,0.713744
25,290,183.503,152.901,152.901,160.824,0.831601
25,293,183.495,149.54,149.54,172.928,0.360339
25,295,94.6215,67.7485,67.7485,87.8915,0.451556
25,312,0.316248,0.0809282,0.0809282,0.27902,0.786804
25,336,9.3461e-5,6.05053e-6,6.05053e-6,8.29104e-5,0.750435
25,360,2.26112e-8,4.52363e-10,4.52363e-10,2.46367e-8,-0.484816
25,384,6.79014e-12,3.38206e-14,3.38206e-14,7.32074e-12,-0.427415
25,385,97.0472,91.3883,91.3883,93.8887,0.198385
25,386,181.536,152.901,152.901,160.824,0.759464
25,389,210.097,149.54,149.54,172.928,1.26753
25,391,91.79,67.7485,67.7485,87.8915,0.261579
25,408,0.336657,0.0809282,0.0809282,0.27902,1.21817
25,432,8.21598e-5,6.05053e-6,6.05053e-6,8.29104e-5,-0.0533867
25,456,2.35848e-8,4.52363e-10,4.52363e-10,2.46367e-8,-0.251774
25,480,6.70205e-12,3.38206e-14,3.38206e-14,7.32074e-12,-0.498374
25,481,115.979,91.3883,91.3883,93.8887,1.38752
25,482,176.293,152.901,152.901,160.824,0.567245
25,485,207.273,149.54,149.54,172.928,1.17123
25,487,104.611,67.7485,67.7485,87.8915,1.12179
25,504,0.246797,0.0809282,0.0809282,0.27902,-0.681045
25,528,9.28846e-5,6.05053e-6,6.05053e-6,8.29104e-5,0.709433
25,552,2.13121e-8,4.52363e-10,4.52363e-10,2.46367e-8,-0.795774
25,576,5.76724e-12,3.38206e-14,3.38206e-14,7.32074e-12,-1.2514
25,577,108.834,91.3883,91.3883,93.8887,0.938707
25,578,204.591,152.901,152.901,160.824,1.60486
25,581,183.916,149.54,149.54,172.928,0.374698
25,583,97.0468,67.7485,67.7485,87.8915,0.614287
25,600,0.308491,0.0809282,0.0809282,0.27902,0.622869
25,624,8.68943e-5,6.05053e-6,6.05053e-6,8.29104e-5,0.283364
25,648,2.61204e-8,4.52363e-10,4.52363e-10,2.46367e-8,0.355155
26,0,0,0,0,0,0
26,1,4.3007,3.65553,3.65553,3.55402,1.23897
26,2,6.96621,6.11602,6.11602,5.80547,1.17908
26,5,5.47743,5.98162,5.98162,5.15367,0.370462
26,7,2.67969,2.70994,2.70994,2.06825,1.74337
26,24,0.000930327,0.00323713,0.00323713,0.000881533,0.32642
26,48,1.41228e-8,2.42021e-7,2.42021e-7,1.53843e-8,-0.483555
26,72,2.76326e-13,1.80945e-11,1.80945e-11,2.68482e-13,0.172295
27,0,0,0,0,0,0
27,1,5.3331,3.65553,3.65553,3.82944,2.31557
27,2,6.48798,6.11602,6.11602,6.67419,-0.164525
27,5,7.84885,5.98162,5.98162,7.69406,0.118637
27,7,5.38857,2.70994,2.70994,4.24593,1.587
27,24,0.0291321,0.00323713,0.00323713,0.0271283,0.435584
27,48,2.48933e-5,2.42021e-7,2.42021e-7,2.16388e-5,0.886955
27,72,1.50193e-8,1.80945e-11,1.80945e-11,1.72601e-8,-0.765604
28,0,0,0,0,0,0
28,1,3.50657,3.65553,3.65553,3.40628,0.173612
28,2,5.47357,6.11602,6.11602,5.37322,0.110141
28,5,5.033,5.98162,5.98162,4.1373,1.2767
28,7,1.42244,2.70994,2.70994,1.37954,0.183398
28,24,0.000123611,0.00323713,0.00323713,0.000121727,0.0912662
28,48,2.28221e-10,2.42021e-7,2.42021e-7,2.29932e-10,-0.0438727
28,72,4.17658e-16,1.80945e-11,1.80945e-11,4.34323e-16,-0.075056
29,0,0,0,0,0,0
29,1,4.87348,3.65553,3.65553,4.00924,1.2712
29,2,7.64564,6.11602,6.11602,7.2868,0.290403
29,5,12.2568,5.98162,5.98162,9.93808,1.37588
29,7,8.57939,2.70994,2.70994,6.64172,1.72045
29,24,0.237553,0.00323713,0.00323713,0.216068,0.586375
29,48,0.00151016,2.42021e-7,2.42021e-7,0.00171524,-0.705063
29,72,1.49593e-5,1.80945e-11,1.80945e-11,1.36162e-5,0.581668
30,0,0,0,0,0,0
30,1,3.59102,3.65553,3.65553,3.0727,0.994774
30,2,4.99962,6.11602,6.11602,4.48018,0.683729
30,5,3.33621,5.98162,5.98162,2.48279,2.02705
30,7,0.537608,2.70994,2.70994,0.520938,0.188706
30,24,9.79165e-7,0.00323713,0.00323713,8.96357e-7,0.544794
30,48,5.51701e-15,2.42021e-7,2.42021e-7,6.52588e-15,-0.911673
30,72,3.69959e-23,1.80945e-11,1.80945e-11,4.75113e-23,-4.73572e-8
30,96,2.65478e-31,1.35282e-15,1.35282e-15,3.45904e-31,-3.62203e-16
30,97,17.4809,18.2777,18.2777,15.3635,0.812737
30,98,28.7801,30.5801,30.5801,22.4009,1.67935
30,101,12.316,29.9081,29.9081,12.4139,-0.0465449
30,103,3.26003,13.5497,13.5497,2.60469,1.48372
30,120,4.50749e-6,0.0161856,0.0161856,4.48179e-6,0.0338257
30,144,3.09578e-14,1.21011e-6,1.21011e-6,3.26294e-14,-0.302104
30,168,2.20236e-22,9.04727e-11,9.04727e-11,2.37557e-22,-7.80056e-8
30,192,1.61651e-30,6.76412e-15,6.76412e-15,1.72952e-30,-5.08922e-16
30,193,35.3578,36.5553,36.5553,30.727,0.888757
30,194,53.857,61.1602,61.1602,44.8018,1.19192
30,197,32.6891,59.8162,59.8162,24.8279,1.8672
30,199,5.49186,27.0994,27.0994,5.20938,0.319772
30,216,9.58931e-6,0.0323713,0.0323713,8.96357e-6,0.411671
30,240,6.10924e-14,2.42021e-6,2.42021e-6,6.52588e-14,-0.376501
30,264,3.98495e-22,1.80945e-10,1.80945e-10,4.75113e-22,-3.45056e-7
30,288,2.50559e-30,1.35282e-14,1.35282e-14,3.45904e-30,-4.29395e-15
30,289,96.9769,91.3883,91.3883,76.8175,1.5476
30,290,107.936,152.901,152.901,112.005,-0.214199
30,293,65.1321,149.54,149.54,62.0697,0.290953
30,295,14.4375,67.7485,67.7485,13.0234,0.640297
30,312,2.72297e-5,0.0809282,0.0809282,2.24089e-5,1.26864
30,336,1.35004e-13,6.05053e-6,6.05053e-6,1.63147e-13,-1.01727
30,360,1.07894e-21,4.52363e-10,4.52363e-10,1.18778e-21,-4.9017e-7
30,384,6.34748e-30,3.38206e-14,3.38206e-14,8.64759e-30,-1.03588e-14
30,385,88.4443,91.3883,91.3883,76.8175,0.892573
30,386,129.909,152.901,152.901,112.005,0.942663
30,389,80.1547,149.54,149.54,62.0697,1.71823
30,391,12.7961,67.7485,67.7485,13.0234,-0.102944
30,408,2.26765e-5,0.0809282,0.0809282,2.24089e-5,0.0704103
30,432,1.73106e-13,6.05053e-6,6.05053e-6,1.63147e-13,0.359974
30,456,9.43694e-22,4.52363e-10,4.52363e-10,1.18778e-21,-1.09928e-6
30,480,6.20099e-30,3.38206e-14,3.38206e-14,8.64759e-30,-1.10185e-14
30,481,109.851,91.3883,91.3883,76.8175,2.53594
30,482,143.131,152.901,152.901,112.005,1.63884
30,485,73.3872,149.54,149.54,62.0697,1.07526
30,487,15.1318,67.7485,67.7485,13.0234,0.954664
30,504,2.65751e-5,0.0809282,0.0809282,2.24089e-5,1.09638
30,528,1.3519e-13,6.05053e-6,6.05053e-6,1.63147e-13,-1.01055
30,552,1.02271e-21,4.52363e-10,4.52363e-10,1.18778e-21,-7.43439e-7
30,576,5.92531e-30,3.38206e-14,3.38206e-14,8.64759e-30,-1.22601e-14
30,577,99.9108,91.3883,91.3883,76.8175,1.77284
30,578,126.741,152.901,152.901,112.005,0.775912
30,581,83.0497,149.54,149.54,62.0697,1.99328
30,583,16.6904,67.7485,67.7485,13.0234,1.66042
30,600,2.47124e-5,0.0809282,0.0809282,2.24089e-5,0.606191
30,624,1.9326e-13,6.05053e-6,6.05053e-6,1.63147e-13,1.08847
30,648,1.22806e-21,4.52363e-10,4.52363e-10,1.18778e-21,1.81398e-7