id,time,y2,popPred_medianCOV,popPred,indivPred_SAEM,indWRes_SAEM
1,0,0,0,0,0,0
1,1,144.252,103.119,103.119,101.696,1.93512
1,2,323.459,213.661,213.661,275.967,0.795815
1,5,534.435,278.034,278.034,471.677,0.61528
1,7,401.84,226.152,226.152,360.125,0.535655
1,24,9.87858,13.7516,13.7516,10.4139,-0.237697
1,48,0.0474307,0.213037,0.213037,0.0601087,-0.975355
1,72,0.000208996,0.00330773,0.00330773,0.000347121,-1.8401
1,96,2.917e-6,5.13944e-5,5.13944e-5,2.04817e-6,1.96164
1,97,64.3917,18.0616,18.0616,60.361,0.308796
1,98,211.789,58.2677,58.2677,182.711,0.735947
1,101,505.813,188.831,188.831,482.841,0.220012
1,103,433.26,189.34,189.34,411.968,0.238997
1,120,11.1208,14.8832,14.8832,12.9454,-0.65178
1,144,0.0561508,0.231183,0.231183,0.074344,-1.13165
1,168,0.000200588,0.00359007,0.00359007,0.000426017,-2.44699
1,192,3.78606e-6,5.58727e-5,5.58727e-5,2.37458e-6,2.74877
1,193,69.4663,22.3533,22.3533,62.8665,0.485474
1,194,219.987,72.1407,72.1407,191.021,0.70121
1,197,511.893,237.567,237.567,523.732,-0.104539
1,199,591.154,240.683,240.683,455.841,1.3727
1,216,12.8996,19.2546,19.2546,14.7145,-0.570369
1,240,0.0610038,0.303129,0.303129,0.0855931,-1.32849
1,264,0.000264767,0.00473459,0.00473459,0.000493419,-2.14293
1,288,2.39041e-6,7.38236e-5,7.38236e-5,3.01646e-6,-0.959754
1,289,43.1806,16.4105,16.4105,42.7894,0.0422708
1,290,151.381,53.045,53.045,130.414,0.743496
1,293,428.865,177.08,177.08,369.44,0.74383
1,295,380.032,181.71,181.71,326.001,0.766424
1,312,10.4154,15.0032,15.0032,10.7079,-0.126315
1,336,0.0439631,0.235193,0.235193,0.0619677,-1.34359
1,360,0.000196504,0.0036522,0.0036522,0.000358737,-2.09129
1,384,3.9782e-6,5.6668e-5,5.6668e-5,2.30867e-6,3.34411
1,385,39.8503,14.0943,14.0943,35.2672,0.600949
1,386,95.3183,45.5782,45.5782,107.573,-0.52682
1,389,366.558,153.732,153.732,305.759,0.919525
1,391,310.338,158.049,158.049,271.198,0.667385
1,408,8.67423,13.182,13.182,8.97555,-0.155243
1,432,0.038363,0.207216,0.207216,0.0514857,-1.17865
1,456,0.000188813,0.00320881,0.00320881,0.000295125,-1.66582
1,480,9.37705e-7,4.97434e-5,4.97434e-5,1.72513e-6,-2.11075
1,481,28.3715,12.7474,12.7474,30.9478,-0.38495
1,482,97.0293,41.2311,41.2311,94.4344,0.127071
1,485,328.436,139.721,139.721,271.383,0.972164
1,487,233.166,143.513,143.513,240.905,-0.148549
1,504,8.79086,12.0501,12.0501,7.98967,0.463719
1,528,0.0432764,0.190235,0.190235,0.0459708,-0.271036
1,552,0.000158714,0.00297065,0.00297065,0.000263006,-1.83372
1,576,3.6849e-6,4.62831e-5,4.62831e-5,1.49588e-6,6.76712
1,577,34.6445,11.8405,11.8405,28.0233,1.09261
1,578,80.5289,38.3025,38.3025,85.5302,-0.270405
1,581,277.461,129.885,129.885,244.875,0.615377
1,583,236.28,133.796,133.796,217.751,0.393485
1,600,6.77548,11.2518,11.2518,7.30259,-0.333787
1,624,0.0350802,0.179468,0.179468,0.0421816,-0.778522
1,648,0.000155393,0.00282875,0.00282875,0.000243682,-1.67545
2,0,0,0,0,0,0
2,1,52.5862,103.119,103.119,58.4213,-0.461872
2,2,82.006,213.661,213.661,83.3129,-0.0725446
2,5,79.1511,278.034,278.034,85.1176,-0.324153
2,7,55.9469,226.152,226.152,65.2216,-0.657589
2,24,3.52774,13.7516,13.7516,3.75659,-0.281714
2,48,0.0548365,0.213037,0.213037,0.0634491,-0.627711
2,72,0.00105022,0.00330773,0.00330773,0.00107342,-0.0999438
2,96,1.98134e-5,5.13944e-5,5.13944e-5,1.81637e-5,0.420005
2,97,7.97849,18.0616,18.0616,7.82492,0.0907594
2,98,21.4978,58.2677,58.2677,23.4985,-0.393713
2,101,66.409,188.831,188.831,64.6716,0.124233
2,103,54.8599,189.34,189.34,57.0805,-0.1799
2,120,3.35312,14.8832,14.8832,3.54534,-0.250722
2,144,0.0628623,0.231183,0.231183,0.0608551,0.15253
2,168,0.000874144,0.00359007,0.00359007,0.00104298,-0.748579
2,192,1.73347e-5,5.58727e-5,5.58727e-5,1.78807e-5,-0.1412
2,193,11.9241,22.3533,22.3533,11.0316,0.374101
2,194,35.3234,72.1407,72.1407,33.1497,0.303237
2,197,99.0701,237.567,237.567,91.9205,0.35968
2,199,78.6915,240.683,240.683,81.6878,-0.169621
2,216,5.49491,19.2546,19.2546,5.07704,0.380605
2,240,0.0950224,0.303129,0.303129,0.0853204,0.525843
2,264,0.00149239,0.00473459,0.00473459,0.0014322,0.19437
2,288,2.57653e-5,7.38236e-5,7.38236e-5,2.41875e-5,0.301655
2,289,9.39175,16.4105,16.4105,8.89988,0.255572
2,290,31.0511,53.045,53.045,26.7906,0.735396
2,293,75.5551,177.08,177.08,75.5926,-0.0022902
2,295,70.5461,181.71,181.71,67.5747,0.203344
2,312,5.14439,15.0032,15.0032,4.20913,1.02752
2,336,0.0782219,0.235193,0.235193,0.0712075,0.455527
2,360,0.00131023,0.0036522,0.0036522,0.00120544,0.402001
2,384,2.36179e-5,5.6668e-5,5.6668e-5,2.05177e-5,0.698724
2,385,9.18657,14.0943,14.0943,8.0527,0.651134
2,386,32.2698,45.5782,45.5782,24.252,1.52884
2,389,71.315,153.732,153.732,69.0487,0.151779
2,391,56.6436,158.049,158.049,61.8441,-0.38886
2,408,4.18947,13.182,13.182,3.88247,0.365661
2,432,0.0576006,0.207216,0.207216,0.0666753,-0.62939
2,456,0.00110811,0.00320881,0.00320881,0.00114366,-0.143728
2,480,1.8828e-5,4.97434e-5,4.97434e-5,1.9528e-5,-0.165769
2,481,5.757,12.7474,12.7474,7.56448,-1.10495
2,482,24.7976,41.2311,41.2311,22.7865,0.408136
2,485,78.2203,139.721,139.721,64.6684,0.969073
2,487,61.1435,143.513,143.513,58.0228,0.248721
2,504,3.83054,12.0501,12.0501,3.64545,0.234788
2,528,0.0640688,0.190235,0.190235,0.0620913,0.14728
2,552,0.00133338,0.00297065,0.00297065,0.00105838,1.20157
2,576,2.33009e-5,4.62831e-5,4.62831e-5,1.77237e-5,1.45518
2,577,7.97324,11.8405,11.8405,7.24071,0.467838
2,578,24.3241,38.3025,38.3025,21.8139,0.532141
2,581,77.5114,129.885,129.885,61.8091,1.17479
2,583,65.0137,133.796,133.796,55.3108,0.811219
2,600,3.93646,11.2518,11.2518,3.48045,0.605877
2,624,0.0655413,0.179468,0.179468,0.0596784,0.454304
2,648,0.00125597,0.00282875,0.00282875,0.00102271,1.05468
3,0,0,0,0,0,0
3,1,85.2479,103.119,103.119,68.3427,1.14387
3,2,119.291,213.661,213.661,105.519,0.603581
3,5,102.97,278.034,278.034,112.551,-0.39365
3,7,91.048,226.152,226.152,87.8615,0.16771
3,24,7.74325,13.7516,13.7516,6.45413,0.92365
3,48,0.182357,0.213037,0.213037,0.157766,0.720806
3,72,0.00380401,0.00330773,0.00330773,0.00385338,-0.0592506
3,96,8.60151e-5,5.13944e-5,5.13944e-5,9.3833e-5,-0.385287
3,97,9.70737,18.0616,18.0616,9.14542,0.284146
3,98,26.4924,58.2677,58.2677,27.3204,-0.140143
3,101,84.6443,188.831,188.831,74.8909,0.602248
3,103,68.5833,189.34,189.34,66.5142,0.14385
3,120,5.60225,14.8832,14.8832,5.1466,0.409413
3,144,0.115335,0.231183,0.231183,0.12466,-0.345884
3,168,0.00275485,0.00359007,0.00359007,0.00301885,-0.40439
3,192,9.43925e-5,5.58727e-5,5.58727e-5,7.30891e-5,1.34786
3,193,12.8067,22.3533,22.3533,12.7532,0.0193933
3,194,33.2168,72.1407,72.1407,38.1102,-0.593767
3,197,97.0168,237.567,237.567,104.751,-0.341432
3,199,83.7426,240.683,240.683,93.405,-0.478369
3,216,7.26755,19.2546,19.2546,7.25299,0.00928407
3,240,0.178399,0.303129,0.303129,0.175869,0.0665117
3,264,0.00404133,0.00473459,0.00473459,0.00425971,-0.237074
3,288,0.000114014,7.38236e-5,7.38236e-5,0.000103093,0.489879
3,289,9.61596,16.4105,16.4105,10.0176,-0.185415
3,290,26.837,53.045,53.045,29.9869,-0.485744
3,293,86.129,177.08,177.08,83.6371,0.137782
3,295,80.9482,181.71,181.71,75.1236,0.358544
3,312,6.29639,15.0032,15.0032,5.84206,0.35963
3,336,0.105958,0.235193,0.235193,0.139574,-1.11374
3,360,0.00277847,0.0036522,0.0036522,0.003335,-0.771684
3,384,7.42368e-5,5.6668e-5,5.6668e-5,7.99488e-5,-0.330386
3,385,10.2397,14.0943,14.0943,8.90357,0.693953
3,386,24.9153,45.5782,45.5782,26.6652,-0.303481
3,389,70.3879,153.732,153.732,75.1036,-0.290361
3,391,67.1193,158.049,158.049,67.5148,-0.0270895
3,408,4.83718,13.182,13.182,5.24121,-0.356471
3,432,0.136681,0.207216,0.207216,0.125292,0.420333
3,456,0.0036696,0.00320881,0.00320881,0.00299334,1.04473
3,480,6.44474e-5,4.97434e-5,4.97434e-5,7.15765e-5,-0.460591
3,481,9.06124,12.7474,12.7474,8.25144,0.453836
3,482,28.4372,41.2311,41.2311,24.7179,0.695817
3,485,67.7069,139.721,139.721,69.5076,-0.119802
3,487,65.412,143.513,143.513,62.6294,0.205453
3,504,5.46149,12.0501,12.0501,4.89625,0.533852
3,528,0.149153,0.190235,0.190235,0.118889,1.17716
3,552,0.00248742,0.00297065,0.00297065,0.00288336,-0.635003
3,576,7.68334e-5,4.62831e-5,4.62831e-5,6.98468e-5,0.462563
3,577,8.63951,11.8405,11.8405,7.81259,0.489465
3,578,22.6678,38.3025,38.3025,23.4076,-0.146163
3,581,82.7625,129.885,129.885,65.6111,1.20885
3,583,65.1163,133.796,133.796,59.1773,0.464099
3,600,5.48023,11.2518,11.2518,4.63071,0.848347
3,624,0.113237,0.179468,0.179468,0.112308,0.0382216
3,648,0.00324957,0.00282875,0.00282875,0.00272302,0.894207
4,0,0,0,0,0,0
4,1,76.8602,103.119,103.119,66.0711,0.755127
4,2,102.238,213.661,213.661,99.6715,0.119095
4,5,131.523,278.034,278.034,116.948,0.576312
4,7,104.635,226.152,226.152,99.4181,0.242635
4,24,9.22099,13.7516,13.7516,8.26128,0.537204
4,48,0.179133,0.213037,0.213037,0.160531,0.535867
4,72,0.00284233,0.00330773,0.00330773,0.00295829,-0.181254
4,96,5.96601e-5,5.13944e-5,5.13944e-5,5.42716e-5,0.459143
4,97,7.51621,18.0616,18.0616,7.3466,0.106764
4,98,22.8788,58.2677,58.2677,24.6219,-0.32737
4,101,109.008,188.831,188.831,89.6607,0.997842
4,103,92.8528,189.34,189.34,99.2594,-0.298477
4,120,14.0719,14.8832,14.8832,13.0137,0.375995
4,144,0.246048,0.231183,0.231183,0.269993,-0.410115
4,168,0.00526499,0.00359007,0.00359007,0.00505065,0.196246
4,192,9.33285e-5,5.58727e-5,5.58727e-5,9.34597e-5,-0.00648983
4,193,11.6574,22.3533,22.3533,10.2005,0.66049
4,194,34.4777,72.1407,72.1407,34.1854,0.0395392
4,197,112.725,237.567,237.567,126.742,-0.511419
4,199,140.855,240.683,240.683,141.757,-0.0294374
4,216,15.9884,19.2546,19.2546,19.3955,-0.812331
4,240,0.433711,0.303129,0.303129,0.405293,0.324248
4,264,0.0089657,0.00473459,0.00473459,0.00759661,0.833415
4,288,0.000129038,7.38236e-5,7.38236e-5,0.000141058,-0.394053
4,289,19.7399,31.5635,31.5635,16.2929,0.978351
4,290,53.6977,101.694,101.694,54.4891,-0.067165
4,293,160.648,335.773,335.773,201.352,-0.934827
4,295,253.352,341.731,341.731,226.737,0.542828
4,312,31.8597,27.8701,27.8701,31.8571,0.000366209
4,336,0.763561,0.439465,0.439465,0.668964,0.653916
4,360,0.0139479,0.00686174,0.00686174,0.0125274,0.524357
4,384,0.000231899,0.000107048,0.000107048,0.000232092,-0.00383822
4,385,15.1345,24.5096,24.5096,14.3993,0.236095
4,386,47.045,79.0637,79.0637,48.1844,-0.109352
4,389,180.43,263.801,263.801,179.16,0.032776
4,391,180.7,271.146,271.146,202.498,-0.4978
4,408,29.4861,22.5827,22.5827,29.2217,0.0418468
4,432,0.575621,0.358518,0.358518,0.610596,-0.264883
4,456,0.0104127,0.00562969,0.00562969,0.0113835,-0.394378
4,480,0.000205203,8.83936e-5,8.83936e-5,0.000209503,-0.0949188
4,481,15.9969,21.5445,21.5445,13.6461,0.796627
4,482,54.2263,69.5251,69.5251,45.6708,0.866278
4,485,154.573,234.076,234.076,169.933,-0.418007
4,487,198.998,240.883,240.883,192.511,0.155831
4,504,29.2234,20.0497,20.0497,27.831,0.23135
4,528,0.648401,0.315369,0.315369,0.582848,0.520097
4,552,0.0102877,0.00485807,0.00485807,0.0107793,-0.210886
4,576,0.000234966,7.47793e-5,7.47793e-5,0.00019732,0.882267
4,577,13.5165,19.7903,19.7903,13.2247,0.102028
4,578,43.5645,63.8756,63.8756,44.2633,-0.0730031
4,581,152.66,213.826,213.826,164.549,-0.334136
4,583,185.913,220.989,220.989,186.917,-0.0248328
4,600,32.4272,18.6208,18.6208,27.1464,0.899578
4,624,0.747212,0.297258,0.297258,0.573504,1.40066
4,648,0.0106044,0.00469119,0.00469119,0.0107557,-0.0650621
5,0,0,0,0,0,0
5,1,73.9866,103.119,103.119,68.2043,0.392051
5,2,115.209,213.661,213.661,112.87,0.0958057
5,5,127.608,278.034,278.034,128.975,-0.0490021
5,7,90.4442,226.152,226.152,103.959,-0.601168
5,24,8.60082,13.7516,13.7516,8.60073,4.73943e-5
5,48,0.228476,0.213037,0.213037,0.238677,-0.197648
5,72,0.00646716,0.00330773,0.00330773,0.00661627,-0.104215
5,96,0.000189472,5.13944e-5,5.13944e-5,0.000183309,0.155478
5,97,10.2818,18.0616,18.0616,8.81561,0.769103
5,98,26.5034,58.2677,58.2677,27.3919,-0.149998
5,101,61.7377,188.831,188.831,81.9424,-1.14023
5,103,77.0804,189.34,189.34,77.9027,-0.0488143
5,120,6.77552,14.8832,14.8832,7.15385,-0.244557
5,144,0.226909,0.231183,0.231183,0.198351,0.665799
5,168,0.00523361,0.00359007,0.00359007,0.00550079,-0.224608
5,192,0.000162327,5.58727e-5,5.58727e-5,0.000152451,0.299579
5,193,11.2108,22.3533,22.3533,12.138,-0.353272
5,194,41.3586,72.1407,72.1407,37.7177,0.44639
5,197,118.844,237.567,237.567,115.597,0.129891
5,199,100.804,240.683,240.683,109.82,-0.379638
5,216,10.1352,19.2546,19.2546,10.1481,-0.00588572
5,240,0.255489,0.303129,0.303129,0.281358,-0.425183
5,264,0.00871374,0.00473459,0.00473459,0.00780292,0.539794
5,288,0.00019626,7.38236e-5,7.38236e-5,0.00021639,-0.430189
5,289,18.8549,31.5635,31.5635,18.1607,0.176771
5,290,58.5337,101.694,101.694,56.3599,0.17836
5,293,194.501,335.773,335.773,170.959,0.636789
5,295,155.029,341.731,341.731,163.907,-0.25046
5,312,15.9755,27.8701,27.8701,15.1724,0.244767
5,336,0.404585,0.439465,0.439465,0.421006,-0.180366
5,360,0.0104191,0.00686174,0.00686174,0.0117515,-0.524299
5,384,0.000357793,0.000107048,0.000107048,0.000325262,0.462511
5,385,17.4525,24.5096,24.5096,14.88,0.799466
5,386,48.7453,79.0637,79.0637,46.2323,0.251356
5,389,142.951,263.801,263.801,142.32,0.0205051
5,391,138.172,271.146,271.146,137.026,0.0386874
5,408,15.2153,22.5827,22.5827,12.7781,0.882013
5,432,0.361378,0.358518,0.358518,0.352333,0.118717
5,456,0.00913653,0.00562969,0.00562969,0.00972999,-0.282049
5,480,0.000288508,8.83936e-5,8.83936e-5,0.000268504,0.344513
5,481,15.1046,21.5445,21.5445,13.4868,0.554693
5,482,44.3517,69.5251,69.5251,41.9184,0.268439
5,485,119.006,234.076,234.076,129.429,-0.372372
5,487,130.188,240.883,240.883,124.945,0.194026
5,504,14.1928,20.0497,20.0497,11.6724,0.998518
5,528,0.373436,0.315369,0.315369,0.324096,0.704009
5,552,0.0103357,0.00485807,0.00485807,0.00901728,0.676146
5,576,0.000276462,7.47793e-5,7.47793e-5,0.000249309,0.50365
5,577,15.8847,19.7903,19.7903,12.6686,1.17398
5,578,54.6906,63.8756,63.8756,39.3815,1.79766
5,581,128.684,213.826,213.826,121.097,0.289754
5,583,112.264,220.989,220.989,117.084,-0.190375
5,600,12.7876,18.6208,18.6208,10.963,0.769649
5,624,0.324344,0.297258,0.297258,0.304778,0.296865
5,648,0.0110778,0.00469119,0.00469119,0.00845405,1.43517
6,0,0,0,0,0,0
6,1,92.2482,103.119,103.119,109.863,-0.741433
6,2,260.253,213.661,213.661,315.649,-0.811567
6,5,567.214,278.034,278.034,624.289,-0.422777
6,7,654.014,226.152,226.152,559.438,0.781774
6,24,61.3685,13.7516,13.7516,66.1013,-0.331096
6,48,2.4893,0.213037,0.213037,2.66554,-0.30575
6,72,0.106613,0.00330773,0.00330773,0.107419,-0.0346956
6,96,0.00452262,5.13944e-5,5.13944e-5,0.00440017,0.128684
6,97,36.4493,18.0616,18.0616,36.611,-0.0204187
6,98,121.23,58.2677,58.2677,120.033,0.046119
6,101,424.39,188.831,188.831,411.491,0.14495
6,103,375.338,189.34,189.34,435.288,-0.636887
6,120,70.8373,14.8832,14.8832,62.5806,0.610118
6,144,2.58076,0.231183,0.231183,2.5438,0.067195
6,168,0.109637,0.00359007,0.00359007,0.103218,0.287606
6,192,0.00428218,5.58727e-5,5.58727e-5,0.00418642,0.105775
6,193,43.6037,22.3533,22.3533,43.0527,0.0591869
6,194,143.185,72.1407,72.1407,141.166,0.0661326
6,197,526.648,237.567,237.567,492.268,0.322961
6,199,589.184,240.683,240.683,525.526,0.560154
6,216,86.2997,19.2546,19.2546,76.9437,0.562298
6,240,2.73408,0.303129,0.303129,3.15096,-0.611818
6,264,0.163234,0.00473459,0.00473459,0.128262,1.26086
6,288,0.00525202,7.38236e-5,7.38236e-5,0.00522406,0.0247503
6,289,60.5502,31.5635,31.5635,58.1402,0.191688
6,290,256.903,101.694,101.694,190.287,1.61889
6,293,718.132,335.773,335.773,659.528,0.410907
6,295,818.769,341.731,341.731,708.018,0.723358
6,312,91.056,27.8701,27.8701,104.687,-0.60211
6,336,3.98174,0.439465,0.439465,4.26189,-0.303984
6,360,0.193109,0.00686174,0.00686174,0.172815,0.543029
7,0,0,0,0,0,0
7,1,176.998,103.119,103.119,162.729,0.405466
7,2,495.858,213.661,213.661,442.534,0.557215
7,5,729.907,278.034,278.034,775.954,-0.27442
7,7,740.075,226.152,226.152,651.558,0.628235
7,24,43.0011,13.7516,13.7516,47.0732,-0.400032
7,48,0.998687,0.213037,0.213037,0.980016,0.0881029
7,72,0.0210184,0.00330773,0.00330773,0.0203764,0.14571
8,0,0,0,0,0,0
8,1,126.551,103.119,103.119,94.5691,1.56388
8,2,182.582,213.661,213.661,194.244,-0.277651
8,5,241.389,278.034,278.034,241.016,0.00715642
8,7,190.325,226.152,226.152,186.565,0.0931834
8,24,7.79867,13.7516,13.7516,8.1044,-0.17445
8,48,0.0611412,0.213037,0.213037,0.0841297,-1.26361
8,72,0.000596365,0.00330773,0.00330773,0.000872835,-1.46476
8,96,2.16615e-5,5.13944e-5,5.13944e-5,9.25978e-6,6.19343
8,97,19.4075,18.0616,18.0616,19.5125,-0.0248759
8,98,59.4011,58.2677,58.2677,60.8793,-0.112286
8,101,203.837,188.831,188.831,179.125,0.637972
8,103,157.32,189.34,189.34,165.746,-0.235074
8,120,6.80143,14.8832,14.8832,8.51977,-0.932677
8,144,0.059243,0.231183,0.231183,0.0897882,-1.57316
8,168,0.000604425,0.00359007,0.00359007,0.000944277,-1.66433
8,192,1.5374e-5,5.58727e-5,5.58727e-5,9.84691e-6,2.59564
8,193,28.0953,22.3533,22.3533,23.7071,0.855973
8,194,97.1047,72.1407,72.1407,74.0433,1.44029
8,197,210.29,237.567,237.567,221.1,-0.226098
8,199,221.259,240.683,240.683,207.006,0.31839
8,216,9.74379,19.2546,19.2546,10.8334,-0.465104
8,240,0.0782355,0.303129,0.303129,0.114342,-1.46027
8,264,0.000833796,0.00473459,0.00473459,0.00120269,-1.41841
8,288,1.07271e-5,7.38236e-5,7.38236e-5,1.25616e-5,-0.675355
8,289,42.4976,38.9396,38.9396,40.7806,0.194705
8,290,121.351,125.259,125.259,126.988,-0.20528
8,293,359.742,415.791,415.791,378.384,-0.227827
8,295,348.718,419.945,419.945,354.576,-0.0763975
8,312,17.6891,33.8207,33.8207,18.6028,-0.227132
8,336,0.193442,0.5293,0.5293,0.194627,-0.0281375
8,360,0.00166791,0.00818618,0.00818618,0.00203485,-0.833891
8,384,2.02496e-5,0.000126739,0.000126739,2.11295e-5,-0.192569
8,385,33.2449,29.0237,29.0237,29.9137,0.514969
8,386,105.022,93.5194,93.5194,93.3594,0.577667
8,389,277.851,310.674,310.674,284.123,-0.102084
8,391,277.953,319.648,319.648,269.711,0.141312
8,408,12.6609,26.6172,26.6172,14.3892,-0.555437
8,432,0.132578,0.424459,0.424459,0.148113,-0.485038
8,456,0.00116419,0.0066964,0.0066964,0.00152085,-1.08447
8,480,1.39678e-5,0.000105494,0.000105494,1.57096e-5,-0.512729
8,481,35.816,25.3659,25.3659,25.8737,1.77696
8,482,105.148,81.7676,81.7676,80.7971,1.39369
8,485,277.869,273.486,273.486,247.903,0.558985
8,487,275.186,282.115,282.115,236.068,0.766282
8,504,14.0493,23.5942,23.5942,12.6463,0.513031
8,528,0.114836,0.370013,0.370013,0.131595,-0.588913
8,552,0.00111229,0.00574809,0.00574809,0.00136798,-0.864346
8,576,1.60048e-5,8.91375e-5,8.91375e-5,1.39047e-5,0.698429
8,577,27.6104,23.2777,23.2777,23.5643,0.79403
8,578,79.134,75.0511,75.0511,73.6045,0.3474
8,581,244.6,251.489,251.489,225.413,0.393603
8,583,248.4,259.847,259.847,215.356,0.709541
8,600,12.0365,21.9561,21.9561,11.6457,0.155154
8,624,0.11871,0.347879,0.347879,0.122951,-0.159504
8,648,0.000948303,0.00542573,0.00542573,0.00129451,-1.23674
9,0,0,0,0,0,0
9,1,135.707,103.119,103.119,142.006,-0.205134
9,2,431.545,213.661,213.661,420.202,0.124828
9,5,807.336,278.034,278.034,858.732,-0.276775
9,7,812.988,226.152,226.152,760.648,0.318198
9,24,62.1081,13.7516,13.7516,56.207,0.485509
9,48,0.920411,0.213037,0.213037,0.851579,0.373781
9,72,0.0108035,0.00330773,0.00330773,0.0119482,-0.44304
10,0,0,0,0,0,0
10,1,116.287,103.119,103.119,83.4036,1.82325
10,2,153.619,213.661,213.661,145.135,0.270323
10,5,157.397,278.034,278.034,167.195,-0.270984
10,7,123.83,226.152,226.152,132.082,-0.28892
10,24,5.64975,13.7516,13.7516,6.61155,-0.672719
10,48,0.050102,0.213037,0.213037,0.0798751,-1.7237
10,72,0.000552804,0.00330773,0.00330773,0.000960483,-1.96281
10,96,7.09056e-6,5.13944e-5,5.13944e-5,1.15082e-5,-1.77515
10,97,10.3992,18.0616,18.0616,12.162,-0.670256
10,98,39.2254,58.2677,58.2677,38.8006,0.0506339
10,101,120.152,188.831,188.831,123.07,-0.109659
10,103,105.142,189.34,189.34,119.335,-0.54997
10,120,6.74249,14.8832,14.8832,7.54497,-0.491848
10,144,0.0656631,0.231183,0.231183,0.0905781,-1.272
10,168,0.000541937,0.00359007,0.00359007,0.0010809,-2.30581
10,192,3.24195e-5,5.58727e-5,5.58727e-5,1.2613e-5,7.26172
10,193,16.1193,22.3533,22.3533,15.5342,0.174184
10,194,49.4901,72.1407,72.1407,49.5881,-0.00913587
10,197,171.607,237.567,237.567,157.819,0.404017
10,199,188.649,240.683,240.683,155.505,0.985626
10,216,10.0246,19.2546,19.2546,10.108,-0.0381384
10,240,0.0840883,0.303129,0.303129,0.121414,-1.42164
10,264,0.000706301,0.00473459,0.00473459,0.00144889,-2.37008
10,288,7.04506e-6,7.38236e-5,7.38236e-5,1.71551e-5,-2.72527
10,289,26.6452,31.5635,31.5635,22.6642,0.812262
10,290,82.2464,101.694,101.694,72.2383,0.640671
10,293,209.595,335.773,335.773,231.088,-0.430101
10,295,211.064,341.731,341.731,228.898,-0.360294
10,312,13.7062,27.8701,27.8701,14.9643,-0.388794
10,336,0.116578,0.439465,0.439465,0.180199,-1.63265
10,360,0.00119277,0.00686174,0.00686174,0.00216823,-2.08042
10,384,1.03772e-5,0.000107048,0.000107048,2.60576e-5,-2.78274
10,385,21.1461,24.5096,24.5096,18.2352,0.738188
10,386,59.4504,79.0637,79.0637,58.1952,0.0997441
10,389,192.349,263.801,263.801,187.973,0.107672
10,391,189.157,271.146,271.146,187.97,0.0291979
10,408,11.5352,22.5827,22.5827,12.5158,-0.362319
10,432,0.120926,0.358518,0.358518,0.149475,-0.883217
10,456,0.00109688,0.00562969,0.00562969,0.00177393,-1.76496
10,480,1.15501e-5,8.83936e-5,8.83936e-5,2.1101e-5,-2.0931
10,481,18.0686,21.5445,21.5445,16.3837,0.475577
10,482,60.1683,69.5251,69.5251,52.3055,0.695157
10,485,229.226,234.076,234.076,169.872,1.61577
10,487,165.391,240.883,240.883,170.122,-0.128593
10,504,14.2865,20.0497,20.0497,11.4565,1.14231
10,528,0.0969109,0.315369,0.315369,0.139069,-1.40185
10,552,0.000804403,0.00485807,0.00485807,0.00167413,-2.40239
10,576,1.08418e-5,7.47793e-5,7.47793e-5,2.01031e-5,-2.13038
10,577,19.2562,19.7903,19.7903,15.2977,1.19662
10,578,65.268,63.8756,63.8756,48.8466,1.55462
10,581,145.419,213.826,213.826,158.833,-0.390528
10,583,200.208,220.989,220.989,159.466,1.18146
10,600,10.6305,18.6208,18.6208,10.7353,-0.0451444
10,624,0.0858261,0.297258,0.297258,0.127838,-1.51972
10,648,0.00108983,0.00469119,0.00469119,0.00151683,-1.30179
11,0,0,0,0,0,0
11,1,132.253,103.119,103.119,118.023,0.557547
11,2,360.799,213.661,213.661,343.334,0.235236
11,5,649.685,278.034,278.034,685.701,-0.242894
11,7,622.662,226.152,226.152,608.323,0.109004
11,24,55.0045,13.7516,13.7516,54.503,0.0425476
11,48,1.24241,0.213037,0.213037,1.33114,-0.308247
11,72,0.0343469,0.00330773,0.00330773,0.0321905,0.309781
11,96,0.000782674,5.13944e-5,5.13944e-5,0.000778476,0.0249371
11,97,41.7592,18.0616,18.0616,42.8838,-0.121266
11,98,156.45,58.2677,58.2677,141.808,0.477464
11,101,548.918,188.831,188.831,495.663,0.496854
11,103,517.977,189.34,189.34,526.956,-0.0787951
11,120,68.5171,14.8832,14.8832,62.2324,0.466998
11,144,1.69036,0.231183,0.231183,1.53158,0.479379
11,168,0.0402791,0.00359007,0.00359007,0.0368824,0.425881
11,192,0.000896633,5.58727e-5,5.58727e-5,0.000887026,0.0500875
11,193,57.1145,22.3533,22.3533,48.1451,0.861504
11,194,143.713,72.1407,72.1407,159.276,-0.451848
11,197,582.939,237.567,237.567,565.12,0.145808
11,199,669.33,240.683,240.683,609.323,0.455412
11,216,75.2907,19.2546,19.2546,74.7361,0.034312
11,240,2.41431,0.303129,0.303129,1.85777,1.38534
11,264,0.0445235,0.00473459,0.00473459,0.0449507,-0.0439406
11,288,0.00108559,7.38236e-5,7.38236e-5,0.0010879,-0.00979776
11,289,69.4785,31.5635,31.5635,64.3997,0.364693
11,290,234.829,101.694,101.694,212.635,0.482668
11,293,709.534,335.773,335.773,751.362,-0.257433
11,295,805.204,341.731,341.731,813.692,-0.0482419
11,312,97.8491,27.8701,27.8701,101.347,-0.159619
11,336,2.44518,0.439465,0.439465,2.50061,-0.102494
11,360,0.0573819,0.00686174,0.00686174,0.0597261,-0.181499
12,0,0,0,0,0,0
12,1,78.0142,103.119,103.119,94.9046,-0.823004
12,2,180.788,213.661,213.661,209.603,-0.635713
12,5,264.873,278.034,278.034,290.236,-0.404118
12,7,225.394,226.152,226.152,243.069,-0.336255
12,24,13.2171,13.7516,13.7516,15.4407,-0.665938
12,48,0.190384,0.213037,0.213037,0.192244,-0.0447256
12,72,0.00212785,0.00330773,0.00330773,0.00208245,0.100808
12,96,2.25272e-5,5.13944e-5,5.13944e-5,2.10011e-5,0.336039
12,97,17.8446,18.0616,18.0616,16.6428,0.333951
12,98,67.8872,58.2677,58.2677,56.0233,0.979284
12,101,245.058,188.831,188.831,204.889,0.906608
12,103,256.42,189.34,189.34,225.445,0.63537
12,120,28.7517,14.8832,14.8832,26.558,0.381965
12,144,0.384735,0.231183,0.231183,0.406503,-0.247629
12,168,0.00469302,0.00359007,0.00359007,0.00477715,-0.0814416
12,192,6.45994e-5,5.58727e-5,5.58727e-5,5.02256e-5,1.32342
12,193,17.4628,22.3533,22.3533,19.1369,-0.404541
12,194,71.4047,72.1407,72.1407,64.4455,0.499362
12,197,244.897,237.567,237.567,239.203,0.110084
12,199,253.549,240.683,240.683,268.569,-0.258626
12,216,40.1423,19.2546,19.2546,34.5095,0.754814
12,240,0.609469,0.303129,0.303129,0.546807,0.52993
12,264,0.00567248,0.00473459,0.00473459,0.00653067,-0.607683
12,288,8.83198e-5,7.38236e-5,7.38236e-5,6.94055e-5,1.26022
12,289,32.5487,31.5635,31.5635,26.6963,1.01377
12,290,85.4497,101.694,101.694,89.7011,-0.219171
12,293,344.395,335.773,335.773,334.203,0.141015
12,295,390.503,341.731,341.731,377.098,0.164382
12,312,41.4383,27.8701,27.8701,50.4226,-0.823962
12,336,0.864909,0.439465,0.439465,0.803972,0.350502
12,360,0.00935297,0.00686174,0.00686174,0.00959498,-0.116638
12,384,9.2813e-5,0.000107048,0.000107048,0.000101404,-0.391774
12,385,25.3343,24.5096,24.5096,20.7375,1.02505
12,386,78.8052,79.0637,79.0637,69.7423,0.600924
12,389,306.203,263.801,263.801,261.452,0.791515
12,391,260.523,271.146,271.146,298.635,-0.590171
12,408,48.3299,22.5827,22.5827,42.4183,0.644474
12,432,0.723646,0.358518,0.358518,0.696003,0.183664
12,456,0.00964467,0.00562969,0.00562969,0.00839786,0.686562
12,480,0.000107267,8.83936e-5,8.83936e-5,8.99447e-5,0.890615
12,481,18.3638,21.5445,21.5445,18.2615,0.0258941
12,482,72.2358,69.5251,69.5251,61.4313,0.813331
12,485,206.86,234.076,234.076,231.32,-0.488991
12,487,264.85,240.883,240.883,264.961,-0.0019321
12,504,41.7893,20.0497,20.0497,38.3595,0.41347
12,528,0.534312,0.315369,0.315369,0.628564,-0.693409
12,552,0.00652616,0.00485807,0.00485807,0.00758767,-0.646937
12,576,7.61921e-5,7.47793e-5,7.47793e-5,8.08314e-5,-0.26541
12,577,17.2095,19.7903,19.7903,16.8107,0.109703
12,578,56.1566,63.8756,63.8756,56.5577,-0.0327974
12,581,241.114,213.826,213.826,213.683,0.593629
12,583,275.14,220.989,220.989,244.933,0.570307
12,600,39.3258,18.6208,18.6208,35.8098,0.454036
12,624,0.566422,0.297258,0.297258,0.588763,-0.175474
12,648,0.00720784,0.00469119,0.00469119,0.00713442,0.0475912
13,0,0,0,0,0,0
13,1,36.6765,103.119,103.119,33.9353,0.373537
13,2,52.138,213.661,213.661,44.9313,0.741708
13,5,54.4634,278.034,278.034,51.1866,0.296036
13,7,42.551,226.152,226.152,42.9546,-0.043455
13,24,2.40566,13.7516,13.7516,2.60829,-0.359254
13,48,0.0201225,0.213037,0.213037,0.0288178,-1.39532
13,72,0.000201502,0.00330773,0.00330773,0.000299022,-1.50813
13,96,1.91377e-6,5.13944e-5,5.13944e-5,2.90641e-6,-1.57938
13,97,5.86517,18.0616,18.0616,5.38065,0.416419
13,98,23.3158,58.2677,58.2677,17.7454,1.45161
13,101,61.7567,188.831,188.831,61.7983,-0.00311052
13,103,52.2785,189.34,189.34,65.5847,-0.938217
13,120,6.16201,14.8832,14.8832,5.82231,0.269799
13,144,0.050336,0.231183,0.231183,0.0669695,-1.14857
13,168,0.000489436,0.00359007,0.00359007,0.000693523,-1.36083
13,192,5.19132e-6,5.58727e-5,5.58727e-5,6.83539e-6,-1.11226
13,193,9.86628,22.3533,22.3533,8.34287,0.844407
13,194,30.5149,72.1407,72.1407,27.5282,0.501734
13,197,94.5137,237.567,237.567,97.4353,-0.138663
13,199,101.416,240.683,240.683,104.791,-0.148932
13,216,10.0899,19.2546,19.2546,9.67277,0.199424
13,240,0.102491,0.303129,0.303129,0.110347,-0.329243
13,264,0.000743865,0.00473459,0.00473459,0.00111222,-1.53154
13,288,2.53285e-5,7.38236e-5,7.38236e-5,1.11675e-5,5.8639
13,289,16.5011,31.5635,31.5635,14.6665,0.578458
13,290,53.5518,101.694,101.694,48.2958,0.503264
13,293,180.483,335.773,335.773,171.637,0.238322
13,295,208.167,341.731,341.731,185.412,0.567535
13,312,16.3483,27.8701,27.8701,17.4077,-0.281427
13,336,0.189799,0.439465,0.439465,0.20049,-0.246579
13,360,0.0013598,0.00686174,0.00686174,0.00206369,-1.57728
13,384,1.2758e-5,0.000107048,0.000107048,2.09385e-5,-1.80669
13,385,16.1798,24.5096,24.5096,13.9816,0.727028
13,386,53.7888,79.0637,79.0637,46.0567,0.77635
13,389,172.256,263.801,263.801,165.244,0.19624
13,391,205.836,271.146,271.146,178.322,0.713511
13,408,18.1107,22.5827,22.5827,16.9159,0.326614
13,432,0.161642,0.358518,0.358518,0.196633,-0.822911
13,456,0.00130462,0.00562969,0.00562969,0.00204069,-1.66799
13,480,1.1237e-5,8.83936e-5,8.83936e-5,2.08388e-5,-2.13074
13,481,16.7369,21.5445,21.5445,13.7353,1.01055
13,482,46.9192,69.5251,69.5251,45.2485,0.170744
13,485,168.265,234.076,234.076,162.189,0.173245
13,487,189.673,240.883,240.883,175.271,0.379976
13,504,14.2459,20.0497,20.0497,16.7141,-0.682888
13,528,0.149214,0.315369,0.315369,0.193988,-1.06735
13,552,0.00119399,0.00485807,0.00485807,0.00200045,-1.86424
13,576,3.09125e-5,7.47793e-5,7.47793e-5,2.03659e-5,2.39474
13,577,15.3591,19.7903,19.7903,13.6064,0.595684
13,578,46.9319,63.8756,63.8756,44.8252,0.217341
13,581,156.929,213.826,213.826,160.571,-0.10488
13,583,182.137,220.989,220.989,173.635,0.226427
13,600,15.7486,18.6208,18.6208,16.5464,-0.222967
13,624,0.158392,0.297258,0.297258,0.19097,-0.788869
13,648,0.00116044,0.00469119,0.00469119,0.00196711,-1.89634
14,0,0,0,0,0,0
14,1,119.633,103.119,103.119,92.9363,1.32835
14,2,185.335,213.661,213.661,173.489,0.315754
14,5,183.752,278.034,278.034,199,-0.35435
14,7,169.858,226.152,226.152,150.894,0.581167
14,24,7.35718,13.7516,13.7516,7.08921,0.174801
14,48,0.0944647,0.213037,0.213037,0.0894517,0.259154
14,72,0.00106949,0.00330773,0.00330773,0.00112901,-0.243757
14,96,1.4433e-5,5.13944e-5,5.13944e-5,1.42623e-5,0.0553664
14,97,18.607,18.0616,18.0616,17.5398,0.281342
14,98,50.8524,58.2677,58.2677,52.8237,-0.172575
14,101,133.38,188.831,188.831,143.982,-0.34051
14,103,137.84,189.34,189.34,125.764,0.444023
14,120,5.36657,14.8832,14.8832,6.44468,-0.773593
14,144,0.0806339,0.231183,0.231183,0.0821158,-0.0834559
14,168,0.000896191,0.00359007,0.00359007,0.00104396,-0.654562
14,192,1.89358e-5,5.58727e-5,5.58727e-5,1.32566e-5,1.98109
14,193,24.0742,22.3533,22.3533,22.1788,0.395204
14,194,66.1399,72.1407,72.1407,66.8597,-0.0497868
14,197,199.149,237.567,237.567,184.657,0.36292
14,199,167.043,240.683,240.683,162.55,0.127826
14,216,8.77111,19.2546,19.2546,8.39163,0.20912
14,240,0.103624,0.303129,0.303129,0.107036,-0.147434
14,264,0.00117644,0.00473459,0.00473459,0.00136204,-0.63015
14,288,1.4201e-5,7.38236e-5,7.38236e-5,1.7242e-5,-0.815592
14,289,32.7844,31.5635,31.5635,31.4003,0.203836
14,290,88.3268,101.694,101.694,94.5657,-0.305088
14,293,328.753,335.773,335.773,262.407,1.16919
14,295,244.343,341.731,341.731,231.914,0.247831
14,312,12.1798,27.8701,27.8701,12.0035,0.0679352
14,336,0.151295,0.439465,0.439465,0.151294,4.07255e-5
14,360,0.00170258,0.00686174,0.00686174,0.00190895,-0.49991
14,384,2.86355e-5,0.000107048,0.000107048,2.39276e-5,0.90987
14,385,20.9322,24.5096,24.5096,24.3139,-0.643171
14,386,68.088,79.0637,79.0637,73.3568,-0.332139
14,389,233.899,263.801,263.801,206.184,0.621581
14,391,194.853,271.146,271.146,183.794,0.278267
14,408,7.69925,22.5827,22.5827,9.59526,-0.913763
14,432,0.0954274,0.358518,0.358518,0.122724,-1.02855
14,456,0.00106332,0.00562969,0.00562969,0.00156646,-1.48531
14,480,2.59925e-5,8.83936e-5,8.83936e-5,1.99352e-5,1.40509
14,481,23.9412,21.5445,21.5445,21.3235,0.567685
14,482,72.5517,69.5251,69.5251,64.3701,0.587768
14,485,183.012,234.076,234.076,181.974,0.0263627
14,487,183.189,240.883,240.883,162.081,0.602233
14,504,7.95076,20.0497,20.0497,8.48661,-0.291982
14,528,0.1044,0.315369,0.315369,0.108398,-0.170582
14,552,0.00123177,0.00485807,0.00485807,0.00138148,-0.501136
14,576,1.64255e-5,7.47793e-5,7.47793e-5,1.75177e-5,-0.288336
14,577,23.431,19.7903,19.7903,19.5512,0.917659
14,578,62.6614,63.8756,63.8756,59.0389,0.283736
14,581,206.006,213.826,213.826,166.902,1.08346
14,583,187.809,220.989,220.989,149.401,1.18883
14,600,7.893,18.6208,18.6208,7.82804,0.0383744
14,624,0.0957834,0.297258,0.297258,0.0994169,-0.16901
14,648,0.00112706,0.00469119,0.00469119,0.00126195,-0.494288
15,0,0,0,0,0,0
15,1,120.15,103.119,103.119,107.393,0.549282
15,2,297.771,213.661,213.661,273.121,0.417366
15,5,447.86,278.034,278.034,455.924,-0.0817869
15,7,397.025,226.152,226.152,413.165,-0.18064
15,24,59.0615,13.7516,13.7516,56.3785,0.220075
15,48,2.97571,0.213037,0.213037,2.5244,0.826734
15,72,0.110616,0.00330773,0.00330773,0.1115,-0.0366409
15,96,0.00569969,5.13944e-5,5.13944e-5,0.00492149,0.731215
15,97,21.7,18.0616,18.0616,19.0862,0.633288
15,98,69.7767,58.2677,58.2677,64.6668,0.365409
15,101,236.289,188.831,188.831,244.909,-0.162754
15,103,251.075,189.34,189.34,280.75,-0.488782
15,120,60.3776,14.8832,14.8832,56.2649,0.338021
15,144,2.74839,0.231183,0.231183,2.59036,0.282111
15,168,0.108608,0.00359007,0.00359007,0.113853,-0.213007
15,192,0.00525844,5.58727e-5,5.58727e-5,0.00499463,0.244248
15,193,27.76,22.3533,22.3533,23.8336,0.761824
15,194,85.5116,72.1407,72.1407,80.7099,0.275118
15,197,335.284,237.567,237.567,307.303,0.421052
15,199,314.418,240.683,240.683,354.929,-0.527813
15,216,80.4513,19.2546,19.2546,73.34,0.448397
15,240,3.62374,0.303129,0.303129,3.40656,0.294825
15,264,0.147634,0.00473459,0.00473459,0.151367,-0.114053
15,288,0.00740601,7.38236e-5,7.38236e-5,0.0067195,0.472453
15,289,34.3789,31.5635,31.5635,33.4901,0.122718
15,290,110.654,101.694,101.694,113.159,-0.102382
15,293,442.205,335.773,335.773,432.201,0.107037
15,295,517.458,341.731,341.731,500.624,0.155494
15,312,102.119,27.8701,27.8701,104.756,-0.116427
15,336,5.49664,0.439465,0.439465,4.85636,0.609682
15,360,0.217496,0.00686174,0.00686174,0.214519,0.0641873
15,384,0.0101176,0.000107048,0.000107048,0.00945797,0.322536
15,385,29.6813,24.5096,24.5096,25.764,0.703121
15,386,94.0831,79.0637,79.0637,87.1055,0.370438
15,389,363.718,263.801,263.801,333.658,0.416617
15,391,379.954,271.146,271.146,389.91,-0.118084
15,408,94.5477,22.5827,22.5827,84.278,0.563495
15,432,4.28896,0.358518,0.358518,3.93641,0.414166
15,456,0.173593,0.00562969,0.00562969,0.174908,-0.034761
15,480,0.00830318,8.83936e-5,8.83936e-5,0.0077602,0.323567
15,481,25.8496,21.5445,21.5445,22.5021,0.687937
15,482,71.3356,69.5251,69.5251,76.095,-0.289232
15,485,273.738,234.076,234.076,292.316,-0.293898
15,487,352.785,240.883,240.883,342.372,0.140651
15,504,74.1381,20.0497,20.0497,74.7295,-0.0365969
15,528,3.026,0.315369,0.315369,3.49454,-0.620024
15,552,0.170774,0.00485807,0.00485807,0.155396,0.457623
15,576,0.0067104,7.47793e-5,7.47793e-5,0.00690188,-0.128293
15,577,20.6262,19.7903,19.7903,20.5673,0.0132559
15,578,84.7207,63.8756,63.8756,69.5597,1.00791
15,581,221.389,213.826,213.826,267.591,-0.798438
15,583,289.27,220.989,220.989,313.76,-0.360939
15,600,61.4514,18.6208,18.6208,68.8449,-0.496621
15,624,3.85371,0.297258,0.297258,3.2237,0.90374
15,648,0.162973,0.00469119,0.00469119,0.143258,0.636394
16,0,0,0,0,0,0
16,1,94.4294,103.119,103.119,80.9567,0.769573
16,2,134.237,213.661,213.661,145.702,-0.363886
16,5,147.028,278.034,278.034,167.242,-0.558939
16,7,115.316,226.152,226.152,128.887,-0.486907
16,24,3.77861,13.7516,13.7516,5.03279,-1.1524
16,48,0.0203314,0.213037,0.213037,0.0422039,-2.39659
16,72,0.000135071,0.00330773,0.00330773,0.000353208,-2.85593
16,96,7.34745e-6,5.13944e-5,5.13944e-5,3.0368e-6,6.56413
16,97,12.9494,18.0616,18.0616,13.267,-0.1107
16,98,41.26,58.2677,58.2677,41.9328,-0.0741972
16,101,108.699,188.831,188.831,127.759,-0.689887
16,103,116.793,189.34,189.34,120.829,-0.154438
16,120,4.82068,14.8832,14.8832,5.94145,-0.872318
16,144,0.0326255,0.231183,0.231183,0.0495977,-1.58244
16,168,0.000206557,0.00359007,0.00359007,0.000413217,-2.31275
16,192,1.54772e-6,5.58727e-5,5.58727e-5,3.49206e-6,-2.57478
16,193,18.2344,22.3533,22.3533,16.4772,0.493152
16,194,61.2918,72.1407,72.1407,52.1302,0.812704
16,197,150.609,237.567,237.567,161.274,-0.305826
16,199,134.907,240.683,240.683,154.379,-0.583272
16,216,6.66846,19.2546,19.2546,7.81063,-0.676227
16,240,0.0454664,0.303129,0.303129,0.066591,-1.46697
16,264,0.000282722,0.00473459,0.00473459,0.000563366,-2.30364
16,288,2.3758e-6,7.38236e-5,7.38236e-5,4.67541e-6,-2.27448
16,289,29.167,31.5635,31.5635,23.5999,1.09084
16,290,82.494,101.694,101.694,74.5585,0.492179
16,293,193.712,335.773,335.773,231.351,-0.752351
16,295,225.981,341.731,341.731,223.098,0.0597676
16,312,11.2855,27.8701,27.8701,11.4253,-0.056567
16,336,0.0668893,0.439465,0.439465,0.0965087,-1.41925
16,360,0.000389256,0.00686174,0.00686174,0.000809557,-2.40083
16,384,7.90609e-6,0.000107048,0.000107048,6.44426e-6,1.04899
16,385,24.0094,24.5096,24.5096,18.6578,1.3264
16,386,63.1108,79.0637,79.0637,59.0317,0.31954
16,389,211.071,263.801,263.801,187.248,0.588351
16,391,190.116,271.146,271.146,181.759,0.21264
16,408,7.65606,22.5827,22.5827,9.49422,-0.895308
16,432,0.0604994,0.358518,0.358518,0.0813826,-1.18663
16,456,0.000412792,0.00562969,0.00562969,0.000690427,-1.85954
16,480,3.01973e-6,8.83936e-5,8.83936e-5,5.91169e-6,-2.26219
16,481,18.3828,21.5445,21.5445,16.5806,0.502648
16,482,65.722,69.5251,69.5251,52.4826,1.16655
16,485,171.548,234.076,234.076,165.618,0.165583
16,487,201.035,240.883,240.883,161.897,1.11791
16,504,8.90015,20.0497,20.0497,8.50207,0.216516
16,528,0.0535416,0.315369,0.315369,0.0714056,-1.1569
16,552,0.00032039,0.00485807,0.00485807,0.000594537,-2.13233
16,576,7.65559e-6,7.47793e-5,7.47793e-5,5.01639e-6,2.43294
16,577,20.1369,19.7903,19.7903,15.3669,1.43543
16,578,65.7077,63.8756,63.8756,48.6508,1.62128
16,581,165.823,213.826,213.826,154.176,0.349317
16,583,183.932,220.989,220.989,150.713,1.01928
16,600,8.27735,18.6208,18.6208,7.98995,0.166337
16,624,0.0562031,0.297258,0.297258,0.0675594,-0.777322
16,648,0.00039622,0.00469119,0.00469119,0.000566456,-1.38975
17,0,0,0,0,0,0
17,1,98.4035,103.119,103.119,106.26,-0.3419
17,2,354.393,213.661,213.661,316.563,0.552629
17,5,709.097,278.034,278.034,676.703,0.221372
17,7,534.779,226.152,226.152,583.882,-0.388891
17,24,37.7034,13.7516,13.7516,36.1177,0.203026
17,48,0.536971,0.213037,0.213037,0.541786,-0.0411023
17,72,0.00774792,0.00330773,0.00330773,0.00808755,-0.194195
18,0,0,0,0,0,0
18,1,114.641,103.119,103.119,108.769,0.249649
18,2,191.009,213.661,213.661,187.571,0.084755
18,5,189.926,278.034,278.034,237.162,-0.921045
18,7,215.13,226.152,226.152,206.592,0.191096
18,24,24.0829,13.7516,13.7516,21.6484,0.520043
18,48,0.629098,0.213037,0.213037,0.577117,0.416516
18,72,0.0154454,0.00330773,0.00330773,0.0143,0.370418
18,96,0.000444945,5.13944e-5,5.13944e-5,0.000349074,1.27005
18,97,12.0953,18.0616,18.0616,11.6758,0.16615
18,98,44.9781,58.2677,58.2677,39.7364,0.610009
18,101,159.005,188.831,188.831,152.077,0.210668
18,103,173.119,189.34,189.34,175.264,-0.0566089
18,120,31.3634,14.8832,14.8832,31.4256,-0.00914451
18,144,0.922182,0.231183,0.231183,0.931476,-0.0461429
18,168,0.0259251,0.00359007,0.00359007,0.0237875,0.415548
18,192,0.000548186,5.58727e-5,5.58727e-5,0.000590264,-0.329655
18,193,16.4132,22.3533,22.3533,15.4774,0.279592
18,194,64.9538,72.1407,72.1407,52.6553,1.08009
18,197,227.148,237.567,237.567,203.42,0.53941
18,199,236.885,240.683,240.683,236.989,-0.00202499
18,216,49.3105,19.2546,19.2546,44.688,0.47834
18,240,1.39363,0.303129,0.303129,1.33959,0.186555
18,264,0.0362114,0.00473459,0.00473459,0.0340646,0.291435
18,288,0.000774521,7.38236e-5,7.38236e-5,0.000842938,-0.375336
18,289,26.1959,31.5635,31.5635,23.6564,0.496435
18,290,74.3526,101.694,101.694,80.2982,-0.342409
18,293,332.92,335.773,335.773,310.744,0.330014
18,295,393.381,341.731,341.731,363.546,0.379507
18,312,71.8491,27.8701,27.8701,70.3088,0.101308
18,336,2.03903,0.439465,0.439465,2.12086,-0.178428
18,360,0.0530904,0.00686174,0.00686174,0.0540071,-0.0784986
18,384,0.00118737,0.000107048,0.000107048,0.00133699,-0.517502
18,385,23.1989,24.5096,24.5096,20.048,0.726789
18,386,55.5171,79.0637,79.0637,68.0878,-0.853772
18,389,285.775,263.801,263.801,264.639,0.369331
18,391,341.975,271.146,271.146,311.719,0.448851
18,408,69.3299,22.5827,22.5827,62.2398,0.526785
18,432,2.04814,0.358518,0.358518,1.89582,0.371534
18,456,0.0556039,0.00562969,0.00562969,0.0482932,0.700035
18,480,0.00124357,8.83936e-5,8.83936e-5,0.00119371,0.193137
18,481,18.6777,21.5445,21.5445,18.5738,0.0258731
18,482,68.2251,69.5251,69.5251,63.091,0.376305
18,485,223.112,234.076,234.076,245.557,-0.422672
18,487,269.179,240.883,240.883,289.818,-0.329309
18,504,59.9282,20.0497,20.0497,58.476,0.114841
18,528,1.90178,0.315369,0.315369,1.78665,0.297986
18,552,0.0434097,0.00485807,0.00485807,0.045533,-0.215648
18,576,0.00118748,7.47793e-5,7.47793e-5,0.00112556,0.254374
18,577,15.526,19.7903,19.7903,17.73,-0.574834
18,578,74.5045,63.8756,63.8756,60.229,1.09607
18,581,232.115,213.826,213.826,234.499,-0.0469988
18,583,271.115,220.989,220.989,277.07,-0.0993931
18,600,58.3041,18.6208,18.6208,56.2812,0.166209
18,624,2.21914,0.297258,0.297258,1.71984,1.34254
18,648,0.0427164,0.00469119,0.00469119,0.0438802,-0.122648
19,0,0,0,0,0,0
19,1,60.3421,103.119,103.119,61.3183,-0.0736165
19,2,109.1,213.661,213.661,88.2118,1.09502
19,5,97.951,278.034,278.034,90.4471,0.383653
19,7,75.6616,226.152,226.152,69.3896,0.417987
19,24,3.88261,13.7516,13.7516,4.06171,-0.203911
19,48,0.0721988,0.213037,0.213037,0.0703058,0.124509
19,72,0.00130815,0.00330773,0.00330773,0.0012175,0.344303
19,96,1.89524e-5,5.13944e-5,5.13944e-5,2.11905e-5,-0.488399
19,97,7.25854,18.0616,18.0616,8.19695,-0.529407
19,98,27.0175,58.2677,58.2677,24.6339,0.447465
19,101,67.2508,188.831,188.831,68.1305,-0.0597141
19,103,66.8841,189.34,189.34,60.2522,0.509001
19,120,3.98731,14.8832,14.8832,3.78709,0.244486
19,144,0.0710921,0.231183,0.231183,0.0655935,0.387651
19,168,0.00112717,0.00359007,0.00359007,0.00113676,-0.0390249
19,192,2.10679e-5,5.58727e-5,5.58727e-5,1.96031e-5,0.345557
19,193,10.4546,22.3533,22.3533,11.515,-0.425877
19,194,39.624,72.1407,72.1407,34.6271,0.66732
19,197,102.188,237.567,237.567,96.0223,0.296941
19,199,89.6669,240.683,240.683,85.5364,0.223306
19,216,5.30737,19.2546,19.2546,5.42342,-0.0989544
19,240,0.100099,0.303129,0.303129,0.0952582,0.234983
19,264,0.00180645,0.00473459,0.00473459,0.00167078,0.375488
19,288,2.9912e-5,7.38236e-5,7.38236e-5,2.92296e-5,0.107959
19,289,17.3116,31.5635,31.5635,17.812,-0.129917
19,290,55.8859,101.694,101.694,53.5156,0.204819
19,293,137.255,335.773,335.773,149.406,-0.376088
19,295,148.321,341.731,341.731,133.47,0.514546
19,312,8.77949,27.8701,27.8701,8.5049,0.149302
19,336,0.159529,0.439465,0.439465,0.148516,0.342908
19,360,0.00275338,0.00686174,0.00686174,0.00259017,0.291372
19,384,4.84758e-5,0.000107048,0.000107048,4.49619e-5,0.361406
19,385,14.984,24.5096,24.5096,15.0971,-0.0346283
19,386,49.7383,79.0637,79.0637,45.4183,0.439848
19,389,154.929,263.801,263.801,128.832,0.936753
19,391,113.243,271.146,271.146,115.39,-0.0860292
19,408,8.32274,22.5827,22.5827,7.3718,0.596528
19,432,0.130887,0.358518,0.358518,0.129068,0.0651698
19,456,0.0016357,0.00562969,0.00562969,0.00225975,-1.27706
19,480,4.44655e-5,8.83936e-5,8.83936e-5,3.94952e-5,0.581954
19,481,18.4335,21.5445,21.5445,13.9654,1.47954
19,482,47.6702,69.5251,69.5251,42.0292,0.620654
19,485,133.663,234.076,234.076,119.155,0.56305
19,487,113.072,240.883,240.883,107.238,0.251571
19,504,6.69854,20.0497,20.0497,6.86859,-0.114489
19,528,0.129943,0.315369,0.315369,0.121208,0.333277
19,552,0.00202058,0.00485807,0.00485807,0.00213676,-0.251429
19,576,4.61141e-5,7.47793e-5,7.47793e-5,3.75913e-5,1.04844
19,577,13.0809,19.7903,19.7903,13.3115,-0.0801286
19,578,37.0078,63.8756,63.8756,40.0683,-0.353208
19,581,116.416,213.826,213.826,113.423,0.12201
19,583,98.8839,220.989,220.989,102.037,-0.142885
19,600,6.23078,18.6208,18.6208,6.53983,-0.218532
19,624,0.124526,0.297258,0.297258,0.114062,0.424251
19,648,0.00199316,0.00469119,0.00469119,0.00199083,0.00542012
20,0,0,0,0,0,0
20,1,53.6099,103.119,103.119,48.3543,0.502612
20,2,69.5245,213.661,213.661,92.2792,-1.1403
20,5,82.564,278.034,278.034,110.005,-1.15355
20,7,55.7384,226.152,226.152,85.2359,-1.60034
20,24,1.81956,13.7516,13.7516,3.25816,-2.04182
20,48,0.00918574,0.213037,0.213037,0.025277,-2.94384
20,72,6.27792e-5,0.00330773,0.00330773,0.00019604,-3.14345
20,96,3.97862e-6,5.13944e-5,5.13944e-5,1.85586e-6,5.28938
20,97,8.55708,18.0616,18.0616,8.54554,0.00624177
20,98,24.8523,58.2677,58.2677,27.1666,-0.393952
20,101,66.6041,188.831,188.831,83.567,-0.938673
20,103,77.5257,189.34,189.34,79.9218,-0.138642
20,120,3.12417,14.8832,14.8832,3.97541,-0.990192
20,144,0.013025,0.231183,0.231183,0.0317762,-2.72883
20,168,0.000109132,0.00359007,0.00359007,0.000250707,-2.61138
20,192,3.60781e-6,5.58727e-5,5.58727e-5,1.89623e-6,4.17402
20,193,10.1462,22.3533,22.3533,10.4073,-0.115987
20,194,36.8213,72.1407,72.1407,33.1185,0.517012
20,197,94.7422,237.567,237.567,104.434,-0.42917
20,199,106.892,240.683,240.683,101.091,0.265346
20,216,5.08615,19.2546,19.2546,5.17454,-0.0789926
20,240,0.025412,0.303129,0.303129,0.0412688,-1.77682
20,264,0.000165563,0.00473459,0.00473459,0.000324631,-2.2659
20,288,1.15689e-6,7.38236e-5,7.38236e-5,2.47061e-6,-2.45894
20,289,19.1129,31.5635,31.5635,14.6993,1.38849
20,290,47.4357,101.694,101.694,46.7066,0.0721915
20,293,166.683,335.773,335.773,146.965,0.620437
20,295,166.467,341.731,341.731,143.329,0.746502
20,312,7.05037,27.8701,27.8701,7.44182,-0.243246
20,336,0.0364215,0.439465,0.439465,0.0585274,-1.74662
20,360,0.000261798,0.00686174,0.00686174,0.000453958,-1.95748
20,384,1.57416e-6,0.000107048,0.000107048,3.57328e-6,-2.58714
20,385,16.0358,24.5096,24.5096,11.4787,1.83586
20,386,39.3377,79.0637,79.0637,36.5272,0.3558
20,389,131.903,263.801,263.801,117.923,0.548219
20,391,163.305,271.146,271.146,115.656,1.9052
20,408,6.63389,22.5827,22.5827,6.16209,0.354055
20,432,0.0385693,0.358518,0.358518,0.0488882,-0.976064
20,456,0.000220026,0.00562969,0.00562969,0.000381677,-1.95854
20,480,2.27742e-6,8.83936e-5,8.83936e-5,2.72355e-6,-0.757482
20,481,15.4722,21.5445,21.5445,10.1228,2.44374
20,482,44.8199,69.5251,69.5251,32.2269,1.807
20,485,153.707,234.076,234.076,104.076,2.20524
20,487,112.663,240.883,240.883,102.745,0.446374
20,504,6.96687,20.0497,20.0497,5.49558,1.23804
20,528,0.0371506,0.315369,0.315369,0.0432708,-0.654057
20,552,0.000196958,0.00485807,0.00485807,0.000335108,-1.9064
20,576,1.98807e-6,7.47793e-5,7.47793e-5,2.65023e-6,-1.15539
20,577,14.6948,19.7903,19.7903,9.32667,2.66163
20,578,46.766,63.8756,63.8756,29.6986,2.65755
20,581,129.166,213.826,213.826,95.7027,1.61691
20,583,133.995,220.989,220.989,94.4977,1.93283
20,600,7.33935,18.6208,18.6208,5.11074,2.01651
20,624,0.0377609,0.297258,0.297258,0.040618,-0.325275
20,648,0.000168854,0.00469119,0.00469119,0.000316885,-2.16024
21,0,0,0,0,0,0
21,1,175.108,103.119,103.119,165.807,0.259398
21,2,368.016,213.661,213.661,344.593,0.314334
21,5,520.902,278.034,278.034,429.81,0.980067
21,7,371.28,226.152,226.152,331.216,0.559358
21,24,17.9912,13.7516,13.7516,16.3142,0.475363
21,48,0.218913,0.213037,0.213037,0.216632,0.0486792
21,72,0.00296647,0.00330773,0.00330773,0.0028551,0.180374
21,96,5.51901e-5,5.13944e-5,5.13944e-5,3.74673e-5,2.18741
21,97,44.8652,18.0616,18.0616,36.5116,1.05803
21,98,108.577,58.2677,58.2677,111.435,-0.118613
21,101,343.757,188.831,188.831,311.508,0.478735
21,103,265.346,189.34,189.34,278.958,-0.225645
21,120,17.0056,14.8832,14.8832,15.1695,0.559738
21,144,0.208914,0.231183,0.231183,0.200526,0.193419
21,168,0.00266192,0.00359007,0.00359007,0.00264812,0.0240991
21,192,3.6431e-5,5.58727e-5,5.58727e-5,3.49982e-5,0.189321
21,193,38.9925,22.3533,22.3533,44.9077,-0.609108
21,194,166.721,72.1407,72.1407,137.2,0.995007
21,197,345.052,237.567,237.567,388.841,-0.520761
21,199,384.021,240.683,240.683,351.038,0.434509
21,216,21.3528,19.2546,19.2546,19.2592,0.502699
21,240,0.296154,0.303129,0.303129,0.252944,0.789979
21,264,0.00351964,0.00473459,0.00473459,0.00332464,0.271228
21,288,4.45802e-5,7.38236e-5,7.38236e-5,4.37975e-5,0.0826423
21,289,71.7408,31.5635,31.5635,62.4975,0.683926
21,290,175.16,101.694,101.694,190.724,-0.377386
21,293,524.142,335.773,335.773,542.908,-0.159845
21,295,504.084,341.731,341.731,492.488,0.10889
21,312,30.1583,27.8701,27.8701,27.2225,0.498706
21,336,0.352354,0.439465,0.439465,0.362171,-0.125348
21,360,0.00447651,0.00686174,0.00686174,0.00481252,-0.322871
21,384,6.03817e-5,0.000107048,0.000107048,6.39213e-5,-0.256074
21,385,46.2886,24.5096,24.5096,47.5498,-0.122658
21,386,143.412,79.0637,79.0637,145.37,-0.0623041
21,389,410.82,263.801,263.801,420.648,-0.108043
21,391,485.268,271.146,271.146,384.123,1.21765
21,408,21.6582,22.5827,22.5827,21.4753,0.0393901
21,432,0.25075,0.358518,0.358518,0.283966,-0.54092
21,456,0.00363379,0.00562969,0.00562969,0.00375639,-0.150929
21,480,4.48602e-5,8.83936e-5,8.83936e-5,4.94984e-5,-0.433319
21,481,33.0075,21.5445,21.5445,41.248,-0.92385
21,482,125.166,69.5251,69.5251,126.172,-0.0368676
21,485,356.773,234.076,234.076,367.532,-0.135368
21,487,380.557,240.883,240.883,336.536,0.604893
21,504,16.65,20.0497,20.0497,18.9008,-0.550677
21,528,0.239252,0.315369,0.315369,0.252057,-0.234919
21,552,0.002575,0.00485807,0.00485807,0.00335552,-1.07565
21,576,4.70583e-5,7.47793e-5,7.47793e-5,4.46216e-5,0.252519
21,577,44.718,19.7903,19.7903,37.4981,0.890362
21,578,124.445,63.8756,63.8756,114.731,0.391518
21,581,327.747,213.826,213.826,334.709,-0.0961895
21,583,319.738,220.989,220.989,307.257,0.187837
21,600,18.6739,18.6208,18.6208,17.2671,0.376756
21,624,0.194514,0.297258,0.297258,0.230514,-0.722206
21,648,0.00326026,0.00469119,0.00469119,0.00307029,0.286111
22,0,0,0,0,0,0
22,1,113.478,103.119,103.119,102.441,0.498231
22,2,255.336,213.661,213.661,297.63,-0.657138
22,5,580.266,278.034,278.034,589.392,-0.0716019
22,7,512.238,226.152,226.152,545.808,-0.284419
22,24,73.9216,13.7516,13.7516,69.7798,0.274479
22,48,2.7322,0.213037,0.213037,2.44914,0.53447
22,72,0.0960794,0.00330773,0.00330773,0.0793858,0.972425
22,96,0.00270414,5.13944e-5,5.13944e-5,0.0024657,0.447184
22,97,25.0769,18.0616,18.0616,25.2382,-0.0295516
22,98,94.6911,58.2677,58.2677,87.618,0.373311
22,101,394.781,188.831,188.831,354.072,0.531682
22,103,435.125,189.34,189.34,427.952,0.0775021
22,120,99.284,14.8832,14.8832,109.322,-0.424594
22,144,5.31439,0.231183,0.231183,4.96092,0.329488
22,168,0.206595,0.00359007,0.00359007,0.178415,0.730372
22,192,0.00554135,5.58727e-5,5.58727e-5,0.00585542,-0.248042
22,193,30.5254,22.3533,22.3533,27.8664,0.441256
22,194,90.5581,72.1407,72.1407,96.7053,-0.293954
22,197,410.051,237.567,237.567,395.436,0.170912
22,199,447.728,240.683,240.683,485.085,-0.356126
22,216,162.885,19.2546,19.2546,136.162,0.907546
22,240,6.65632,0.303129,0.303129,6.49134,0.117529
22,264,0.252011,0.00473459,0.00473459,0.238278,0.266514
22,288,0.00669854,7.38236e-5,7.38236e-5,0.00791287,-0.709664
22,289,43.6327,38.9396,38.9396,46.4317,-0.278763
22,290,190.124,125.259,125.259,160.452,0.85517
22,293,678.328,415.791,415.791,650.115,0.200682
22,295,911.731,419.945,419.945,798.767,0.653988
22,312,244.079,33.8207,33.8207,228.403,0.317395
22,336,13.6366,0.5293,0.5293,10.9353,1.14234
22,360,0.385652,0.00818618,0.00818618,0.402742,-0.196234
22,384,0.0106027,0.000126739,0.000126739,0.0133892,-0.962403
22,385,33.413,29.0237,29.0237,33.2901,0.0170685
22,386,133.399,93.5194,93.5194,115.117,0.734426
22,389,533.425,310.674,310.674,471.732,0.604767
22,391,674.609,319.648,319.648,585.777,0.701272
22,408,175.802,26.6172,26.6172,181.031,-0.133561
22,432,10.4679,0.424459,0.424459,9.02573,0.73889
22,456,0.359963,0.0066964,0.0066964,0.33732,0.310405
22,480,0.0112784,0.000105494,0.000105494,0.0112917,-0.00546404
22,481,29.0463,25.3659,25.3659,28.4105,0.103476
22,482,94.3145,81.7676,81.7676,98.2637,-0.185854
22,485,450.006,273.486,273.486,403.705,0.530367
22,487,541.421,282.115,282.115,502.788,0.355322
22,504,150.844,23.5942,23.5942,159.268,-0.244589
22,528,6.64049,0.370013,0.370013,8.05231,-0.810791
22,552,0.337521,0.00574809,0.00574809,0.302497,0.535428
22,576,0.00952689,8.91375e-5,8.91375e-5,0.0101494,-0.283623
22,577,26.6031,23.2777,23.2777,25.6405,0.173595
22,578,101.187,75.0511,75.0511,88.6916,0.651511
22,581,360.303,251.489,251.489,364.743,-0.0562911
22,583,416.904,259.847,259.847,454.923,-0.386471
22,600,136.007,21.9561,21.9561,145.883,-0.313065
22,624,8.8386,0.347879,0.347879,7.42883,0.87756
22,648,0.267235,0.00542573,0.00542573,0.279814,-0.207887
23,0,0,0,0,0,0
23,1,90.0435,103.119,103.119,91.6685,-0.0819742
23,2,194.135,213.661,213.661,180.553,0.347861
23,5,271.506,278.034,278.034,240.626,0.593462
23,7,197.289,226.152,226.152,207.189,-0.220961
23,24,21.2472,13.7516,13.7516,21.3568,-0.0237255
23,48,0.69135,0.213037,0.213037,0.688394,0.0198591
23,72,0.0222379,0.00330773,0.00330773,0.0220405,0.0414154
23,96,0.000686558,5.13944e-5,5.13944e-5,0.000704915,-0.120424
23,97,10.554,18.0616,18.0616,11.8563,-0.50794
23,98,40.2275,58.2677,58.2677,39.3915,0.0981479
23,101,131.838,188.831,188.831,140.434,-0.283056
23,103,154.311,189.34,189.34,153.102,0.0365156
23,120,22.9871,14.8832,14.8832,21.9308,0.222725
23,144,0.675651,0.231183,0.231183,0.706672,-0.202995
23,168,0.0246734,0.00359007,0.00359007,0.0221933,0.516774
23,192,0.000771146,5.58727e-5,5.58727e-5,0.000696969,0.492158
23,193,15.4258,22.3533,22.3533,15.5387,-0.033608
23,194,51.6254,72.1407,72.1407,51.6086,0.00150395
23,197,208.401,237.567,237.567,186.16,0.552466
23,199,191.175,240.683,240.683,204.337,-0.297858
23,216,31.5621,19.2546,19.2546,29.7995,0.273519
23,240,0.995002,0.303129,0.303129,0.972408,0.107449
23,264,0.0341641,0.00473459,0.00473459,0.0310293,0.467188
23,288,0.0010019,7.38236e-5,7.38236e-5,0.000990629,0.0526316
23,289,29.6613,38.9396,38.9396,28.0564,0.264516
23,290,98.6718,125.259,125.259,92.8613,0.289353
23,293,310.823,415.791,415.791,332.673,-0.303732
23,295,362.86,419.945,419.945,366.134,-0.0413552
23,312,53.7632,33.8207,33.8207,53.8628,-0.00855129
23,336,1.75013,0.5293,0.5293,1.75798,-0.0206442
23,360,0.0530599,0.00818618,0.00818618,0.0561154,-0.251795
23,384,0.00167709,0.000126739,0.000126739,0.00179206,-0.296675
23,385,22.1472,29.0237,29.0237,21.8358,0.065941
23,386,72.6681,93.5194,93.5194,72.3496,0.0203576
23,389,232.448,310.674,310.674,262.859,-0.534999
23,391,252.216,319.648,319.648,291.776,-0.626978
23,408,48.7985,26.6172,26.6172,44.1498,0.486915
23,432,1.40263,0.424459,0.424459,1.44327,-0.130196
23,456,0.0535497,0.0066964,0.0066964,0.0460756,0.75013
23,480,0.00152949,0.000105494,0.000105494,0.00147136,0.182695
23,481,20.2493,25.3659,25.3659,19.5129,0.174513
23,482,73.9274,81.7676,81.7676,64.6709,0.661887
23,485,260.876,273.486,273.486,235.791,0.491959
23,487,291.171,282.115,282.115,262.372,0.50759
23,504,42.8164,23.5942,23.5942,40.0742,0.316436
23,528,1.54736,0.370013,0.370013,1.31094,0.833968
23,552,0.047914,0.00574809,0.00574809,0.0418703,0.667494
23,576,0.00154229,8.91375e-5,8.91375e-5,0.00133812,0.705572
23,577,24.0648,23.2777,23.2777,18.2012,1.48972
23,578,67.9658,75.0511,75.0511,60.3311,0.585195
23,581,232.574,251.489,251.489,220.106,0.261945
23,583,218.96,259.847,259.847,245.254,-0.495794
23,600,47.6938,21.9561,21.9561,37.5935,1.24241
23,624,1.31813,0.347879,0.347879,1.23043,0.329614
23,648,0.0417045,0.00542573,0.00542573,0.0392792,0.285528
24,0,0,0,0,0,0
24,1,12.5877,103.119,103.119,21.3044,-1.89204
24,2,12.7952,213.661,213.661,33.0611,-2.83464
24,5,16.1189,278.034,278.034,37.3571,-2.62902
24,7,13.9371,226.152,226.152,30.166,-2.48783
24,24,0.607074,13.7516,13.7516,1.72006,-2.99224
24,48,0.0040312,0.213037,0.213037,0.0226923,-3.80284
24,72,3.21932e-5,0.00330773,0.00330773,0.000296496,-4.12223
24,96,2.62627e-6,5.13944e-5,5.13944e-5,3.53097e-6,-1.18484
24,97,2.48788,18.0616,18.0616,2.63566,-0.259282
24,98,7.45641,58.2677,58.2677,8.57176,-0.601717
24,101,28.2387,188.831,188.831,28.6122,-0.0603758
24,103,25.8024,189.34,189.34,29.1801,-0.53528
24,120,1.29133,14.8832,14.8832,2.28568,-2.01175
24,144,0.0116413,0.231183,0.231183,0.0306166,-2.86604
24,168,8.63407e-5,0.00359007,0.00359007,0.000400386,-3.62713
24,192,1.46e-5,5.58727e-5,5.58727e-5,5.13199e-6,8.53146
24,193,4.34103,22.3533,22.3533,3.5259,1.06908
24,194,13.637,72.1407,72.1407,11.4714,0.872968
24,197,57.7995,237.567,237.567,38.6615,2.2891
24,199,50.2483,240.683,240.683,39.9041,1.19875
24,216,2.79714,19.2546,19.2546,3.23163,-0.621729
24,240,0.018689,0.303129,0.303129,0.0433847,-2.6323
24,264,0.000137521,0.00473459,0.00473459,0.000567052,-3.50284
24,288,1.49763e-6,7.38236e-5,7.38236e-5,7.29818e-6,-3.67539
24,289,10.0905,38.9396,38.9396,6.67071,2.37069
24,290,26.2275,125.259,125.259,21.6338,0.981932
24,293,112.982,415.791,415.791,72.9701,2.53569
24,295,106.818,419.945,419.945,75.6259,1.90729
24,312,6.05751,33.8207,33.8207,6.20581,-0.110513
24,336,0.0458286,0.5293,0.5293,0.0827557,-2.06346
24,360,0.000353709,0.00818618,0.00818618,0.00107416,-3.1016
24,384,2.80821e-5,0.000126739,0.000126739,1.3936e-5,4.69406
24,385,9.16873,29.0237,29.0237,5.52904,3.04413
24,386,33.4502,93.5194,93.5194,17.9536,3.99148
24,389,102.417,310.674,310.674,61.0944,3.12776
24,391,102.851,319.648,319.648,64.0608,2.80012
24,408,6.31591,26.6172,26.6172,5.3902,0.794185
24,432,0.0492795,0.424459,0.424459,0.072557,-1.48357
24,456,0.000356337,0.0066964,0.0066964,0.000949152,-2.88824
24,480,1.02926e-5,0.000105494,0.000105494,1.22901e-5,-0.751603
24,481,9.18081,25.3659,25.3659,5.11631,3.67368
24,482,29.9916,81.7676,81.7676,16.6182,3.72142
24,485,103.86,273.486,273.486,56.8852,3.81872
24,487,102.475,282.115,282.115,59.7262,3.30987
24,504,5.90022,23.5942,23.5942,5.05232,0.776071
24,528,0.0488871,0.370013,0.370013,0.0671595,-1.25817
24,552,0.000332808,0.00574809,0.00574809,0.000874715,-2.86489
24,576,2.4907e-6,8.91375e-5,8.91375e-5,9.87893e-6,-3.45844
24,577,8.20504,23.2777,23.2777,4.88912,3.13634
24,578,25.2633,75.0511,75.0511,15.8822,2.73145
24,581,87.8,251.489,251.489,54.5735,2.81547
24,583,115.91,259.847,259.847,57.3349,4.72436
24,600,6.00762,21.9561,21.9561,4.86823,1.08231
24,624,0.0390088,0.347879,0.347879,0.0662375,-1.90095
24,648,0.000353567,0.00542573,0.00542573,0.000875561,-2.75695
25,0,0,0,0,0,0
25,1,61.083,103.119,103.119,51.8144,0.827205
25,2,79.8129,213.661,213.661,71.0497,0.570358
25,5,90.1267,278.034,278.034,83.0831,0.392045
25,7,66.7418,226.152,226.152,71.782,-0.324696
25,24,7.03648,13.7516,13.7516,6.96351,0.0484621
25,48,0.196202,0.213037,0.213037,0.189338,0.167639
25,72,0.00466661,0.00330773,0.00330773,0.00514787,-0.432316
25,96,0.000134908,5.13944e-5,5.13944e-5,0.000140018,-0.168768
25,97,7.83651,18.0616,18.0616,6.77353,0.7257
25,98,21.9986,58.2677,58.2677,22.418,-0.0865051
25,101,76.7954,188.831,188.831,79.424,-0.153046
25,103,77.6177,189.34,189.34,86.1171,-0.456402
25,120,11.5636,14.8832,14.8832,11.3025,0.106817
25,144,0.282295,0.231183,0.231183,0.315422,-0.485663
25,168,0.00892695,0.00359007,0.00359007,0.0086161,0.16684
25,192,0.000229253,5.58727e-5,5.58727e-5,0.000235479,-0.122261
25,193,11.2674,22.3533,22.3533,10.4935,0.341058
25,194,32.5822,72.1407,72.1407,34.7281,-0.285742
25,197,138.606,237.567,237.567,124.448,0.526087
25,199,155.145,240.683,240.683,136.2,0.643239
25,216,19.1137,19.2546,19.2546,18.2929,0.207498
25,240,0.522479,0.303129,0.303129,0.508442,0.12767
25,264,0.0117249,0.00473459,0.00473459,0.0138186,-0.70063
25,288,0.000539365,7.38236e-5,7.38236e-5,0.000375189,2.02352
25,289,22.2124,38.9396,38.9396,22.3909,-0.036854
25,290,75.9692,125.259,125.259,73.8652,0.131723
25,293,251.33,415.791,415.791,263.807,-0.218723
25,295,288.025,419.945,419.945,289.923,-0.0302702
25,312,38.7572,33.8207,33.8207,39.4879,-0.0855734
25,336,1.02948,0.5293,0.5293,1.10488,-0.315614
25,360,0.0295545,0.00818618,0.00818618,0.0301632,-0.0933228
25,384,0.000787621,0.000126739,0.000126739,0.000823594,-0.201983
25,385,23.4118,29.0237,29.0237,20.9072,0.553992
25,386,57.8418,93.5194,93.5194,69.0032,-0.747996
25,389,289.778,310.674,310.674,248.592,0.766144
25,391,279.324,319.648,319.648,273.586,0.0969894
25,408,37.3862,26.6172,26.6172,37.5704,-0.0226762
25,432,1.14927,0.424459,0.424459,1.04498,0.461533
25,456,0.0252804,0.0066964,0.0066964,0.0284095,-0.509333
25,480,0.000769215,0.000105494,0.000105494,0.000771759,-0.0152428
25,481,21.2032,25.3659,25.3659,20.4213,0.177047
25,482,70.7132,81.7676,81.7676,67.4057,0.226905
25,485,210.846,273.486,273.486,243.18,-0.614855
25,487,315.567,282.115,282.115,268.055,0.819651
25,504,44.3927,23.5942,23.5942,36.9262,0.935046
25,528,1.19662,0.370013,0.370013,1.0271,0.76324
25,552,0.0249616,0.00574809,0.00574809,0.0278866,-0.485053
25,576,0.000877266,8.91375e-5,8.91375e-5,0.000756577,0.737674
25,577,23.2857,23.2777,23.2777,20.1738,0.713345
25,578,87.1215,75.0511,75.0511,66.5908,1.42574
25,581,267.553,251.489,251.489,240.284,0.524789
25,583,257.686,259.847,259.847,264.953,-0.126833
25,600,38.2745,21.9561,21.9561,36.5381,0.219767
25,624,1.00664,0.347879,0.347879,1.01643,-0.0444985
25,648,0.0320576,0.00542573,0.00542573,0.0275927,0.748272
26,0,0,0,0,0,0
26,1,154.645,103.119,103.119,146.681,0.25108
26,2,420.951,213.661,213.661,415.302,0.0629003
26,5,788.712,278.034,278.034,783.767,0.0291785
26,7,569.836,226.152,226.152,650.787,-0.575224
26,24,42.8144,13.7516,13.7516,36.3238,0.82631
26,48,0.466364,0.213037,0.213037,0.508081,-0.379686
26,72,0.00657638,0.00330773,0.00330773,0.00710286,-0.342764
27,0,0,0,0,0,0
27,1,161.766,103.119,103.119,147.296,0.454263
27,2,423.985,213.661,213.661,450.421,-0.271407
27,5,973.631,278.034,278.034,1011.36,-0.172528
27,7,1052.27,226.152,226.152,889.095,0.848695
27,24,55.1308,13.7516,13.7516,50.8396,0.39033
27,48,0.530774,0.213037,0.213037,0.535328,-0.0393449
27,72,0.00490607,0.00330773,0.00330773,0.00531805,-0.358239
28,0,0,0,0,0,0
28,1,116.406,103.119,103.119,114.826,0.0636414
28,2,255.703,213.661,213.661,317.228,-0.896866
28,5,605.33,278.034,278.034,564.195,0.337162
28,7,445.77,226.152,226.152,437.082,0.0919164
28,24,13.2715,13.7516,13.7516,13.0037,0.0952105
28,48,0.0837472,0.213037,0.213037,0.0771211,0.397319
28,72,0.000396766,0.00330773,0.00330773,0.000456379,-0.604041
29,0,0,0,0,0,0
29,1,141.884,103.119,103.119,148.353,-0.201626
29,2,575.537,213.661,213.661,482.527,0.891373
29,5,1550.03,278.034,278.034,1332.01,0.756926
29,7,1320.81,226.152,226.152,1267.74,0.193574
29,24,101.79,13.7516,13.7516,105.962,-0.18208
29,48,1.76771,0.213037,0.213037,1.64985,0.330336
29,72,0.0218578,0.00330773,0.00330773,0.0219604,-0.0216134
30,0,0,0,0,0,0
30,1,87.2986,103.119,103.119,66.9957,1.40139
30,2,123.023,213.661,213.661,113.197,0.401402
30,5,113.953,278.034,278.034,121.358,-0.28214
30,7,68.5394,226.152,226.152,90.3275,-1.11545
30,24,4.07133,13.7516,13.7516,4.31164,-0.257742
30,48,0.0645411,0.213037,0.213037,0.0574546,0.57037
30,72,0.000575884,0.00330773,0.00330773,0.000762467,-1.13162
30,96,1.46587e-5,5.13944e-5,5.13944e-5,1.01717e-5,2.03991
30,97,12.1653,18.0616,18.0616,11.4983,0.268232
30,98,37.3169,58.2677,58.2677,33.6661,0.501469
30,101,93.4998,188.831,188.831,86.0175,0.402248
30,103,67.3288,189.34,189.34,72.2039,-0.312228
30,120,3.19183,14.8832,14.8832,3.62365,-0.551063
30,144,0.0455615,0.231183,0.231183,0.0483541,-0.267072
30,168,0.000546088,0.00359007,0.00359007,0.000643314,-0.698893
30,192,8.09397e-6,5.58727e-5,5.58727e-5,8.58264e-6,-0.263295
30,193,16.54,22.3533,22.3533,15.0403,0.4611
30,194,48.0342,72.1407,72.1407,44.079,0.414947
30,197,121.329,237.567,237.567,114.195,0.288872
30,199,115.242,240.683,240.683,96.4274,0.902307
30,216,5.14422,19.2546,19.2546,4.8171,0.314025
30,240,0.0596305,0.303129,0.303129,0.0634814,-0.280526
30,264,0.000654081,0.00473459,0.00473459,0.000832818,-0.992463
30,288,1.14681e-5,7.38236e-5,7.38236e-5,1.10961e-5,0.155031
30,289,23.6969,38.9396,38.9396,26.7338,-0.525312
30,290,66.0247,125.259,125.259,78.1702,-0.718494
30,293,211.006,415.791,415.791,202.006,0.206038
30,295,204.683,419.945,419.945,170.516,0.926607
30,312,9.04291,33.8207,33.8207,8.56676,0.257026
30,336,0.100329,0.5293,0.5293,0.112498,-0.500242
30,360,0.00112175,0.00818618,0.00818618,0.00147837,-1.11549
30,384,1.84366e-5,0.000126739,0.000126739,1.93762e-5,-0.224245
30,385,22.8831,29.0237,29.0237,20.2473,0.601991
30,386,70.9865,93.5194,93.5194,59.3616,0.905589
30,389,155.877,310.674,310.674,157.039,-0.0342272
30,391,157.729,319.648,319.648,133.726,0.830016
30,408,6.16437,26.6172,26.6172,6.76281,-0.409206
30,432,0.0853284,0.424459,0.424459,0.0893602,-0.208643
30,456,0.000973826,0.0066964,0.0066964,0.00118031,-0.808968
30,480,1.62367e-5,0.000105494,0.000105494,1.55097e-5,0.216759
30,481,16.1142,25.3659,25.3659,17.8126,-0.440919
30,482,55.1681,81.7676,81.7676,52.2585,0.257465
30,485,138.464,273.486,273.486,138.451,0.00046583
30,487,119.026,282.115,282.115,118.387,0.0249673
30,504,6.63094,23.5942,23.5942,5.96685,0.514667
30,528,0.0694583,0.370013,0.370013,0.0778219,-0.496982
30,552,0.00092905,0.00574809,0.00574809,0.00101713,-0.400459
30,576,1.93862e-5,8.91375e-5,8.91375e-5,1.32217e-5,2.15606
30,577,18.7474,23.2777,23.2777,16.4278,0.652951
30,578,60.9074,75.0511,75.0511,48.2105,1.21788
30,581,144.188,251.489,251.489,128.265,0.574055
30,583,93.627,259.847,259.847,109.83,-0.682231
30,600,5.39398,21.9561,21.9561,5.56331,-0.140754
30,624,0.0631156,0.347879,0.347879,0.0730512,-0.628948
30,648,0.000963776,0.00542573,0.00542573,0.000960033,0.0180306