rep,id,V,Cl,Emax,H,kdeg,K
1,1,4.01212540040398,2.31519683575247,324101.653824837,0.925913663054495,0.176058788861316,5.12611099840965
2,1,4.01212540040398,2.32216056854077,262540.797428557,0.925913663054495,0.174342754400102,4.82158316303872
1,2,4.01212540040398,0.754326685010005,554362.566686229,0.925913663054495,0.168867355497572,1.82839281674237
2,2,4.01212540040398,0.769596404058404,777950.05655871,0.925913663054495,0.169638541482571,1.91398826369869
1,3,4.01212540040398,2.23843577078775,145678.944820486,0.925913663054495,0.191608914975988,2.949489983785
2,3,4.01212540040398,2.23416680614128,318929.685555323,0.925913663054495,0.189263222486263,4.11382419146941
1,4,4.01212540040398,2.57116147045174,529789.936837962,0.925913663054495,0.172303561626976,1.87502551250184
2,4,4.01212540040398,2.56142939319072,366120.97532371,0.925913663054495,0.173191272339553,1.77088405762779
1,5,4.01212540040398,1.29098580761404,268868.49518299,0.925913663054495,0.191561796755368,2.57746988329305
2,5,4.01212540040398,1.28939890221099,448836.326927217,0.925913663054495,0.190645576972188,3.11699851963287
1,6,4.01212540040398,0.584053825840971,371556.39709573,0.925913663054495,0.211759387340873,3.35544773275546
2,6,4.01212540040398,0.586985558498933,422142.351984047,0.925913663054495,0.209880159033688,3.56853574065699
1,7,4.01212540040398,2.02380876729538,332886.58502606,0.925913663054495,0.197411456958773,2.11248934807607
2,7,4.01212540040398,2.0255911895848,516782.764144595,0.925913663054495,0.196657528776518,2.3818629787295
1,8,4.01212540040398,2.8942980257036,2163463.62196765,0.925913663054495,0.181717564427151,2.54513507546803
2,8,4.01212540040398,2.89171884580419,304995.111140621,0.925913663054495,0.183100722360689,1.63720548867244
1,9,4.01212540040398,2.06550223908246,308789.107261659,0.925913663054495,0.163413932253066,3.08877732743559
2,9,4.01212540040398,2.061359643672,361848.092745687,0.925913663054495,0.164098970425558,3.2267307782855
1,10,4.01212540040398,1.58900372579678,438530.715156308,0.925913663054495,0.165724891473447,3.22771066831406
2,10,4.01212540040398,1.58218791484629,408537.203063804,0.925913663054495,0.166364934418368,3.13262011381828
1,11,4.01212540040398,2.03672470807002,361919.084765627,0.925913663054495,0.182051388630419,4.85634950341007
2,11,4.01212540040398,2.03656543993126,367641.379758317,0.925913663054495,0.182432747491792,4.79642227113924
1,12,4.01212540040398,1.10932612455041,379921.610728406,0.925913663054495,0.197776989944982,6.99808592470763
2,12,4.01212540040398,1.10975029463824,21029.2102023772,0.925913663054495,0.197288205826455,1.72154830170711
1,13,4.01212540040398,2.06707517236699,405415.579371831,0.925913663054495,0.191543276517803,2.81752522698391
2,13,4.01212540040398,2.0673113690957,465465.300070247,0.925913663054495,0.19323012412474,2.92690261299817
1,14,4.01212540040398,0.777604275839222,391646.301612508,0.925913663054495,0.174193322632988,3.51144999038278
2,14,4.01212540040398,0.778017695669419,357470.95954167,0.925913663054495,0.17433682704283,3.40230288793188
1,15,4.01212540040398,1.95325819335961,447204.424911091,0.925913663054495,0.160268573517529,2.75951989794224
2,15,4.01212540040398,1.94389813460368,346669.784806149,0.925913663054495,0.162190032544747,2.50129264154087
1,16,4.01212540040398,2.37773458178122,476717.644107873,0.925913663054495,0.192463243492331,3.41430914187241
2,16,4.01212540040398,2.37515117911063,504981.010214638,0.925913663054495,0.194011363713109,3.32427094605877
1,17,4.01212540040398,0.907085645644032,488483.627827152,0.925913663054495,0.178160049579478,2.54574710308323
2,17,4.01212540040398,0.904037526781805,471806.505565219,0.925913663054495,0.178196499946079,2.68070136310128
1,18,4.01212540040398,1.19923805266696,685610.472683208,0.925913663054495,0.143828198603851,2.02350667574129
2,18,4.01212540040398,1.19845180789345,915923.89075429,0.925913663054495,0.151080199743012,1.99855349644744
1,19,4.01212540040398,2.99783703786715,382697.014993721,0.925913663054495,0.190293437274894,3.37659406265734
2,19,4.01212540040398,2.97611211044238,440165.98157706,0.925913663054495,0.191870473468574,3.48777549193475
1,20,4.01212540040398,2.21164624891388,387994.780676435,0.925913663054495,0.165773732420108,4.15565475197345
2,20,4.01212540040398,2.21849408707205,367084.428713225,0.925913663054495,0.165327808197132,4.23290519725493
1,21,4.01212540040398,1.5327270664817,350435.404794934,0.925913663054495,0.190253921637821,3.29135401920206
2,21,4.01212540040398,1.53262494757775,320783.302694539,0.925913663054495,0.190604282651283,3.21324049938294
1,22,4.01212540040398,1.89858789480043,259906.814426317,0.925913663054495,0.193591573410094,2.67683065925396
2,22,4.01212540040398,1.90454092898757,280946.000507847,0.925913663054495,0.195621940770511,2.79609996195844
1,23,4.01212540040398,1.95070388652102,342634.261603812,0.925913663054495,0.164970486844315,3.12150454442288
2,23,4.01212540040398,1.94689829301412,372328.074128571,0.925913663054495,0.166549495933206,3.12401518916169
1,24,4.01212540040398,0.873410608120939,382089.785893903,0.925913663054495,0.19505905257538,1.60374428699048
2,24,4.01212540040398,0.873176168177517,355563.187760066,0.925913663054495,0.199667136021552,1.74451717572468
1,25,4.01212540040398,0.973467646605921,346690.386722199,0.925913663054495,0.168807177679542,2.78885528340542
2,25,4.01212540040398,0.973538453076786,300470.514254377,0.925913663054495,0.168128987452337,2.69215119772795
1,26,4.01212540040398,0.913143067911795,563234.490697576,0.925913663054495,0.194685050078578,3.01252457354976
2,26,4.01212540040398,0.914501115476487,467528.056715045,0.925913663054495,0.193762559019077,2.79109888337131
1,27,4.01212540040398,1.96765249418843,456643.137701383,0.925913663054495,0.209072969688001,3.59174669728866
2,27,4.01212540040398,1.96666191676752,450910.361400854,0.925913663054495,0.207807275463234,3.52330688842409
1,28,4.01212540040398,2.16600355982381,368368.004809539,0.925913663054495,0.173355505468944,3.758409142702
2,28,4.01212540040398,2.16985576630146,329603.450353672,0.925913663054495,0.173000923827883,3.54078519023645
1,29,4.01212540040398,1.55906440612984,118833.333336431,0.925913663054495,0.211297385385642,2.12523017613279
2,29,4.01212540040398,1.55216788782779,288979.877497466,0.925913663054495,0.209486467235039,2.82055353323616
1,30,4.01212540040398,1.41030565089437,432278.321433766,0.925913663054495,0.16667891583997,3.57866572561137
2,30,4.01212540040398,1.4092212459711,428435.482205861,0.925913663054495,0.165417200856704,3.37011657630915
