rep,id,V,Cl,Emax,H,kdeg,K
1,1,3.95325548038754,2.24066001391243,328452.042268718,0.948484919239526,0.215644376533122,1.72118047203271
2,1,3.95325548038754,2.24376392643733,466584.126759615,0.948484919239526,0.215796771976193,1.84367147518881
1,2,3.95325548038754,2.7314627839352,556173.77916102,0.948484919239526,0.169148782778091,3.91510480912244
2,2,3.95325548038754,2.73879002049543,566919.014414922,0.948484919239526,0.169713167361147,4.02995099892111
1,3,3.95325548038754,2.92947372364942,520781.81324848,0.948484919239526,0.15483733253486,3.47431318658671
2,3,3.95325548038754,2.91914311891083,486396.477607318,0.948484919239526,0.155560733436881,3.3235252343764
1,4,3.95325548038754,1.07375221268112,462194.520039715,0.948484919239526,0.165276724408526,3.57056580794469
2,4,3.95325548038754,1.07468650716196,469497.355982334,0.948484919239526,0.165618027577823,3.54401616160559
1,5,3.95325548038754,2.2935366683627,516712.535678219,0.948484919239526,0.151167301585941,3.2635284107037
2,5,3.95325548038754,2.29230512085469,461971.616502046,0.948484919239526,0.14938938001138,3.43923797426602
1,6,3.95325548038754,1.53709728421325,318106.377116497,0.948484919239526,0.132418301231772,1.72478058562681
2,6,3.95325548038754,1.54170419320055,343716.533800146,0.948484919239526,0.133402954418085,1.75483621823099
1,7,3.95325548038754,1.79021777670813,743152.884845794,0.948484919239526,0.159231780197083,1.77184275227333
2,7,3.95325548038754,1.81028257842695,800725.648680062,0.948484919239526,0.16052874025072,1.9116042633029
1,8,3.95325548038754,1.96400134193102,593932.420727158,0.948484919239526,0.191593304972558,2.70089961583629
2,8,3.95325548038754,1.96122352143608,306219.150752165,0.948484919239526,0.188925669406469,2.28718829252719
1,9,3.95325548038754,1.03029277357775,432216.724011722,0.948484919239526,0.181311112835218,1.71591950403145
2,9,3.95325548038754,1.02744577486546,462128.102963719,0.948484919239526,0.179972894627864,1.62582786416245
1,10,3.95325548038754,1.67126501536572,429581.186492237,0.948484919239526,0.183824526497516,2.95893914832222
2,10,3.95325548038754,1.67336488947136,377589.083402501,0.948484919239526,0.185828068621067,2.66780005044289
1,11,3.95325548038754,1.29830122189061,403495.990598489,0.948484919239526,0.156128895592551,1.73727994441558
2,11,3.95325548038754,1.29337533964043,366790.369163518,0.948484919239526,0.155263603521738,1.68055238294078
1,12,3.95325548038754,0.837162385921376,357434.379316656,0.948484919239526,0.200366036819816,2.41241293472516
2,12,3.95325548038754,0.840617974864131,410141.20140783,0.948484919239526,0.204842665194352,2.48494518018647
1,13,3.95325548038754,1.18203248386686,559095.311914871,0.948484919239526,0.192122067138073,4.7932117323463
2,13,3.95325548038754,1.18294431009341,573936.543726063,0.948484919239526,0.191879153804921,4.99636740141987
1,14,3.95325548038754,2.57938113027866,565438.617258054,0.948484919239526,0.182618673325529,2.78286731082904
2,14,3.95325548038754,2.58183880545202,377067.864225198,0.948484919239526,0.182445966156215,2.50578705910798
1,15,3.95325548038754,1.09510599686916,458094.104515142,0.948484919239526,0.129818454991948,2.22540318803022
2,15,3.95325548038754,1.09512727558156,425934.955625579,0.948484919239526,0.130611695419898,2.1849876981517
1,16,3.95325548038754,1.72798997673131,360389.424489287,0.948484919239526,0.200484591973522,2.72790977174606
2,16,3.95325548038754,1.71843411846926,398661.167635659,0.948484919239526,0.197671148434938,2.85407146809207
1,17,3.95325548038754,1.58442905335057,453231.42775558,0.948484919239526,0.175535400958265,1.54673165850355
2,17,3.95325548038754,1.57348400612739,361270.315007538,0.948484919239526,0.179145496355926,1.52519274806579
1,18,3.95325548038754,0.921094849980584,571484.302825176,0.948484919239526,0.154339968370907,2.96589848514204
2,18,3.95325548038754,0.916026607465704,631667.404037522,0.948484919239526,0.156681939937459,2.97227269724974
1,19,3.95325548038754,2.73246259507196,456258.389741628,0.948484919239526,0.168914679396514,3.53720873589266
2,19,3.95325548038754,2.71772796943924,460362.471972953,0.948484919239526,0.169312922922751,3.47115723544028
1,20,3.95325548038754,1.61849029105201,141953.53078099,0.948484919239526,0.205618608341132,2.48738138594162
2,20,3.95325548038754,1.62193274503455,336286.961174596,0.948484919239526,0.200882129059997,3.43471841350202
1,21,3.95325548038754,2.37683653700697,629747.054395361,0.948484919239526,0.180778194801279,2.08853054736493
2,21,3.95325548038754,2.37049983919679,711595.384484624,0.948484919239526,0.181515905268967,2.19031207811672
1,22,3.95325548038754,0.615706571181535,323752.61406904,0.948484919239526,0.163402339899732,1.84947745323222
2,22,3.95325548038754,0.618668263236646,295917.051290327,0.948484919239526,0.157803697982817,1.85359292822058
1,23,3.95325548038754,1.3082758185868,414284.167589689,0.948484919239526,0.144162716584189,2.67375206816864
2,23,3.95325548038754,1.30643391304344,353771.755319681,0.948484919239526,0.144379417632908,2.4933650614613
1,24,3.95325548038754,1.41993644610699,245621.074132458,0.948484919239526,0.176202820015029,6.06168517029045
2,24,3.95325548038754,1.42201853382282,108655.85313699,0.948484919239526,0.182870938419599,3.15356916822717
1,25,3.95325548038754,1.33807497337494,651876.632465236,0.948484919239526,0.150369632049774,4.19134187699372
2,25,3.95325548038754,1.33847376366871,611137.882827869,0.948484919239526,0.149360080520314,4.34447585195833
1,26,3.95325548038754,1.8134613239989,484463.154752538,0.948484919239526,0.184396669756474,1.54063597097438
2,26,3.95325548038754,1.80772678694618,564607.251128082,0.948484919239526,0.17845556507076,1.7110410485823
1,27,3.95325548038754,1.18717685591209,469106.049138674,0.948484919239526,0.194638930719146,1.48933754240831
2,27,3.95325548038754,1.16409879318795,465507.529515318,0.948484919239526,0.19318274371618,1.46633829378101
1,28,3.95325548038754,2.17139248667808,494344.62311952,0.948484919239526,0.213352498088105,1.56446689485379
2,28,3.95325548038754,2.16524641985629,360313.393077834,0.948484919239526,0.211090306786345,1.68734953519797
1,29,3.95325548038754,0.794373307578918,505710.091824994,0.948484919239526,0.20017958136357,1.3321144234113
2,29,3.95325548038754,0.795462904314271,484923.791697439,0.948484919239526,0.189971359189928,1.45327289199219
1,30,3.95325548038754,3.08618444953404,382845.494443285,0.948484919239526,0.181774330149961,2.9785439254501
2,30,3.95325548038754,3.08527511634918,416672.680814518,0.948484919239526,0.180689255453211,3.09986513060434
