rep,id,V,Cl,Emax,H,kdeg,K
1,1,3.9636529117989,1.44698156600998,466225.397127698,0.922906979941689,0.212079847582737,3.85829635614645
2,1,3.9636529117989,1.44493035786353,195820.875725024,0.922906979941689,0.209246063972136,2.61520131963648
1,2,3.9636529117989,0.714320541385761,535011.733712163,0.922906979941689,0.160939722310475,3.97315240296016
2,2,3.9636529117989,0.715950796450879,495355.574038047,0.922906979941689,0.159645091346734,3.79942073530637
1,3,3.9636529117989,2.23778476679065,309410.945526117,0.922906979941689,0.184014936281411,2.73105769425829
2,3,3.9636529117989,2.23063823308739,330206.874839451,0.922906979941689,0.185056459712434,2.79457408883444
1,4,3.9636529117989,2.73759315145766,423692.187532909,0.922906979941689,0.167860250360161,3.18715567463048
2,4,3.9636529117989,2.73087569849583,356133.179797381,0.922906979941689,0.169052024778158,3.00376601528325
1,5,3.9636529117989,2.24781545512904,361609.49414287,0.922906979941689,0.167999532766185,3.78845512878109
2,5,3.9636529117989,2.244988632389,335103.433213843,0.922906979941689,0.167516331462681,3.75972262313775
1,6,3.9636529117989,2.2651608609105,470233.70977994,0.922906979941689,0.156405476614642,3.25247485055786
2,6,3.9636529117989,2.2658506907529,528936.278967436,0.922906979941689,0.156036587378492,3.52618688684006
1,7,3.9636529117989,1.0553951614874,355546.799435713,0.922906979941689,0.205204185992695,3.04040004669029
2,7,3.9636529117989,1.05480993181611,324672.03975905,0.922906979941689,0.206159873399726,2.97986341367698
1,8,3.9636529117989,3.45231684426077,382862.74342836,0.922906979941689,0.170910767140706,2.50488816235676
2,8,3.9636529117989,3.45151249019832,455815.381343054,0.922906979941689,0.171424350981389,2.5899298953325
1,9,3.9636529117989,1.19834034217538,507503.727471916,0.922906979941689,0.182759300355262,2.35295190940361
2,9,3.9636529117989,1.19625845386146,530636.15860154,0.922906979941689,0.183556992093991,2.38191404005781
1,10,3.9636529117989,1.16002102456595,109027.784879498,0.922906979941689,0.167936863333191,1.91838346670768
2,10,3.9636529117989,1.16272667209513,178447.391823632,0.922906979941689,0.167083053269918,2.16703722266395
1,11,3.9636529117989,1.71515062939103,493182.110724708,0.922906979941689,0.199839985047411,2.47817923300888
2,11,3.9636529117989,1.71253473457378,425238.259712758,0.922906979941689,0.200747599311845,2.33818099775597
1,12,3.9636529117989,1.18362698803316,393343.594343663,0.922906979941689,0.179984896892395,3.76172491864377
2,12,3.9636529117989,1.18142084381276,380048.353927497,0.922906979941689,0.181104333687879,3.81448365198462
1,13,3.9636529117989,1.4071208230207,392158.642822499,0.922906979941689,0.122307184128994,3.17404495841885
2,13,3.9636529117989,1.41165609796192,401632.901173085,0.922906979941689,0.122012924646883,3.23034839487736
1,14,3.9636529117989,0.982117904936835,573149.953038249,0.922906979941689,0.193327724740526,2.9897226003223
2,14,3.9636529117989,0.972468222946573,336230.43010758,0.922906979941689,0.190128930589317,2.63007500368587
1,15,3.9636529117989,1.47640413646094,345055.039635799,0.922906979941689,0.161996812233288,3.61349022794646
2,15,3.9636529117989,1.47638803903371,323114.914285405,0.922906979941689,0.16368889382759,3.3611233013931
1,16,3.9636529117989,1.49719958258072,791859.136199335,0.922906979941689,0.242683234770548,2.41991417745828
2,16,3.9636529117989,1.48104535513013,553409.470077666,0.922906979941689,0.243084772351378,2.2823886151529
1,17,3.9636529117989,0.574781272019551,500587.681039206,0.922906979941689,0.196744280776075,4.27963462447566
2,17,3.9636529117989,0.57284996654937,462906.703413467,0.922906979941689,0.193720679894397,4.59843280093693
1,18,3.9636529117989,1.46896662720932,465675.600603203,0.922906979941689,0.176942765408482,2.52537490661757
2,18,3.9636529117989,1.46782544727454,503920.469202401,0.922906979941689,0.177158142178933,2.58719295930726
1,19,3.9636529117989,2.34616331191828,336078.770423534,0.922906979941689,0.182039875519558,2.89665737549781
2,19,3.9636529117989,2.34390664969994,414497.033120208,0.922906979941689,0.183540927956652,3.01078397018711
1,20,3.9636529117989,1.80619408522004,449870.332440096,0.922906979941689,0.173239360281019,3.73793594499455
2,20,3.9636529117989,1.80751059669696,418632.899837047,0.922906979941689,0.173588479691588,3.66793470500638
1,21,3.9636529117989,1.35293375968818,402477.45031017,0.922906979941689,0.188133487009829,3.04842570157247
2,21,3.9636529117989,1.34591046338746,392919.25448468,0.922906979941689,0.189024686931744,3.13825974188506
1,22,3.9636529117989,1.11745387227353,424267.551136208,0.922906979941689,0.178985092475454,4.39461292688482
2,22,3.9636529117989,1.11897092119874,420188.917542785,0.922906979941689,0.179557009141409,4.25854108728284
1,23,3.9636529117989,1.74865842148391,328338.987234778,0.922906979941689,0.189880306099389,1.87246815363888
2,23,3.9636529117989,1.74111532769916,252961.654906557,0.922906979941689,0.189626709821989,1.649134036857
1,24,3.9636529117989,1.64072422199091,301653.120856599,0.922906979941689,0.185092988244606,2.12056701054488
2,24,3.9636529117989,1.65423874281357,310336.763111872,0.922906979941689,0.184332226488529,2.2644779252862
1,25,3.9636529117989,0.919998203303497,375242.15347197,0.922906979941689,0.154654674714863,2.64831477767591
2,25,3.9636529117989,0.946373097966355,372060.80075202,0.922906979941689,0.157014888425816,2.59388907981137
1,26,3.9636529117989,1.61311943615624,487988.661783986,0.922906979941689,0.173951739411035,2.23794928119713
2,26,3.9636529117989,1.59817014054786,509723.996327799,0.922906979941689,0.172949456462374,2.22893602250365
1,27,3.9636529117989,0.745029780530689,370061.873282133,0.922906979941689,0.16379242271927,4.80256769108187
2,27,3.9636529117989,0.7428205362696,376265.14802996,0.922906979941689,0.162870810200074,4.77389086804352
1,28,3.9636529117989,1.73346485137729,550573.378712109,0.922906979941689,0.175725152124831,1.88559404695499
2,28,3.9636529117989,1.72454210249328,360746.880206159,0.922906979941689,0.177996309987016,1.76096191910481
1,29,3.9636529117989,1.07171240018127,331796.539268461,0.922906979941689,0.172129663293315,2.06913260073472
2,29,3.9636529117989,1.07264537719842,281314.439031994,0.922906979941689,0.176220517879879,1.9310990429491
1,30,3.9636529117989,0.77553025244428,428790.310441656,0.922906979941689,0.14942071955278,3.926609945829
2,30,3.9636529117989,0.775943784692244,448474.830826747,0.922906979941689,0.149003778847391,3.85246852639758
